-0.983333	-0.98	0	0.4	8.20282e-08
-0.983333	-0.94	0	0.4	5.71493e-08
-0.983333	-0.9	0	0.4	4.53404e-08
-0.983333	-0.86	0	0.4	3.27523e-08
-0.983333	-0.82	0	0.4	2.51576e-08
-0.983333	-0.78	0	0.4	8.32038e-06
-0.983333	-0.74	0	0.4	9.13608e-06
-0.983333	-0.7	0	0.4	1.09573e-05
-0.983333	-0.66	0	0.4	1.19313e-05
-0.983333	-0.62	0	0.4	1.31174e-05
-0.983333	-0.58	0	0.4	1.42423e-05
-0.983333	-0.54	0	0.4	1.51054e-05
-0.983333	-0.5	0	0.4	1.57226e-05
-0.983333	-0.46	0	0.4	1.6552e-05
-0.983333	-0.42	0	0.4	1.79834e-05
-0.983333	-0.38	0	0.4	1.8758e-05
-0.983333	-0.34	0	0.4	1.89021e-05
-0.983333	-0.3	0	0.4	1.86894e-05
-0.983333	-0.26	0	0.4	1.93032e-05
-0.983333	-0.22	0	0.4	1.81918e-05
-0.983333	-0.18	0	0.4	1.81745e-05
-0.983333	-0.14	0	0.4	1.74906e-05
-0.983333	-0.1	0	0.4	1.60479e-05
-0.983333	-0.06	0	0.4	1.56739e-05
-0.983333	-0.02	0	0.4	1.44302e-05
-0.983333	0.02	0	0.4	1.34784e-05
-0.983333	0.06	0	0.4	1.18536e-05
-0.983333	0.1	0	0.4	1.047e-05
-0.983333	0.14	0	0.4	9.29636e-06
-0.983333	0.18	0	0.4	8.07185e-06
-0.983333	0.22	0	0.4	7.07837e-06
-0.983333	0.26	0	0.4	5.92861e-06
-0.983333	0.3	0	0.4	5.16918e-06
-0.983333	0.34	0	0.4	4.44607e-06
-0.983333	0.38	0	0.4	3.71168e-06
-0.983333	0.42	0	0.4	2.94011e-06
-0.983333	0.46	0	0.4	2.53873e-06
-0.983333	0.5	0	0.4	2.01144e-06
-0.983333	0.54	0	0.4	1.66287e-06
-0.983333	0.58	0	0.4	1.34841e-06
-0.983333	0.62	0	0.4	1.05645e-06
-0.983333	0.66	0	0.4	8.13065e-07
-0.983333	0.7	0	0.4	6.75137e-07
-0.983333	0.74	0	0.4	4.99855e-07
-0.983333	0.78	0	0.4	4.03803e-07
-0.983333	0.82	0	0.4	3.07131e-07
-0.983333	0.86	0	0.4	2.38909e-07
-0.983333	0.9	0	0.4	1.7931e-07
-0.983333	0.94	0	0.4	1.36812e-07
-0.983333	0.98	0	0.4	1.03339e-07
-0.95	-0.98	0	0.4	6.14827e-08
-0.95	-0.94	0	0.4	4.90211e-08
-0.95	-0.9	0	0.4	3.54629e-08
-0.95	-0.86	0	0.4	2.62209e-08
-0.95	-0.82	0	0.4	1.90218e-08
-0.95	-0.78	0	0.4	6.01731e-06
-0.95	-0.74	0	0.4	6.77396e-06
-0.95	-0.7	0	0.4	7.8208e-06
-0.95	-0.66	0	0.4	8.60321e-06
-0.95	-0.62	0	0.4	9.43625e-06
-0.95	-0.58	0	0.4	1.03458e-05
-0.95	-0.54	0	0.4	1.12318e-05
-0.95	-0.5	0	0.4	1.1557e-05
-0.95	-0.46	0	0.4	1.225e-05
-0.95	-0.42	0	0.4	1.28517e-05
-0.95	-0.38	0	0.4	1.37312e-05
-0.95	-0.34	0	0.4	1.3564e-05
-0.95	-0.3	0	0.4	1.36085e-05
-0.95	-0.26	0	0.4	1.33664e-05
-0.95	-0.22	0	0.4	1.32547e-05
-0.95	-0.18	0	0.4	1.31087e-05
-0.95	-0.14	0	0.4	1.27269e-05
-0.95	-0.1	0	0.4	1.17129e-05
-0.95	-0.06	0	0.4	1.09393e-05
-0.95	-0.02	0	0.4	1.00746e-05
-0.95	0.02	0	0.4	9.2622e-06
-0.95	0.06	0	0.4	8.29877e-06
-0.95	0.1	0	0.4	7.65892e-06
-0.95	0.14	0	0.4	6.77396e-06
-0.95	0.18	0	0.4	5.93044e-06
-0.95	0.22	0	0.4	5.18878e-06
-0.95	0.26	0	0.4	4.40737e-06
-0.95	0.3	0	0.4	3.84461e-06
-0.95	0.34	0	0.4	3.22358e-06
-0.95	0.38	0	0.4	2.67551e-06
-0.95	0.42	0	0.4	2.23157e-06
-0.95	0.46	0	0.4	1.83633e-06
-0.95	0.5	0	0.4	1.51139e-06
-0.95	0.54	0	0.4	1.20012e-06
-0.95	0.58	0	0.4	9.95818e-07
-0.95	0.62	0	0.4	7.94493e-07
-0.95	0.66	0	0.4	6.34692e-07
-0.95	0.7	0	0.4	5.28438e-07
-0.95	0.74	0	0.4	3.88514e-07
-0.95	0.78	0	0.4	3.07569e-07
-0.95	0.82	0	0.4	2.35722e-07
-0.95	0.86	0	0.4	1.81125e-07
-0.95	0.9	0	0.4	1.46185e-07
-0.95	0.94	0	0.4	1.05883e-07
-0.95	0.98	0	0.4	8.39971e-08
-0.916667	-0.98	0	0.4	4.69357e-08
-0.916667	-0.94	0	0.4	3.65248e-08
-0.916667	-0.9	0	0.4	2.7424e-08
-0.916667	-0.86	0	0.4	2.16862e-08
-0.916667	-0.82	0	0.4	1.56756e-08
-0.916667	-0.78	0	0.4	4.24943e-06
-0.916667	-0.74	0	0.4	5.03037e-06
-0.916667	-0.7	0	0.4	5.41508e-06
-0.916667	-0.66	0	0.4	6.22448e-06
-0.916667	-0.62	0	0.4	6.74912e-06
-0.916667	-0.58	0	0.4	7.6005e-06
-0.916667	-0.54	0	0.4	7.7936e-06
-0.916667	-0.5	0	0.4	8.37739e-06
-0.916667	-0.46	0	0.4	9.01001e-06
-0.916667	-0.42	0	0.4	9.2942e-06
-0.916667	-0.38	0	0.4	9.79389e-06
-0.916667	-0.34	0	0.4	9.87498e-06
-0.916667	-0.3	0	0.4	9.45311e-06
-0.916667	-0.26	0	0.4	9.55311e-06
-0.916667	-0.22	0	0.4	9.45224e-06
-0.916667	-0.18	0	0.4	9.15897e-06
-0.916667	-0.14	0	0.4	8.95097e-06
-0.916667	-0.1	0	0.4	8.50075e-06
-0.916667	-0.06	0	0.4	8.04637e-06
-0.916667	-0.02	0	0.4	7.3853e-06
-0.916667	0.02	0	0.4	6.88392e-06
-0.916667	0.06	0	0.4	6.24082e-06
-0.916667	0.1	0	0.4	5.54733e-06
-0.916667	0.14	0	0.4	4.86029e-06
-0.916667	0.18	0	0.4	4.28979e-06
-0.916667	0.22	0	0.4	3.80487e-06
-0.916667	0.26	0	0.4	3.3116e-06
-0.916667	0.3	0	0.4	2.72524e-06
-0.916667	0.34	0	0.4	2.38679e-06
-0.916667	0.38	0	0.4	2.0971e-06
-0.916667	0.42	0	0.4	1.69278e-06
-0.916667	0.46	0	0.4	1.37962e-06
-0.916667	0.5	0	0.4	1.14869e-06
-0.916667	0.54	0	0.4	9.03434e-07
-0.916667	0.58	0	0.4	7.57427e-07
-0.916667	0.62	0	0.4	5.99349e-07
-0.916667	0.66	0	0.4	4.78684e-07
-0.916667	0.7	0	0.4	3.83941e-07
-0.916667	0.74	0	0.4	3.07632e-07
-0.916667	0.78	0	0.4	2.3805e-07
-0.916667	0.82	0	0.4	1.89762e-07
-0.916667	0.86	0	0.4	1.43715e-07
-0.916667	0.9	0	0.4	1.11592e-07
-0.916667	0.94	0	0.4	8.42988e-08
-0.916667	0.98	0	0.4	6.73212e-08
-0.883333	-0.98	0	0.4	3.9396e-08
-0.883333	-0.94	0	0.4	2.94599e-08
-0.883333	-0.9	0	0.4	2.23148e-08
-0.883333	-0.86	0	0.4	1.66784e-08
-0.883333	-0.82	0	0.4	1.26501e-08
-0.883333	-0.78	0	0.4	3.20959e-06
-0.883333	-0.74	0	0.4	3.56494e-06
-0.883333	-0.7	0	0.4	4.07415e-06
-0.883333	-0.66	0	0.4	4.50714e-06
-0.883333	-0.62	0	0.4	4.87017e-06
-0.883333	-0.58	0	0.4	5.29091e-06
-0.883333	-0.54	0	0.4	5.66428e-06
-0.883333	-0.5	0	0.4	6.18408e-06
-0.883333	-0.46	0	0.4	6.45295e-06
-0.883333	-0.42	0	0.4	6.49133e-06
-0.883333	-0.38	0	0.4	6.66767e-06
-0.883333	-0.34	0	0.4	6.97523e-06
-0.883333	-0.3	0	0.4	6.87554e-06
-0.883333	-0.26	0	0.4	6.88296e-06
-0.883333	-0.22	0	0.4	6.60417e-06
-0.883333	-0.18	0	0.4	6.42959e-06
-0.883333	-0.14	0	0.4	6.27488e-06
-0.883333	-0.1	0	0.4	6.1357e-06
-0.883333	-0.06	0	0.4	5.90693e-06
-0.883333	-0.02	0	0.4	5.3544e-06
-0.883333	0.02	0	0.4	4.90914e-06
-0.883333	0.06	0	0.4	4.36518e-06
-0.883333	0.1	0	0.4	4.07415e-06
-0.883333	0.14	0	0.4	3.5697e-06
-0.883333	0.18	0	0.4	3.13808e-06
-0.883333	0.22	0	0.4	2.73591e-06
-0.883333	0.26	0	0.4	2.45567e-06
-0.883333	0.3	0	0.4	2.0884e-06
-0.883333	0.34	0	0.4	1.78599e-06
-0.883333	0.38	0	0.4	1.49065e-06
-0.883333	0.42	0	0.4	1.24034e-06
-0.883333	0.46	0	0.4	1.04578e-06
-0.883333	0.5	0	0.4	8.33969e-07
-0.883333	0.54	0	0.4	7.048e-07
-0.883333	0.58	0	0.4	5.60639e-07
-0.883333	0.62	0	0.4	4.55453e-07
-0.883333	0.66	0	0.4	3.75815e-07
-0.883333	0.7	0	0.4	2.91953e-07
-0.883333	0.74	0	0.4	2.32029e-07
-0.883333	0.78	0	0.4	1.79203e-07
-0.883333	0.82	0	0.4	1.41922e-07
-0.883333	0.86	0	0.4	1.07058e-07
-0.883333	0.9	0	0.4	8.56147e-08
-0.883333	0.94	0	0.4	6.84931e-08
-0.883333	0.98	0	0.4	5.02164e-08
-0.85	-0.98	0	0.4	3.05079e-08
-0.85	-0.94	0	0.4	2.35612e-08
-0.85	-0.9	0	0.4	1.73713e-08
-0.85	-0.86	0	0.4	1.36757e-08
-0.85	-0.82	0	0.4	1.00319e-08
-0.85	-0.78	0	0.4	2.25394e-06
-0.85	-0.74	0	0.4	2.61293e-06
-0.85	-0.7	0	0.4	2.9437e-06
-0.85	-0.66	0	0.4	3.21074e-06
-0.85	-0.62	0	0.4	3.49425e-06
-0.85	-0.58	0	0.4	3.77902e-06
-0.85	-0.54	0	0.4	4.13185e-06
-0.85	-0.5	0	0.4	4.37574e-06
-0.85	-0.46	0	0.4	4.5176e-06
-0.85	-0.42	0	0.4	4.59972e-06
-0.85	-0.38	0	0.4	4.87113e-06
-0.85	-0.34	0	0.4	4.9788e-06
-0.85	-0.3	0	0.4	5.01963e-06
-0.85	-0.26	0	0.4	4.98541e-06
-0.85	-0.22	0	0.4	4.92966e-06
-0.85	-0.18	0	0.4	4.85913e-06
-0.85	-0.14	0	0.4	4.6211e-06
-0.85	-0.1	0	0.4	4.35836e-06
-0.85	-0.06	0	0.4	4.06089e-06
-0.85	-0.02	0	0.4	3.80954e-06
-0.85	0.02	0	0.4	3.43328e-06
-0.85	0.06	0	0.4	3.26211e-06
-0.85	0.1	0	0.4	2.90115e-06
-0.85	0.14	0	0.4	2.56794e-06
-0.85	0.18	0	0.4	2.3582e-06
-0.85	0.22	0	0.4	1.98918e-06
-0.85	0.26	0	0.4	1.79323e-06
-0.85	0.3	0	0.4	1.52148e-06
-0.85	0.34	0	0.4	1.35354e-06
-0.85	0.38	0	0.4	1.10741e-06
-0.85	0.42	0	0.4	8.93822e-07
-0.85	0.46	0	0.4	7.50346e-07
-0.85	0.5	0	0.4	6.40306e-07
-0.85	0.54	0	0.4	5.0222e-07
-0.85	0.58	0	0.4	4.30512e-07
-0.85	0.62	0	0.4	3.36697e-07
-0.85	0.66	0	0.4	2.74187e-07
-0.85	0.7	0	0.4	2.24484e-07
-0.85	0.74	0	0.4	1.72939e-07
-0.85	0.78	0	0.4	1.38801e-07
-0.85	0.82	0	0.4	1.10013e-07
-0.85	0.86	0	0.4	8.5576e-08
-0.85	0.9	0	0.4	6.75417e-08
-0.85	0.94	0	0.4	5.18665e-08
-0.85	0.98	0	0.4	3.9425e-08
-0.816667	-0.98	0	0.4	2.42834e-08
-0.816667	-0.94	0	0.4	1.80683e-08
-0.816667	-0.9	0	0.4	1.39419e-08
-0.816667	-0.86	0	0.4	1.06838e-08
-0.816667	-0.82	0	0.4	7.87106e-09
-0.816667	-0.78	0	0.4	1.69779e-06
-0.816667	-0.74	0	0.4	1.88367e-06
-0.816667	-0.7	0	0.4	2.11735e-06
-0.816667	-0.66	0	0.4	2.34759e-06
-0.816667	-0.62	0	0.4	2.56364e-06
-0.816667	-0.58	0	0.4	2.70919e-06
-0.816667	-0.54	0	0.4	3.00501e-06
-0.816667	-0.5	0	0.4	3.16162e-06
-0.816667	-0.46	0	0.4	3.3002e-06
-0.816667	-0.42	0	0.4	3.4629e-06
-0.816667	-0.38	0	0.4	3.52002e-06
-0.816667	-0.34	0	0.4	3.50631e-06
-0.816667	-0.3	0	0.4	3.55385e-06
-0.816667	-0.26	0	0.4	3.58213e-06
-0.816667	-0.22	0	0.4	3.53867e-06
-0.816667	-0.18	0	0.4	3.35397e-06
-0.816667	-0.14	0	0.4	3.26086e-06
-0.816667	-0.1	0	0.4	3.24077e-06
-0.816667	-0.06	0	0.4	3.05215e-06
-0.816667	-0.02	0	0.4	2.80817e-06
-0.816667	0.02	0	0.4	2.59751e-06
-0.816667	0.06	0	0.4	2.3383e-06
-0.816667	0.1	0	0.4	2.19307e-06
-0.816667	0.14	0	0.4	1.87109e-06
-0.816667	0.18	0	0.4	1.70673e-06
-0.816667	0.22	0	0.4	1.45092e-06
-0.816667	0.26	0	0.4	1.28081e-06
-0.816667	0.3	0	0.4	1.1161e-06
-0.816667	0.34	0	0.4	9.7816e-07
-0.816667	0.38	0	0.4	7.90342e-07
-0.816667	0.42	0	0.4	6.91805e-07
-0.816667	0.46	0	0.4	5.7259e-07
-0.816667	0.5	0	0.4	4.75964e-07
-0.816667	0.54	0	0.4	3.96911e-07
-0.816667	0.58	0	0.4	3.16238e-07
-0.816667	0.62	0	0.4	2.63911e-07
-0.816667	0.66	0	0.4	2.08293e-07
-0.816667	0.7	0	0.4	1.66181e-07
-0.816667	0.74	0	0.4	1.36594e-07
-0.816667	0.78	0	0.4	1.05276e-07
-0.816667	0.82	0	0.4	8.46326e-08
-0.816667	0.86	0	0.4	6.53635e-08
-0.816667	0.9	0	0.4	5.00688e-08
-0.816667	0.94	0	0.4	4.03163e-08
-0.816667	0.98	0	0.4	2.98525e-08
-0.783333	-0.98	0	0.4	8.09644e-06
-0.783333	-0.94	0	0.4	5.14537e-06
-0.783333	-0.9	0	0.4	3.70289e-06
-0.783333	-0.86	0	0.4	2.50897e-06
-0.783333	-0.82	0	0.4	1.68202e-06
-0.783333	-0.78	0	0.4	0.0102943
-0.783333	-0.74	0	0.4	0.0141254
-0.783333	-0.7	0	0.4	0.0180481
-0.783333	-0.66	0	0.4	0.0227472
-0.783333	-0.62	0	0.4	0.0288073
-0.783333	-0.58	0	0.4	0.0350373
-0.783333	-0.54	0	0.4	0.0428104
-0.783333	-0.5	0	0.4	0.0483283
-0.783333	-0.46	0	0.4	0.0573217
-0.783333	-0.42	0	0.4	0.0631252
-0.783333	-0.38	0	0.4	0.0662951
-0.783333	-0.34	0	0.4	0.0719878
-0.783333	-0.3	0	0.4	0.0728898
-0.783333	-0.26	0	0.4	0.0718936
-0.783333	-0.22	0	0.4	0.0690874
-0.783333	-0.18	0	0.4	0.0632925
-0.783333	-0.14	0	0.4	0.0578497
-0.783333	-0.1	0	0.4	0.0498509
-0.783333	-0.06	0	0.4	0.0425839
-0.783333	-0.02	0	0.4	0.0355102
-0.783333	0.02	0	0.4	0.0292707
-0.783333	0.06	0	0.4	0.0229945
-0.783333	0.1	0	0.4	0.0182424
-0.783333	0.14	0	0.4	0.0136558
-0.783333	0.18	0	0.4	0.010595
-0.783333	0.22	0	0.4	0.0080923
-0.783333	0.26	0	0.4	0.00607051
-0.783333	0.3	0	0.4	0.00452073
-0.783333	0.34	0	0.4	0.0032422
-0.783333	0.38	0	0.4	0.00234121
-0.783333	0.42	0	0.4	0.00172205
-0.783333	0.46	0	0.4	0.00117788
-0.783333	0.5	0	0.4	0.00086977
-0.783333	0.54	0	0.4	0.000607485
-0.783333	0.58	0	0.4	0.000435642
-0.783333	0.62	0	0.4	0.00030146
-0.783333	0.66	0	0.4	0.000212664
-0.783333	0.7	0	0.4	0.000150549
-0.783333	0.74	0	0.4	0.000104336
-0.783333	0.78	0	0.4	7.19345e-05
-0.783333	0.82	0	0.4	5.2402e-05
-0.783333	0.86	0	0.4	3.43294e-05
-0.783333	0.9	0	0.4	2.43124e-05
-0.783333	0.94	0	0.4	1.64995e-05
-0.783333	0.98	0	0.4	1.16588e-05
-0.75	-0.98	0	0.4	8.68913e-06
-0.75	-0.94	0	0.4	5.852e-06
-0.75	-0.9	0	0.4	4.09284e-06
-0.75	-0.86	0	0.4	2.7731e-06
-0.75	-0.82	0	0.4	1.92495e-06
-0.75	-0.78	0	0.4	0.0125458
-0.75	-0.74	0	0.4	0.0177734
-0.75	-0.7	0	0.4	0.0239659
-0.75	-0.66	0	0.4	0.0316771
-0.75	-0.62	0	0.4	0.0382012
-0.75	-0.58	0	0.4	0.0477628
-0.75	-0.54	0	0.4	0.057008
-0.75	-0.5	0	0.4	0.0682036
-0.75	-0.46	0	0.4	0.0749777
-0.75	-0.42	0	0.4	0.085469
-0.75	-0.38	0	0.4	0.0890705
-0.75	-0.34	0	0.4	0.0940962
-0.75	-0.3	0	0.4	0.0985466
-0.75	-0.26	0	0.4	0.0980328
-0.75	-0.22	0	0.4	0.0917366
-0.75	-0.18	0	0.4	0.0815432
-0.75	-0.14	0	0.4	0.0756832
-0.75	-0.1	0	0.4	0.0667955
-0.75	-0.06	0	0.4	0.0559606
-0.75	-0.02	0	0.4	0.0464602
-0.75	0.02	0	0.4	0.0376986
-0.75	0.06	0	0.4	0.0305202
-0.75	0.1	0	0.4	0.0226915
-0.75	0.14	0	0.4	0.0184405
-0.75	0.18	0	0.4	0.0135178
-0.75	0.22	0	0.4	0.0100446
-0.75	0.26	0	0.4	0.00750105
-0.75	0.3	0	0.4	0.00535201
-0.75	0.34	0	0.4	0.00398949
-0.75	0.38	0	0.4	0.00279142
-0.75	0.42	0	0.4	0.00208775
-0.75	0.46	0	0.4	0.00144607
-0.75	0.5	0	0.4	0.001049
-0.75	0.54	0	0.4	0.000725612
-0.75	0.58	0	0.4	0.000508549
-0.75	0.62	0	0.4	0.000348149
-0.75	0.66	0	0.4	0.000245687
-0.75	0.7	0	0.4	0.000171283
-0.75	0.74	0	0.4	0.000118166
-0.75	0.78	0	0.4	8.18823e-05
-0.75	0.82	0	0.4	5.64732e-05
-0.75	0.86	0	0.4	3.89288e-05
-0.75	0.9	0	0.4	2.78997e-05
-0.75	0.94	0	0.4	1.78166e-05
-0.75	0.98	0	0.4	1.31532e-05
-0.716667	-0.98	0	0.4	9.66676e-06
-0.716667	-0.94	0	0.4	6.57154e-06
-0.716667	-0.9	0	0.4	4.36142e-06
-0.716667	-0.86	0	0.4	3.03231e-06
-0.716667	-0.82	0	0.4	2.02252e-06
-0.716667	-0.78	0	0.4	0.0168079
-0.716667	-0.74	0	0.4	0.0224761
-0.716667	-0.7	0	0.4	0.0298618
-0.716667	-0.66	0	0.4	0.038814
-0.716667	-0.62	0	0.4	0.0489199
-0.716667	-0.58	0	0.4	0.0609956
-0.716667	-0.54	0	0.4	0.0745608
-0.716667	-0.5	0	0.4	0.0876439
-0.716667	-0.46	0	0.4	0.100977
-0.716667	-0.42	0	0.4	0.114584
-0.716667	-0.38	0	0.4	0.122987
-0.716667	-0.34	0	0.4	0.129406
-0.716667	-0.3	0	0.4	0.126698
-0.716667	-0.26	0	0.4	0.127038
-0.716667	-0.22	0	0.4	0.122665
-0.716667	-0.18	0	0.4	0.112054
-0.716667	-0.14	0	0.4	0.10111
-0.716667	-0.1	0	0.4	0.0876439
-0.716667	-0.06	0	0.4	0.0727017
-0.716667	-0.02	0	0.4	0.0591423
-0.716667	0.02	0	0.4	0.0484663
-0.716667	0.06	0	0.4	0.0383549
-0.716667	0.1	0	0.4	0.0287587
-0.716667	0.14	0	0.4	0.0223564
-0.716667	0.18	0	0.4	0.0167631
-0.716667	0.22	0	0.4	0.0123803
-0.716667	0.26	0	0.4	0.0094944
-0.716667	0.3	0	0.4	0.00649584
-0.716667	0.34	0	0.4	0.00472218
-0.716667	0.38	0	0.4	0.0035218
-0.716667	0.42	0	0.4	0.00244281
-0.716667	0.46	0	0.4	0.00174132
-0.716667	0.5	0	0.4	0.00116551
-0.716667	0.54	0	0.4	0.000808483
-0.716667	0.58	0	0.4	0.00058605
-0.716667	0.62	0	0.4	0.000399084
-0.716667	0.66	0	0.4	0.000281783
-0.716667	0.7	0	0.4	0.000197629
-0.716667	0.74	0	0.4	0.00013217
-0.716667	0.78	0	0.4	9.31966e-05
-0.716667	0.82	0	0.4	6.66701e-05
-0.716667	0.86	0	0.4	4.39784e-05
-0.716667	0.9	0	0.4	3.08427e-05
-0.716667	0.94	0	0.4	2.03543e-05
-0.716667	0.98	0	0.4	1.42047e-05
-0.683333	-0.98	0	0.4	1.03933e-05
-0.683333	-0.94	0	0.4	7.24845e-06
-0.683333	-0.9	0	0.4	5.04154e-06
-0.683333	-0.86	0	0.4	3.4087e-06
-0.683333	-0.82	0	0.4	2.303e-06
-0.683333	-0.78	0	0.4	0.0214208
-0.683333	-0.74	0	0.4	0.0276697
-0.683333	-0.7	0	0.4	0.0373361
-0.683333	-0.66	0	0.4	0.0468815
-0.683333	-0.62	0	0.4	0.0630942
-0.683333	-0.58	0	0.4	0.0760374
-0.683333	-0.54	0	0.4	0.094068
-0.683333	-0.5	0	0.4	0.113852
-0.683333	-0.46	0	0.4	0.129112
-0.683333	-0.42	0	0.4	0.150509
-0.683333	-0.38	0	0.4	0.158288
-0.683333	-0.34	0	0.4	0.164307
-0.683333	-0.3	0	0.4	0.16659
-0.683333	-0.26	0	0.4	0.16786
-0.683333	-0.22	0	0.4	0.157866
-0.683333	-0.18	0	0.4	0.147394
-0.683333	-0.14	0	0.4	0.130676
-0.683333	-0.1	0	0.4	0.114905
-0.683333	-0.06	0	0.4	0.0936887
-0.683333	-0.02	0	0.4	0.0793479
-0.683333	0.02	0	0.4	0.060947
-0.683333	0.06	0	0.4	0.0482357
-0.683333	0.1	0	0.4	0.0363484
-0.683333	0.14	0	0.4	0.0282648
-0.683333	0.18	0	0.4	0.0212276
-0.683333	0.22	0	0.4	0.0154211
-0.683333	0.26	0	0.4	0.0111732
-0.683333	0.3	0	0.4	0.00811872
-0.683333	0.34	0	0.4	0.00565073
-0.683333	0.38	0	0.4	0.00400133
-0.683333	0.42	0	0.4	0.00289686
-0.683333	0.46	0	0.4	0.00201186
-0.683333	0.5	0	0.4	0.00139317
-0.683333	0.54	0	0.4	0.000926462
-0.683333	0.58	0	0.4	0.000655671
-0.683333	0.62	0	0.4	0.000463194
-0.683333	0.66	0	0.4	0.000316037
-0.683333	0.7	0	0.4	0.000223369
-0.683333	0.74	0	0.4	0.000148763
-0.683333	0.78	0	0.4	0.000101993
-0.683333	0.82	0	0.4	7.15304e-05
-0.683333	0.86	0	0.4	5.07861e-05
-0.683333	0.9	0	0.4	3.42263e-05
-0.683333	0.94	0	0.4	2.27603e-05
-0.683333	0.98	0	0.4	1.54612e-05
-0.65	-0.98	0	0.4	1.19042e-05
-0.65	-0.94	0	0.4	8.04193e-06
-0.65	-0.9	0	0.4	5.35754e-06
-0.65	-0.86	0	0.4	3.53664e-06
-0.65	-0.82	0	0.4	2.52139e-06
-0.65	-0.78	0	0.4	0.0244617
-0.65	-0.74	0	0.4	0.0339721
-0.65	-0.7	0	0.4	0.0448871
-0.65	-0.66	0	0.4	0.0612676
-0.65	-0.62	0	0.4	0.078438
-0.65	-0.58	0	0.4	0.101676
-0.65	-0.54	0	0.4	0.119979
-0.65	-0.5	0	0.4	0.145089
-0.65	-0.46	0	0.4	0.173538
-0.65	-0.42	0	0.4	0.190362
-0.65	-0.38	0	0.4	0.201986
-0.65	-0.34	0	0.4	0.216364
-0.65	-0.3	0	0.4	0.221464
-0.65	-0.26	0	0.4	0.220657
-0.65	-0.22	0	0.4	0.203347
-0.65	-0.18	0	0.4	0.186855
-0.65	-0.14	0	0.4	0.169969
-0.65	-0.1	0	0.4	0.140278
-0.65	-0.06	0	0.4	0.124005
-0.65	-0.02	0	0.4	0.0951243
-0.65	0.02	0	0.4	0.0786457
-0.65	0.06	0	0.4	0.0611871
-0.65	0.1	0	0.4	0.0459879
-0.65	0.14	0	0.4	0.0353876
-0.65	0.18	0	0.4	0.0257049
-0.65	0.22	0	0.4	0.0183438
-0.65	0.26	0	0.4	0.0131813
-0.65	0.3	0	0.4	0.00945369
-0.65	0.34	0	0.4	0.00674049
-0.65	0.38	0	0.4	0.00465808
-0.65	0.42	0	0.4	0.00327597
-0.65	0.46	0	0.4	0.00241001
-0.65	0.5	0	0.4	0.00158333
-0.65	0.54	0	0.4	0.00113928
-0.65	0.58	0	0.4	0.000760491
-0.65	0.62	0	0.4	0.000513493
-0.65	0.66	0	0.4	0.000350157
-0.65	0.7	0	0.4	0.000247218
-0.65	0.74	0	0.4	0.000165968
-0.65	0.78	0	0.4	0.000118785
-0.65	0.82	0	0.4	8.19871e-05
-0.65	0.86	0	0.4	5.42063e-05
-0.65	0.9	0	0.4	3.75801e-05
-0.65	0.94	0	0.4	2.58525e-05
-0.65	0.98	0	0.4	1.70612e-05
-0.616667	-0.98	0	0.4	1.25305e-05
-0.616667	-0.94	0	0.4	8.5128e-06
-0.616667	-0.9	0	0.4	5.68748e-06
-0.616667	-0.86	0	0.4	4.14087e-06
-0.616667	-0.82	0	0.4	2.70945e-06
-0.616667	-0.78	0	0.4	0.0297953
-0.616667	-0.74	0	0.4	0.0418213
-0.616667	-0.7	0	0.4	0.056094
-0.616667	-0.66	0	0.4	0.0748142
-0.616667	-0.62	0	0.4	0.0958
-0.616667	-0.58	0	0.4	0.12399
-0.616667	-0.54	0	0.4	0.148475
-0.616667	-0.5	0	0.4	0.178485
-0.616667	-0.46	0	0.4	0.211825
-0.616667	-0.42	0	0.4	0.230224
-0.616667	-0.38	0	0.4	0.256488
-0.616667	-0.34	0	0.4	0.271842
-0.616667	-0.3	0	0.4	0.281558
-0.616667	-0.26	0	0.4	0.268232
-0.616667	-0.22	0	0.4	0.257518
-0.616667	-0.18	0	0.4	0.236856
-0.616667	-0.14	0	0.4	0.212668
-0.616667	-0.1	0	0.4	0.186224
-0.616667	-0.06	0	0.4	0.156544
-0.616667	-0.02	0	0.4	0.123337
-0.616667	0.02	0	0.4	0.0969589
-0.616667	0.06	0	0.4	0.0758051
-0.616667	0.1	0	0.4	0.0546748
-0.616667	0.14	0	0.4	0.0423192
-0.616667	0.18	0	0.4	0.0300375
-0.616667	0.22	0	0.4	0.0220063
-0.616667	0.26	0	0.4	0.0157917
-0.616667	0.3	0	0.4	0.0109301
-0.616667	0.34	0	0.4	0.0078826
-0.616667	0.38	0	0.4	0.00549039
-0.616667	0.42	0	0.4	0.003761
-0.616667	0.46	0	0.4	0.00270523
-0.616667	0.5	0	0.4	0.00179697
-0.616667	0.54	0	0.4	0.00128142
-0.616667	0.58	0	0.4	0.000871683
-0.616667	0.62	0	0.4	0.000599478
-0.616667	0.66	0	0.4	0.000401855
-0.616667	0.7	0	0.4	0.000280922
-0.616667	0.74	0	0.4	0.000192748
-0.616667	0.78	0	0.4	0.000131223
-0.616667	0.82	0	0.4	8.88857e-05
-0.616667	0.86	0	0.4	6.10132e-05
-0.616667	0.9	0	0.4	3.94215e-05
-0.616667	0.94	0	0.4	2.76055e-05
-0.616667	0.98	0	0.4	1.85562e-05
-0.583333	-0.98	0	0.4	1.37982e-05
-0.583333	-0.94	0	0.4	9.10984e-06
-0.583333	-0.9	0	0.4	6.23093e-06
-0.583333	-0.86	0	0.4	4.30951e-06
-0.583333	-0.82	0	0.4	2.84976e-06
-0.583333	-0.78	0	0.4	0.0353442
-0.583333	-0.74	0	0.4	0.0478165
-0.583333	-0.7	0	0.4	0.068466
-0.583333	-0.66	0	0.4	0.0931506
-0.583333	-0.62	0	0.4	0.118176
-0.583333	-0.58	0	0.4	0.153667
-0.583333	-0.54	0	0.4	0.183976
-0.583333	-0.5	0	0.4	0.220708
-0.583333	-0.46	0	0.4	0.252409
-0.583333	-0.42	0	0.4	0.296921
-0.583333	-0.38	0	0.4	0.318397
-0.583333	-0.34	0	0.4	0.32613
-0.583333	-0.3	0	0.4	0.34645
-0.583333	-0.26	0	0.4	0.337238
-0.583333	-0.22	0	0.4	0.322203
-0.583333	-0.18	0	0.4	0.293418
-0.583333	-0.14	0	0.4	0.261758
-0.583333	-0.1	0	0.4	0.218921
-0.583333	-0.06	0	0.4	0.188439
-0.583333	-0.02	0	0.4	0.142662
-0.583333	0.02	0	0.4	0.114567
-0.583333	0.06	0	0.4	0.0912299
-0.583333	0.1	0	0.4	0.0679269
-0.583333	0.14	0	0.4	0.0490053
-0.583333	0.18	0	0.4	0.0357746
-0.583333	0.22	0	0.4	0.0261414
-0.583333	0.26	0	0.4	0.0176228
-0.583333	0.3	0	0.4	0.012642
-0.583333	0.34	0	0.4	0.00881722
-0.583333	0.38	0	0.4	0.00639063
-0.583333	0.42	0	0.4	0.0042955
-0.583333	0.46	0	0.4	0.00300877
-0.583333	0.5	0	0.4	0.00193817
-0.583333	0.54	0	0.4	0.00144246
-0.583333	0.58	0	0.4	0.00094764
-0.583333	0.62	0	0.4	0.000639484
-0.583333	0.66	0	0.4	0.0004705
-0.583333	0.7	0	0.4	0.000306321
-0.583333	0.74	0	0.4	0.000206455
-0.583333	0.78	0	0.4	0.000139361
-0.583333	0.82	0	0.4	9.841e-05
-0.583333	0.86	0	0.4	6.52062e-05
-0.583333	0.9	0	0.4	4.36139e-05
-0.583333	0.94	0	0.4	2.96983e-05
-0.583333	0.98	0	0.4	1.99958e-05
-0.55	-0.98	0	0.4	1.43345e-05
-0.55	-0.94	0	0.4	9.80437e-06
-0.55	-0.9	0	0.4	6.7988e-06
-0.55	-0.86	0	0.4	4.40144e-06
-0.55	-0.82	0	0.4	3.02328e-06
-0.55	-0.78	0	0.4	0.0425715
-0.55	-0.74	0	0.4	0.0593657
-0.55	-0.7	0	0.4	0.0817437
-0.55	-0.66	0	0.4	0.108456
-0.55	-0.62	0	0.4	0.139331
-0.55	-0.58	0	0.4	0.180461
-0.55	-0.54	0	0.4	0.223804
-0.55	-0.5	0	0.4	0.265778
-0.55	-0.46	0	0.4	0.313743
-0.55	-0.42	0	0.4	0.359134
-0.55	-0.38	0	0.4	0.364244
-0.55	-0.34	0	0.4	0.406785
-0.55	-0.3	0	0.4	0.405782
-0.55	-0.26	0	0.4	0.399331
-0.55	-0.22	0	0.4	0.377434
-0.55	-0.18	0	0.4	0.34417
-0.55	-0.14	0	0.4	0.309577
-0.55	-0.1	0	0.4	0.275462
-0.55	-0.06	0	0.4	0.214852
-0.55	-0.02	0	0.4	0.180461
-0.55	0.02	0	0.4	0.144214
-0.55	0.06	0	0.4	0.110742
-0.55	0.1	0	0.4	0.0783421
-0.55	0.14	0	0.4	0.0599865
-0.55	0.18	0	0.4	0.0419577
-0.55	0.22	0	0.4	0.0292469
-0.55	0.26	0	0.4	0.0212153
-0.55	0.3	0	0.4	0.0147137
-0.55	0.34	0	0.4	0.0105482
-0.55	0.38	0	0.4	0.00703309
-0.55	0.42	0	0.4	0.00472964
-0.55	0.46	0	0.4	0.00319108
-0.55	0.5	0	0.4	0.00226139
-0.55	0.54	0	0.4	0.00153971
-0.55	0.58	0	0.4	0.0010787
-0.55	0.62	0	0.4	0.000718763
-0.55	0.66	0	0.4	0.000499473
-0.55	0.7	0	0.4	0.000341254
-0.55	0.74	0	0.4	0.000221883
-0.55	0.78	0	0.4	0.000153173
-0.55	0.82	0	0.4	0.000104255
-0.55	0.86	0	0.4	7.19277e-05
-0.55	0.9	0	0.4	4.82611e-05
-0.55	0.94	0	0.4	3.2404e-05
-0.55	0.98	0	0.4	2.18596e-05
-0.516667	-0.98	0	0.4	1.59063e-05
-0.516667	-0.94	0	0.4	1.02351e-05
-0.516667	-0.9	0	0.4	6.91266e-06
-0.516667	-0.86	0	0.4	4.68621e-06
-0.516667	-0.82	0	0.4	3.23483e-06
-0.516667	-0.78	0	0.4	0.0464835
-0.516667	-0.74	0	0.4	0.0687436
-0.516667	-0.7	0	0.4	0.0890516
-0.516667	-0.66	0	0.4	0.129683
-0.516667	-0.62	0	0.4	0.162077
-0.516667	-0.58	0	0.4	0.205097
-0.516667	-0.54	0	0.4	0.269994
-0.516667	-0.5	0	0.4	0.314146
-0.516667	-0.46	0	0.4	0.370574
-0.516667	-0.42	0	0.4	0.406661
-0.516667	-0.38	0	0.4	0.44725
-0.516667	-0.34	0	0.4	0.463684
-0.516667	-0.3	0	0.4	0.486031
-0.516667	-0.26	0	0.4	0.46927
-0.516667	-0.22	0	0.4	0.431848
-0.516667	-0.18	0	0.4	0.405019
-0.516667	-0.14	0	0.4	0.36373
-0.516667	-0.1	0	0.4	0.31499
-0.516667	-0.06	0	0.4	0.264025
-0.516667	-0.02	0	0.4	0.215832
-0.516667	0.02	0	0.4	0.16494
-0.516667	0.06	0	0.4	0.125176
-0.516667	0.1	0	0.4	0.0915218
-0.516667	0.14	0	0.4	0.0665029
-0.516667	0.18	0	0.4	0.0475719
-0.516667	0.22	0	0.4	0.0336593
-0.516667	0.26	0	0.4	0.0235579
-0.516667	0.3	0	0.4	0.0166301
-0.516667	0.34	0	0.4	0.0116546
-0.516667	0.38	0	0.4	0.00773531
-0.516667	0.42	0	0.4	0.00511012
-0.516667	0.46	0	0.4	0.00374555
-0.516667	0.5	0	0.4	0.00256122
-0.516667	0.54	0	0.4	0.00165386
-0.516667	0.58	0	0.4	0.0011473
-0.516667	0.62	0	0.4	0.000773868
-0.516667	0.66	0	0.4	0.000527035
-0.516667	0.7	0	0.4	0.000359552
-0.516667	0.74	0	0.4	0.000239635
-0.516667	0.78	0	0.4	0.000160871
-0.516667	0.82	0	0.4	0.000109977
-0.516667	0.86	0	0.4	7.39467e-05
-0.516667	0.9	0	0.4	5.10306e-05
-0.516667	0.94	0	0.4	3.32942e-05
-0.516667	0.98	0	0.4	2.28117e-05
-0.483333	-0.98	0	0.4	1.64198e-05
-0.483333	-0.94	0	0.4	1.07726e-05
-0.483333	-0.9	0	0.4	7.32411e-06
-0.483333	-0.86	0	0.4	4.84721e-06
-0.483333	-0.82	0	0.4	3.26373e-06
-0.483333	-0.78	0	0.4	0.0560246
-0.483333	-0.74	0	0.4	0.0762233
-0.483333	-0.7	0	0.4	0.104735
-0.483333	-0.66	0	0.4	0.148626
-0.483333	-0.62	0	0.4	0.196172
-0.483333	-0.58	0	0.4	0.242903
-0.483333	-0.54	0	0.4	0.293292
-0.483333	-0.5	0	0.4	0.358833
-0.483333	-0.46	0	0.4	0.415389
-0.483333	-0.42	0	0.4	0.466081
-0.483333	-0.38	0	0.4	0.512521
-0.483333	-0.34	0	0.4	0.522711
-0.483333	-0.3	0	0.4	0.549116
-0.483333	-0.26	0	0.4	0.538913
-0.483333	-0.22	0	0.4	0.523297
-0.483333	-0.18	0	0.4	0.476688
-0.483333	-0.14	0	0.4	0.425453
-0.483333	-0.1	0	0.4	0.359316
-0.483333	-0.06	0	0.4	0.300957
-0.483333	-0.02	0	0.4	0.24063
-0.483333	0.02	0	0.4	0.194656
-0.483333	0.06	0	0.4	0.142895
-0.483333	0.1	0	0.4	0.106424
-0.483333	0.14	0	0.4	0.0759184
-0.483333	0.18	0	0.4	0.0527036
-0.483333	0.22	0	0.4	0.0368242
-0.483333	0.26	0	0.4	0.027493
-0.483333	0.3	0	0.4	0.0185339
-0.483333	0.34	0	0.4	0.0120369
-0.483333	0.38	0	0.4	0.0085811
-0.483333	0.42	0	0.4	0.00587852
-0.483333	0.46	0	0.4	0.0038379
-0.483333	0.5	0	0.4	0.00269015
-0.483333	0.54	0	0.4	0.00178143
-0.483333	0.58	0	0.4	0.00123676
-0.483333	0.62	0	0.4	0.000865008
-0.483333	0.66	0	0.4	0.000570082
-0.483333	0.7	0	0.4	0.000378764
-0.483333	0.74	0	0.4	0.000256223
-0.483333	0.78	0	0.4	0.000172777
-0.483333	0.82	0	0.4	0.000118475
-0.483333	0.86	0	0.4	7.81501e-05
-0.483333	0.9	0	0.4	5.38342e-05
-0.483333	0.94	0	0.4	3.46345e-05
-0.483333	0.98	0	0.4	2.41758e-05
-0.45	-0.98	0	0.4	1.69182e-05
-0.45	-0.94	0	0.4	1.1143e-05
-0.45	-0.9	0	0.4	7.6488e-06
-0.45	-0.86	0	0.4	5.06376e-06
-0.45	-0.82	0	0.4	3.48821e-06
-0.45	-0.78	0	0.4	0.0585001
-0.45	-0.74	0	0.4	0.083304
-0.45	-0.7	0	0.4	0.118229
-0.45	-0.66	0	0.4	0.163537
-0.45	-0.62	0	0.4	0.218538
-0.45	-0.58	0	0.4	0.272442
-0.45	-0.54	0	0.4	0.336223
-0.45	-0.5	0	0.4	0.416062
-0.45	-0.46	0	0.4	0.46381
-0.45	-0.42	0	0.4	0.52772
-0.45	-0.38	0	0.4	0.565931
-0.45	-0.34	0	0.4	0.587955
-0.45	-0.3	0	0.4	0.574315
-0.45	-0.26	0	0.4	0.594194
-0.45	-0.22	0	0.4	0.559958
-0.45	-0.18	0	0.4	0.524946
-0.45	-0.14	0	0.4	0.470668
-0.45	-0.1	0	0.4	0.410651
-0.45	-0.06	0	0.4	0.344368
-0.45	-0.02	0	0.4	0.273901
-0.45	0.02	0	0.4	0.2157
-0.45	0.06	0	0.4	0.158614
-0.45	0.1	0	0.4	0.1165
-0.45	0.14	0	0.4	0.0849995
-0.45	0.18	0	0.4	0.0604181
-0.45	0.22	0	0.4	0.0423483
-0.45	0.26	0	0.4	0.0286317
-0.45	0.3	0	0.4	0.0199024
-0.45	0.34	0	0.4	0.0137075
-0.45	0.38	0	0.4	0.00940475
-0.45	0.42	0	0.4	0.00629196
-0.45	0.46	0	0.4	0.00419976
-0.45	0.5	0	0.4	0.00286336
-0.45	0.54	0	0.4	0.00195748
-0.45	0.58	0	0.4	0.0012913
-0.45	0.62	0	0.4	0.000871944
-0.45	0.66	0	0.4	0.000597943
-0.45	0.7	0	0.4	0.000401156
-0.45	0.74	0	0.4	0.000273335
-0.45	0.78	0	0.4	0.000184451
-0.45	0.82	0	0.4	0.000122637
-0.45	0.86	0	0.4	8.26015e-05
-0.45	0.9	0	0.4	5.40731e-05
-0.45	0.94	0	0.4	3.6802e-05
-0.45	0.98	0	0.4	2.54389e-05
-0.416667	-0.98	0	0.4	1.74249e-05
-0.416667	-0.94	0	0.4	1.12624e-05
-0.416667	-0.9	0	0.4	7.95702e-06
-0.416667	-0.86	0	0.4	5.31991e-06
-0.416667	-0.82	0	0.4	3.51884e-06
-0.416667	-0.78	0	0.4	0.0662953
-0.416667	-0.74	0	0.4	0.0939947
-0.416667	-0.7	0	0.4	0.126526
-0.416667	-0.66	0	0.4	0.176898
-0.416667	-0.62	0	0.4	0.229217
-0.416667	-0.58	0	0.4	0.304868
-0.416667	-0.54	0	0.4	0.378109
-0.416667	-0.5	0	0.4	0.433675
-0.416667	-0.46	0	0.4	0.519794
-0.416667	-0.42	0	0.4	0.566767
-0.416667	-0.38	0	0.4	0.598566
-0.416667	-0.34	0	0.4	0.644134
-0.416667	-0.3	0	0.4	0.640552
-0.416667	-0.26	0	0.4	0.622184
-0.416667	-0.22	0	0.4	0.616361
-0.416667	-0.18	0	0.4	0.568273
-0.416667	-0.14	0	0.4	0.506901
-0.416667	-0.1	0	0.4	0.440765
-0.416667	-0.06	0	0.4	0.375136
-0.416667	-0.02	0	0.4	0.301668
-0.416667	0.02	0	0.4	0.235757
-0.416667	0.06	0	0.4	0.176898
-0.416667	0.1	0	0.4	0.129104
-0.416667	0.14	0	0.4	0.0932556
-0.416667	0.18	0	0.4	0.0670763
-0.416667	0.22	0	0.4	0.0451948
-0.416667	0.26	0	0.4	0.0315888
-0.416667	0.3	0	0.4	0.0214404
-0.416667	0.34	0	0.4	0.0146737
-0.416667	0.38	0	0.4	0.0097836
-0.416667	0.42	0	0.4	0.00670902
-0.416667	0.46	0	0.4	0.00443532
-0.416667	0.5	0	0.4	0.0030645
-0.416667	0.54	0	0.4	0.00207857
-0.416667	0.58	0	0.4	0.00135362
-0.416667	0.62	0	0.4	0.000919532
-0.416667	0.66	0	0.4	0.000630131
-0.416667	0.7	0	0.4	0.000415858
-0.416667	0.74	0	0.4	0.00027502
-0.416667	0.78	0	0.4	0.000190118
-0.416667	0.82	0	0.4	0.000126038
-0.416667	0.86	0	0.4	8.37544e-05
-0.416667	0.9	0	0.4	5.75544e-05
-0.416667	0.94	0	0.4	3.91135e-05
-0.416667	0.98	0	0.4	2.54009e-05
-0.383333	-0.98	0	0.4	1.82732e-05
-0.383333	-0.94	0	0.4	1.17643e-05
-0.383333	-0.9	0	0.4	8.27656e-06
-0.383333	-0.86	0	0.4	5.48005e-06
-0.383333	-0.82	0	0.4	3.69984e-06
-0.383333	-0.78	0	0.4	0.0702816
-0.383333	-0.74	0	0.4	0.0995325
-0.383333	-0.7	0	0.4	0.139776
-0.383333	-0.66	0	0.4	0.182267
-0.383333	-0.62	0	0.4	0.247434
-0.383333	-0.58	0	0.4	0.329677
-0.383333	-0.54	0	0.4	0.395964
-0.383333	-0.5	0	0.4	0.46775
-0.383333	-0.46	0	0.4	0.542999
-0.383333	-0.42	0	0.4	0.609063
-0.383333	-0.38	0	0.4	0.645515
-0.383333	-0.34	0	0.4	0.701142
-0.383333	-0.3	0	0.4	0.679901
-0.383333	-0.26	0	0.4	0.667071
-0.383333	-0.22	0	0.4	0.657533
-0.383333	-0.18	0	0.4	0.599471
-0.383333	-0.14	0	0.4	0.526392
-0.383333	-0.1	0	0.4	0.463967
-0.383333	-0.06	0	0.4	0.407095
-0.383333	-0.02	0	0.4	0.327533
-0.383333	0.02	0	0.4	0.244429
-0.383333	0.06	0	0.4	0.193831
-0.383333	0.1	0	0.4	0.141431
-0.383333	0.14	0	0.4	0.101242
-0.383333	0.18	0	0.4	0.070651
-0.383333	0.22	0	0.4	0.0485964
-0.383333	0.26	0	0.4	0.0328013
-0.383333	0.3	0	0.4	0.0225243
-0.383333	0.34	0	0.4	0.0154337
-0.383333	0.38	0	0.4	0.0104839
-0.383333	0.42	0	0.4	0.00688155
-0.383333	0.46	0	0.4	0.0047566
-0.383333	0.5	0	0.4	0.0031427
-0.383333	0.54	0	0.4	0.0021023
-0.383333	0.58	0	0.4	0.00143213
-0.383333	0.62	0	0.4	0.000957055
-0.383333	0.66	0	0.4	0.000636764
-0.383333	0.7	0	0.4	0.000434495
-0.383333	0.74	0	0.4	0.00028975
-0.383333	0.78	0	0.4	0.000199694
-0.383333	0.82	0	0.4	0.000129829
-0.383333	0.86	0	0.4	8.67727e-05
-0.383333	0.9	0	0.4	5.77533e-05
-0.383333	0.94	0	0.4	3.8539e-05
-0.383333	0.98	0	0.4	2.72378e-05
-0.35	-0.98	0	0.4	1.79789e-05
-0.35	-0.94	0	0.4	1.2055e-05
-0.35	-0.9	0	0.4	8.16981e-06
-0.35	-0.86	0	0.4	5.52147e-06
-0.35	-0.82	0	0.4	3.62877e-06
-0.35	-0.78	0	0.4	0.073862
-0.35	-0.74	0	0.4	0.103429
-0.35	-0.7	0	0.4	0.147398
-0.35	-0.66	0	0.4	0.19984
-0.35	-0.62	0	0.4	0.259199
-0.35	-0.58	0	0.4	0.341996
-0.35	-0.54	0	0.4	0.413952
-0.35	-0.5	0	0.4	0.489394
-0.35	-0.46	0	0.4	0.57007
-0.35	-0.42	0	0.4	0.631191
-0.35	-0.38	0	0.4	0.678285
-0.35	-0.34	0	0.4	0.72843
-0.35	-0.3	0	0.4	0.728166
-0.35	-0.26	0	0.4	0.741538
-0.35	-0.22	0	0.4	0.682753
-0.35	-0.18	0	0.4	0.609569
-0.35	-0.14	0	0.4	0.556532
-0.35	-0.1	0	0.4	0.506496
-0.35	-0.06	0	0.4	0.432793
-0.35	-0.02	0	0.4	0.345137
-0.35	0.02	0	0.4	0.259548
-0.35	0.06	0	0.4	0.206159
-0.35	0.1	0	0.4	0.147398
-0.35	0.14	0	0.4	0.106177
-0.35	0.18	0	0.4	0.0734768
-0.35	0.22	0	0.4	0.0492374
-0.35	0.26	0	0.4	0.0342461
-0.35	0.3	0	0.4	0.0233132
-0.35	0.34	0	0.4	0.0157968
-0.35	0.38	0	0.4	0.0106266
-0.35	0.42	0	0.4	0.00723817
-0.35	0.46	0	0.4	0.00485761
-0.35	0.5	0	0.4	0.00309611
-0.35	0.54	0	0.4	0.00218162
-0.35	0.58	0	0.4	0.00146271
-0.35	0.62	0	0.4	0.000969861
-0.35	0.66	0	0.4	0.000662192
-0.35	0.7	0	0.4	0.000449547
-0.35	0.74	0	0.4	0.000299558
-0.35	0.78	0	0.4	0.000200116
-0.35	0.82	0	0.4	0.00013706
-0.35	0.86	0	0.4	9.26313e-05
-0.35	0.9	0	0.4	6.31591e-05
-0.35	0.94	0	0.4	4.20833e-05
-0.35	0.98	0	0.4	2.63086e-05
-0.316667	-0.98	0	0.4	1.80089e-05
-0.316667	-0.94	0	0.4	1.24643e-05
-0.316667	-0.9	0	0.4	8.31154e-06
-0.316667	-0.86	0	0.4	5.79912e-06
-0.316667	-0.82	0	0.4	3.64134e-06
-0.316667	-0.78	0	0.4	0.0698241
-0.316667	-0.74	0	0.4	0.108531
-0.316667	-0.7	0	0.4	0.1433
-0.316667	-0.66	0	0.4	0.202364
-0.316667	-0.62	0	0.4	0.266717
-0.316667	-0.58	0	0.4	0.359537
-0.316667	-0.54	0	0.4	0.421485
-0.316667	-0.5	0	0.4	0.49914
-0.316667	-0.46	0	0.4	0.561722
-0.316667	-0.42	0	0.4	0.651445
-0.316667	-0.38	0	0.4	0.666124
-0.316667	-0.34	0	0.4	0.717479
-0.316667	-0.3	0	0.4	0.726998
-0.316667	-0.26	0	0.4	0.729966
-0.316667	-0.22	0	0.4	0.678899
-0.316667	-0.18	0	0.4	0.614971
-0.316667	-0.14	0	0.4	0.572465
-0.316667	-0.1	0	0.4	0.495109
-0.316667	-0.06	0	0.4	0.426017
-0.316667	-0.02	0	0.4	0.344843
-0.316667	0.02	0	0.4	0.264927
-0.316667	0.06	0	0.4	0.2091
-0.316667	0.1	0	0.4	0.152748
-0.316667	0.14	0	0.4	0.105442
-0.316667	0.18	0	0.4	0.0713976
-0.316667	0.22	0	0.4	0.051387
-0.316667	0.26	0	0.4	0.0343895
-0.316667	0.3	0	0.4	0.0240202
-0.316667	0.34	0	0.4	0.0155962
-0.316667	0.38	0	0.4	0.010828
-0.316667	0.42	0	0.4	0.00731063
-0.316667	0.46	0	0.4	0.00506608
-0.316667	0.5	0	0.4	0.00330187
-0.316667	0.54	0	0.4	0.00224302
-0.316667	0.58	0	0.4	0.00151095
-0.316667	0.62	0	0.4	0.00100155
-0.316667	0.66	0	0.4	0.000668998
-0.316667	0.7	0	0.4	0.000440825
-0.316667	0.74	0	0.4	0.000298767
-0.316667	0.78	0	0.4	0.000196008
-0.316667	0.82	0	0.4	0.000127085
-0.316667	0.86	0	0.4	9.26775e-05
-0.316667	0.9	0	0.4	6.10767e-05
-0.316667	0.94	0	0.4	4.04554e-05
-0.316667	0.98	0	0.4	2.74103e-05
-0.283333	-0.98	0	0.4	1.81795e-05
-0.283333	-0.94	0	0.4	1.22846e-05
-0.283333	-0.9	0	0.4	8.4977e-06
-0.283333	-0.86	0	0.4	5.38071e-06
-0.283333	-0.82	0	0.4	3.61182e-06
-0.283333	-0.78	0	0.4	0.0756264
-0.283333	-0.74	0	0.4	0.107969
-0.283333	-0.7	0	0.4	0.153929
-0.283333	-0.66	0	0.4	0.204519
-0.283333	-0.62	0	0.4	0.268865
-0.283333	-0.58	0	0.4	0.34117
-0.283333	-0.54	0	0.4	0.429983
-0.283333	-0.5	0	0.4	0.519293
-0.283333	-0.46	0	0.4	0.582441
-0.283333	-0.42	0	0.4	0.650597
-0.283333	-0.38	0	0.4	0.719961
-0.283333	-0.34	0	0.4	0.734768
-0.283333	-0.3	0	0.4	0.740808
-0.283333	-0.26	0	0.4	0.732847
-0.283333	-0.22	0	0.4	0.687111
-0.283333	-0.18	0	0.4	0.621757
-0.283333	-0.14	0	0.4	0.584743
-0.283333	-0.1	0	0.4	0.501155
-0.283333	-0.06	0	0.4	0.429983
-0.283333	-0.02	0	0.4	0.351272
-0.283333	0.02	0	0.4	0.266001
-0.283333	0.06	0	0.4	0.210717
-0.283333	0.1	0	0.4	0.150189
-0.283333	0.14	0	0.4	0.102494
-0.283333	0.18	0	0.4	0.0732662
-0.283333	0.22	0	0.4	0.0525425
-0.283333	0.26	0	0.4	0.0353202
-0.283333	0.3	0	0.4	0.0240835
-0.283333	0.34	0	0.4	0.0163031
-0.283333	0.38	0	0.4	0.0108136
-0.283333	0.42	0	0.4	0.00728143
-0.283333	0.46	0	0.4	0.00490245
-0.283333	0.5	0	0.4	0.00334583
-0.283333	0.54	0	0.4	0.00223122
-0.283333	0.58	0	0.4	0.00147134
-0.283333	0.62	0	0.4	0.00100287
-0.283333	0.66	0	0.4	0.000684141
-0.283333	0.7	0	0.4	0.00044859
-0.283333	0.74	0	0.4	0.000315588
-0.283333	0.78	0	0.4	0.000207554
-0.283333	0.82	0	0.4	0.000140045
-0.283333	0.86	0	0.4	8.96607e-05
-0.283333	0.9	0	0.4	6.12385e-05
-0.283333	0.94	0	0.4	4.13773e-05
-0.283333	0.98	0	0.4	2.79192e-05
-0.25	-0.98	0	0.4	1.82689e-05
-0.25	-0.94	0	0.4	1.20874e-05
-0.25	-0.9	0	0.4	8.41968e-06
-0.25	-0.86	0	0.4	5.4122e-06
-0.25	-0.82	0	0.4	3.66784e-06
-0.25	-0.78	0	0.4	0.0733805
-0.25	-0.74	0	0.4	0.101369
-0.25	-0.7	0	0.4	0.143934
-0.25	-0.66	0	0.4	0.20221
-0.25	-0.62	0	0.4	0.264795
-0.25	-0.58	0	0.4	0.337059
-0.25	-0.54	0	0.4	0.417831
-0.25	-0.5	0	0.4	0.494656
-0.25	-0.46	0	0.4	0.559541
-0.25	-0.42	0	0.4	0.623707
-0.25	-0.38	0	0.4	0.666668
-0.25	-0.34	0	0.4	0.71345
-0.25	-0.3	0	0.4	0.72626
-0.25	-0.26	0	0.4	0.702214
-0.25	-0.22	0	0.4	0.675604
-0.25	-0.18	0	0.4	0.644497
-0.25	-0.14	0	0.4	0.558789
-0.25	-0.1	0	0.4	0.494656
-0.25	-0.06	0	0.4	0.416168
-0.25	-0.02	0	0.4	0.337956
-0.25	0.02	0	0.4	0.264795
-0.25	0.06	0	0.4	0.199314
-0.25	0.1	0	0.4	0.143357
-0.25	0.14	0	0.4	0.0994461
-0.25	0.18	0	0.4	0.0720323
-0.25	0.22	0	0.4	0.0499037
-0.25	0.26	0	0.4	0.0348397
-0.25	0.3	0	0.4	0.0229713
-0.25	0.34	0	0.4	0.0154598
-0.25	0.38	0	0.4	0.0106551
-0.25	0.42	0	0.4	0.00742991
-0.25	0.46	0	0.4	0.00492212
-0.25	0.5	0	0.4	0.00326089
-0.25	0.54	0	0.4	0.00219035
-0.25	0.58	0	0.4	0.00147444
-0.25	0.62	0	0.4	0.000984297
-0.25	0.66	0	0.4	0.000663072
-0.25	0.7	0	0.4	0.000447775
-0.25	0.74	0	0.4	0.00030352
-0.25	0.78	0	0.4	0.000199053
-0.25	0.82	0	0.4	0.000131356
-0.25	0.86	0	0.4	9.23922e-05
-0.25	0.9	0	0.4	6.07546e-05
-0.25	0.94	0	0.4	4.06859e-05
-0.25	0.98	0	0.4	2.73537e-05
-0.216667	-0.98	0	0.4	1.72752e-05
-0.216667	-0.94	0	0.4	1.20034e-05
-0.216667	-0.9	0	0.4	8.15893e-06
-0.216667	-0.86	0	0.4	5.34376e-06
-0.216667	-0.82	0	0.4	3.53145e-06
-0.216667	-0.78	0	0.4	0.0708357
-0.216667	-0.74	0	0.4	0.0982177
-0.216667	-0.7	0	0.4	0.13573
-0.216667	-0.66	0	0.4	0.189306
-0.216667	-0.62	0	0.4	0.245764
-0.216667	-0.58	0	0.4	0.325818
-0.216667	-0.54	0	0.4	0.393843
-0.216667	-0.5	0	0.4	0.489813
-0.216667	-0.46	0	0.4	0.538667
-0.216667	-0.42	0	0.4	0.617056
-0.216667	-0.38	0	0.4	0.636931
-0.216667	-0.34	0	0.4	0.67514
-0.216667	-0.3	0	0.4	0.679901
-0.216667	-0.26	0	0.4	0.671554
-0.216667	-0.22	0	0.4	0.635214
-0.216667	-0.18	0	0.4	0.601869
-0.216667	-0.14	0	0.4	0.556719
-0.216667	-0.1	0	0.4	0.464598
-0.216667	-0.06	0	0.4	0.402854
-0.216667	-0.02	0	0.4	0.331392
-0.216667	0.02	0	0.4	0.249103
-0.216667	0.06	0	0.4	0.187798
-0.216667	0.1	0	0.4	0.13904
-0.216667	0.14	0	0.4	0.100584
-0.216667	0.18	0	0.4	0.069081
-0.216667	0.22	0	0.4	0.0485964
-0.216667	0.26	0	0.4	0.0328892
-0.216667	0.3	0	0.4	0.0227642
-0.216667	0.34	0	0.4	0.0152708
-0.216667	0.38	0	0.4	0.0101395
-0.216667	0.42	0	0.4	0.00713263
-0.216667	0.46	0	0.4	0.0047566
-0.216667	0.5	0	0.4	0.00327769
-0.216667	0.54	0	0.4	0.00219025
-0.216667	0.58	0	0.4	0.00142259
-0.216667	0.62	0	0.4	0.000944243
-0.216667	0.66	0	0.4	0.000628159
-0.216667	0.7	0	0.4	0.000429873
-0.216667	0.74	0	0.4	0.000302938
-0.216667	0.78	0	0.4	0.000202558
-0.216667	0.82	0	0.4	0.000131227
-0.216667	0.86	0	0.4	9.08768e-05
-0.216667	0.9	0	0.4	5.92483e-05
-0.216667	0.94	0	0.4	3.95421e-05
-0.216667	0.98	0	0.4	2.69544e-05
-0.183333	-0.98	0	0.4	1.75871e-05
-0.183333	-0.94	0	0.4	1.16202e-05
-0.183333	-0.9	0	0.4	7.84216e-06
-0.183333	-0.86	0	0.4	5.29888e-06
-0.183333	-0.82	0	0.4	3.50002e-06
-0.183333	-0.78	0	0.4	0.0654276
-0.183333	-0.74	0	0.4	0.0932556
-0.183333	-0.7	0	0.4	0.126354
-0.183333	-0.66	0	0.4	0.178071
-0.183333	-0.62	0	0.4	0.234511
-0.183333	-0.58	0	0.4	0.307669
-0.183333	-0.54	0	0.4	0.377614
-0.183333	-0.5	0	0.4	0.456717
-0.183333	-0.46	0	0.4	0.509615
-0.183333	-0.42	0	0.4	0.587842
-0.183333	-0.38	0	0.4	0.601801
-0.183333	-0.34	0	0.4	0.633159
-0.183333	-0.3	0	0.4	0.638839
-0.183333	-0.26	0	0.4	0.629782
-0.183333	-0.22	0	0.4	0.605037
-0.183333	-0.18	0	0.4	0.57881
-0.183333	-0.14	0	0.4	0.4974
-0.183333	-0.1	0	0.4	0.452581
-0.183333	-0.06	0	0.4	0.387029
-0.183333	-0.02	0	0.4	0.302468
-0.183333	0.02	0	0.4	0.231085
-0.183333	0.06	0	0.4	0.178305
-0.183333	0.1	0	0.4	0.127729
-0.183333	0.14	0	0.4	0.0963353
-0.183333	0.18	0	0.4	0.0659482
-0.183333	0.22	0	0.4	0.0447724
-0.183333	0.26	0	0.4	0.0314225
-0.183333	0.3	0	0.4	0.0217248
-0.183333	0.34	0	0.4	0.0144607
-0.183333	0.38	0	0.4	0.0102432
-0.183333	0.42	0	0.4	0.00675345
-0.183333	0.46	0	0.4	0.00462138
-0.183333	0.5	0	0.4	0.00309688
-0.183333	0.54	0	0.4	0.00195582
-0.183333	0.58	0	0.4	0.00140504
-0.183333	0.62	0	0.4	0.000922004
-0.183333	0.66	0	0.4	0.00062265
-0.183333	0.7	0	0.4	0.000411945
-0.183333	0.74	0	0.4	0.000288922
-0.183333	0.78	0	0.4	0.000185826
-0.183333	0.82	0	0.4	0.000128243
-0.183333	0.86	0	0.4	8.60335e-05
-0.183333	0.9	0	0.4	5.72483e-05
-0.183333	0.94	0	0.4	3.74174e-05
-0.183333	0.98	0	0.4	2.54354e-05
-0.15	-0.98	0	0.4	1.72991e-05
-0.15	-0.94	0	0.4	1.12484e-05
-0.15	-0.9	0	0.4	7.66904e-06
-0.15	-0.86	0	0.4	5.09774e-06
-0.15	-0.82	0	0.4	3.44712e-06
-0.15	-0.78	0	0.4	0.059619
-0.15	-0.74	0	0.4	0.0843213
-0.15	-0.7	0	0.4	0.119173
-0.15	-0.66	0	0.4	0.164393
-0.15	-0.62	0	0.4	0.217403
-0.15	-0.58	0	0.4	0.277913
-0.15	-0.54	0	0.4	0.348441
-0.15	-0.5	0	0.4	0.408487
-0.15	-0.46	0	0.4	0.473785
-0.15	-0.42	0	0.4	0.513157
-0.15	-0.38	0	0.4	0.57713
-0.15	-0.34	0	0.4	0.600432
-0.15	-0.3	0	0.4	0.586181
-0.15	-0.26	0	0.4	0.597313
-0.15	-0.22	0	0.4	0.548759
-0.15	-0.18	0	0.4	0.508303
-0.15	-0.14	0	0.4	0.458823
-0.15	-0.1	0	0.4	0.400371
-0.15	-0.06	0	0.4	0.339391
-0.15	-0.02	0	0.4	0.269889
-0.15	0.02	0	0.4	0.215133
-0.15	0.06	0	0.4	0.158614
-0.15	0.1	0	0.4	0.118858
-0.15	0.14	0	0.4	0.0829649
-0.15	0.18	0	0.4	0.0604181
-0.15	0.22	0	0.4	0.0414556
-0.15	0.26	0	0.4	0.0295964
-0.15	0.3	0	0.4	0.0199554
-0.15	0.34	0	0.4	0.0138705
-0.15	0.38	0	0.4	0.00921986
-0.15	0.42	0	0.4	0.00616646
-0.15	0.46	0	0.4	0.00429044
-0.15	0.5	0	0.4	0.00294386
-0.15	0.54	0	0.4	0.00194453
-0.15	0.58	0	0.4	0.00125285
-0.15	0.62	0	0.4	0.000873122
-0.15	0.66	0	0.4	0.000600325
-0.15	0.7	0	0.4	0.000416667
-0.15	0.74	0	0.4	0.000279457
-0.15	0.78	0	0.4	0.000187845
-0.15	0.82	0	0.4	0.000121659
-0.15	0.86	0	0.4	8.2053e-05
-0.15	0.9	0	0.4	5.55484e-05
-0.15	0.94	0	0.4	3.67028e-05
-0.15	0.98	0	0.4	2.52722e-05
-0.116667	-0.98	0	0.4	1.61404e-05
-0.116667	-0.94	0	0.4	1.0975e-05
-0.116667	-0.9	0	0.4	7.2463e-06
-0.116667	-0.86	0	0.4	4.87992e-06
-0.116667	-0.82	0	0.4	3.23294e-06
-0.116667	-0.78	0	0.4	0.0537143
-0.116667	-0.74	0	0.4	0.0748004
-0.116667	-0.7	0	0.4	0.105017
-0.116667	-0.66	0	0.4	0.144423
-0.116667	-0.62	0	0.4	0.185555
-0.116667	-0.58	0	0.4	0.245826
-0.116667	-0.54	0	0.4	0.307816
-0.116667	-0.5	0	0.4	0.364152
-0.116667	-0.46	0	0.4	0.418744
-0.116667	-0.42	0	0.4	0.483551
-0.116667	-0.38	0	0.4	0.506459
-0.116667	-0.34	0	0.4	0.516371
-0.116667	-0.3	0	0.4	0.531956
-0.116667	-0.26	0	0.4	0.537504
-0.116667	-0.22	0	0.4	0.514541
-0.116667	-0.18	0	0.4	0.469824
-0.116667	-0.14	0	0.4	0.409799
-0.116667	-0.1	0	0.4	0.361251
-0.116667	-0.06	0	0.4	0.301764
-0.116667	-0.02	0	0.4	0.248749
-0.116667	0.02	0	0.4	0.187324
-0.116667	0.06	0	0.4	0.142895
-0.116667	0.1	0	0.4	0.106847
-0.116667	0.14	0	0.4	0.074089
-0.116667	0.18	0	0.4	0.052126
-0.116667	0.22	0	0.4	0.0372801
-0.116667	0.26	0	0.4	0.0258737
-0.116667	0.3	0	0.4	0.0185825
-0.116667	0.34	0	0.4	0.0127204
-0.116667	0.38	0	0.4	0.00844435
-0.116667	0.42	0	0.4	0.00586299
-0.116667	0.46	0	0.4	0.00392237
-0.116667	0.5	0	0.4	0.00282269
-0.116667	0.54	0	0.4	0.00181298
-0.116667	0.58	0	0.4	0.00126304
-0.116667	0.62	0	0.4	0.000833916
-0.116667	0.66	0	0.4	0.000567081
-0.116667	0.7	0	0.4	0.000380789
-0.116667	0.74	0	0.4	0.000255881
-0.116667	0.78	0	0.4	0.000170474
-0.116667	0.82	0	0.4	0.000118009
-0.116667	0.86	0	0.4	7.77316e-05
-0.116667	0.9	0	0.4	5.4257e-05
-0.116667	0.94	0	0.4	3.58206e-05
-0.116667	0.98	0	0.4	2.41119e-05
-0.0833333	-0.98	0	0.4	1.53747e-05
-0.0833333	-0.94	0	0.4	1.00973e-05
-0.0833333	-0.9	0	0.4	6.95905e-06
-0.0833333	-0.86	0	0.4	4.67371e-06
-0.0833333	-0.82	0	0.4	3.26428e-06
-0.0833333	-0.78	0	0.4	0.0487884
-0.0833333	-0.74	0	0.4	0.0685643
-0.0833333	-0.7	0	0.4	0.093498
-0.0833333	-0.66	0	0.4	0.124842
-0.0833333	-0.62	0	0.4	0.166261
-0.0833333	-0.58	0	0.4	0.213289
-0.0833333	-0.54	0	0.4	0.264376
-0.0833333	-0.5	0	0.4	0.312038
-0.0833333	-0.46	0	0.4	0.365196
-0.0833333	-0.42	0	0.4	0.405019
-0.0833333	-0.38	0	0.4	0.445472
-0.0833333	-0.34	0	0.4	0.455614
-0.0833333	-0.3	0	0.4	0.475314
-0.0833333	-0.26	0	0.4	0.468649
-0.0833333	-0.22	0	0.4	0.448434
-0.0833333	-0.18	0	0.4	0.405567
-0.0833333	-0.14	0	0.4	0.360308
-0.0833333	-0.1	0	0.4	0.325953
-0.0833333	-0.06	0	0.4	0.268589
-0.0833333	-0.02	0	0.4	0.211029
-0.0833333	0.02	0	0.4	0.172207
-0.0833333	0.06	0	0.4	0.125844
-0.0833333	0.1	0	0.4	0.0947331
-0.0833333	0.14	0	0.4	0.0675784
-0.0833333	0.18	0	0.4	0.0487244
-0.0833333	0.22	0	0.4	0.0337949
-0.0833333	0.26	0	0.4	0.0233685
-0.0833333	0.3	0	0.4	0.0162796
-0.0833333	0.34	0	0.4	0.0115488
-0.0833333	0.38	0	0.4	0.00781837
-0.0833333	0.42	0	0.4	0.00525937
-0.0833333	0.46	0	0.4	0.00357089
-0.0833333	0.5	0	0.4	0.00250834
-0.0833333	0.54	0	0.4	0.00167633
-0.0833333	0.58	0	0.4	0.00113814
-0.0833333	0.62	0	0.4	0.000790421
-0.0833333	0.66	0	0.4	0.000520728
-0.0833333	0.7	0	0.4	0.000356232
-0.0833333	0.74	0	0.4	0.000240597
-0.0833333	0.78	0	0.4	0.000166725
-0.0833333	0.82	0	0.4	0.000108951
-0.0833333	0.86	0	0.4	7.5825e-05
-0.0833333	0.9	0	0.4	4.82289e-05
-0.0833333	0.94	0	0.4	3.38342e-05
-0.0833333	0.98	0	0.4	2.18409e-05
-0.05	-0.98	0	0.4	1.41801e-05
-0.05	-0.94	0	0.4	9.62208e-06
-0.05	-0.9	0	0.4	6.46501e-06
-0.05	-0.86	0	0.4	4.44291e-06
-0.05	-0.82	0	0.4	3.04724e-06
-0.05	-0.78	0	0.4	0.043799
-0.05	-0.74	0	0.4	0.0585897
-0.05	-0.7	0	0.4	0.0777043
-0.05	-0.66	0	0.4	0.107456
-0.05	-0.62	0	0.4	0.142899
-0.05	-0.58	0	0.4	0.182143
-0.05	-0.54	0	0.4	0.21903
-0.05	-0.5	0	0.4	0.274386
-0.05	-0.46	0	0.4	0.311243
-0.05	-0.42	0	0.4	0.351652
-0.05	-0.38	0	0.4	0.389102
-0.05	-0.34	0	0.4	0.383358
-0.05	-0.3	0	0.4	0.420931
-0.05	-0.26	0	0.4	0.400396
-0.05	-0.22	0	0.4	0.373883
-0.05	-0.18	0	0.4	0.351652
-0.05	-0.14	0	0.4	0.30916
-0.05	-0.1	0	0.4	0.272234
-0.05	-0.06	0	0.4	0.223804
-0.05	-0.02	0	0.4	0.183105
-0.05	0.02	0	0.4	0.14196
-0.05	0.06	0	0.4	0.107027
-0.05	0.1	0	0.4	0.08185
-0.05	0.14	0	0.4	0.057736
-0.05	0.18	0	0.4	0.0422367
-0.05	0.22	0	0.4	0.0298414
-0.05	0.26	0	0.4	0.0213547
-0.05	0.3	0	0.4	0.0148694
-0.05	0.34	0	0.4	0.010089
-0.05	0.38	0	0.4	0.00697713
-0.05	0.42	0	0.4	0.00505051
-0.05	0.46	0	0.4	0.00330552
-0.05	0.5	0	0.4	0.00226742
-0.05	0.54	0	0.4	0.00150065
-0.05	0.58	0	0.4	0.00109131
-0.05	0.62	0	0.4	0.000718763
-0.05	0.66	0	0.4	0.000483925
-0.05	0.7	0	0.4	0.000331139
-0.05	0.74	0	0.4	0.000216216
-0.05	0.78	0	0.4	0.000155598
-0.05	0.82	0	0.4	0.000101382
-0.05	0.86	0	0.4	6.9058e-05
-0.05	0.9	0	0.4	4.67588e-05
-0.05	0.94	0	0.4	3.18541e-05
-0.05	0.98	0	0.4	2.13452e-05
-0.0166667	-0.98	0	0.4	1.37079e-05
-0.0166667	-0.94	0	0.4	9.26859e-06
-0.0166667	-0.9	0	0.4	6.17316e-06
-0.0166667	-0.86	0	0.4	4.28163e-06
-0.0166667	-0.82	0	0.4	2.75942e-06
-0.0166667	-0.78	0	0.4	0.0365877
-0.0166667	-0.74	0	0.4	0.0507885
-0.0166667	-0.7	0	0.4	0.0655009
-0.0166667	-0.66	0	0.4	0.0887091
-0.0166667	-0.62	0	0.4	0.118019
-0.0166667	-0.58	0	0.4	0.150265
-0.0166667	-0.54	0	0.4	0.187199
-0.0166667	-0.5	0	0.4	0.220113
-0.0166667	-0.46	0	0.4	0.25968
-0.0166667	-0.42	0	0.4	0.296142
-0.0166667	-0.38	0	0.4	0.32474
-0.0166667	-0.34	0	0.4	0.339904
-0.0166667	-0.3	0	0.4	0.34374
-0.0166667	-0.26	0	0.4	0.32924
-0.0166667	-0.22	0	0.4	0.316283
-0.0166667	-0.18	0	0.4	0.303925
-0.0166667	-0.14	0	0.4	0.26522
-0.0166667	-0.1	0	0.4	0.227261
-0.0166667	-0.06	0	0.4	0.190918
-0.0166667	-0.02	0	0.4	0.150665
-0.0166667	0.02	0	0.4	0.118804
-0.0166667	0.06	0	0.4	0.088469
-0.0166667	0.1	0	0.4	0.0694543
-0.0166667	0.14	0	0.4	0.049996
-0.0166667	0.18	0	0.4	0.0367312
-0.0166667	0.22	0	0.4	0.024978
-0.0166667	0.26	0	0.4	0.018956
-0.0166667	0.3	0	0.4	0.0129828
-0.0166667	0.34	0	0.4	0.00884101
-0.0166667	0.38	0	0.4	0.00615088
-0.0166667	0.42	0	0.4	0.00435842
-0.0166667	0.46	0	0.4	0.00296933
-0.0166667	0.5	0	0.4	0.00206016
-0.0166667	0.54	0	0.4	0.00140528
-0.0166667	0.58	0	0.4	0.000978168
-0.0166667	0.62	0	0.4	0.000654255
-0.0166667	0.66	0	0.4	0.00045213
-0.0166667	0.7	0	0.4	0.000291792
-0.0166667	0.74	0	0.4	0.000208103
-0.0166667	0.78	0	0.4	0.000139734
-0.0166667	0.82	0	0.4	8.91643e-05
-0.0166667	0.86	0	0.4	6.52062e-05
-0.0166667	0.9	0	0.4	4.43709e-05
-0.0166667	0.94	0	0.4	2.81996e-05
-0.0166667	0.98	0	0.4	2.0156e-05
0.0166667	-0.98	0	0.4	1.2195e-05
0.0166667	-0.94	0	0.4	8.43324e-06
0.0166667	-0.9	0	0.4	5.75675e-06
0.0166667	-0.86	0	0.4	4.00545e-06
0.0166667	-0.82	0	0.4	2.62842e-06
0.0166667	-0.78	0	0.4	0.0310469
0.0166667	-0.74	0	0.4	0.0409362
0.0166667	-0.7	0	0.4	0.058036
0.0166667	-0.66	0	0.4	0.0753097
0.0166667	-0.62	0	0.4	0.0981178
0.0166667	-0.58	0	0.4	0.122357
0.0166667	-0.54	0	0.4	0.151702
0.0166667	-0.5	0	0.4	0.187433
0.0166667	-0.46	0	0.4	0.212387
0.0166667	-0.42	0	0.4	0.240014
0.0166667	-0.38	0	0.4	0.260265
0.0166667	-0.34	0	0.4	0.268954
0.0166667	-0.3	0	0.4	0.270179
0.0166667	-0.26	0	0.4	0.269315
0.0166667	-0.22	0	0.4	0.254771
0.0166667	-0.18	0	0.4	0.23275
0.0166667	-0.14	0	0.4	0.21351
0.0166667	-0.1	0	0.4	0.174857
0.0166667	-0.06	0	0.4	0.151501
0.0166667	-0.02	0	0.4	0.126277
0.0166667	0.02	0	0.4	0.0996629
0.0166667	0.06	0	0.4	0.074616
0.0166667	0.1	0	0.4	0.0557952
0.0166667	0.14	0	0.4	0.0411575
0.0166667	0.18	0	0.4	0.0304816
0.0166667	0.22	0	0.4	0.0222683
0.0166667	0.26	0	0.4	0.0162696
0.0166667	0.3	0	0.4	0.0110331
0.0166667	0.34	0	0.4	0.00772743
0.0166667	0.38	0	0.4	0.00546869
0.0166667	0.42	0	0.4	0.00388183
0.0166667	0.46	0	0.4	0.00255863
0.0166667	0.5	0	0.4	0.00181868
0.0166667	0.54	0	0.4	0.0012914
0.0166667	0.58	0	0.4	0.000872825
0.0166667	0.62	0	0.4	0.000583806
0.0166667	0.66	0	0.4	0.000417951
0.0166667	0.7	0	0.4	0.000275054
0.0166667	0.74	0	0.4	0.000189494
0.0166667	0.78	0	0.4	0.000129005
0.0166667	0.82	0	0.4	8.83047e-05
0.0166667	0.86	0	0.4	6.13294e-05
0.0166667	0.9	0	0.4	4.01734e-05
0.0166667	0.94	0	0.4	2.72773e-05
0.0166667	0.98	0	0.4	1.8185e-05
0.05	-0.98	0	0.4	1.16413e-05
0.05	-0.94	0	0.4	7.94745e-06
0.05	-0.9	0	0.4	5.22218e-06
0.05	-0.86	0	0.4	3.60428e-06
0.05	-0.82	0	0.4	2.43298e-06
0.05	-0.78	0	0.4	0.0262761
0.05	-0.74	0	0.4	0.0342004
0.05	-0.7	0	0.4	0.0446425
0.05	-0.66	0	0.4	0.0609456
0.05	-0.62	0	0.4	0.0775029
0.05	-0.58	0	0.4	0.0990551
0.05	-0.54	0	0.4	0.124166
0.05	-0.5	0	0.4	0.145474
0.05	-0.46	0	0.4	0.167516
0.05	-0.42	0	0.4	0.19462
0.05	-0.38	0	0.4	0.206614
0.05	-0.34	0	0.4	0.211213
0.05	-0.3	0	0.4	0.224665
0.05	-0.26	0	0.4	0.212357
0.05	-0.22	0	0.4	0.208247
0.05	-0.18	0	0.4	0.190111
0.05	-0.14	0	0.4	0.167069
0.05	-0.1	0	0.4	0.146628
0.05	-0.06	0	0.4	0.120623
0.05	-0.02	0	0.4	0.0973517
0.05	0.02	0	0.4	0.0783341
0.05	0.06	0	0.4	0.0619922
0.05	0.1	0	0.4	0.0461102
0.05	0.14	0	0.4	0.0343831
0.05	0.18	0	0.4	0.0258393
0.05	0.22	0	0.4	0.0182705
0.05	0.26	0	0.4	0.0129177
0.05	0.3	0	0.4	0.00949131
0.05	0.34	0	0.4	0.00672272
0.05	0.38	0	0.4	0.00472686
0.05	0.42	0	0.4	0.00324093
0.05	0.46	0	0.4	0.00225118
0.05	0.5	0	0.4	0.00163851
0.05	0.54	0	0.4	0.00109812
0.05	0.58	0	0.4	0.000768614
0.05	0.62	0	0.4	0.000531682
0.05	0.66	0	0.4	0.000363143
0.05	0.7	0	0.4	0.000249528
0.05	0.74	0	0.4	0.000166647
0.05	0.78	0	0.4	0.000116311
0.05	0.82	0	0.4	8.20927e-05
0.05	0.86	0	0.4	5.50713e-05
0.05	0.9	0	0.4	3.75801e-05
0.05	0.94	0	0.4	2.53508e-05
0.05	0.98	0	0.4	1.70384e-05
0.0833333	-0.98	0	0.4	1.06195e-05
0.0833333	-0.94	0	0.4	7.1907e-06
0.0833333	-0.9	0	0.4	4.91714e-06
0.0833333	-0.86	0	0.4	3.4888e-06
0.0833333	-0.82	0	0.4	2.34229e-06
0.0833333	-0.78	0	0.4	0.021062
0.0833333	-0.74	0	0.4	0.0292317
0.0833333	-0.7	0	0.4	0.0375336
0.0833333	-0.66	0	0.4	0.049332
0.0833333	-0.62	0	0.4	0.0625987
0.0833333	-0.58	0	0.4	0.0786237
0.0833333	-0.54	0	0.4	0.096091
0.0833333	-0.5	0	0.4	0.115356
0.0833333	-0.46	0	0.4	0.12807
0.0833333	-0.42	0	0.4	0.14681
0.0833333	-0.38	0	0.4	0.160613
0.0833333	-0.34	0	0.4	0.167416
0.0833333	-0.3	0	0.4	0.172459
0.0833333	-0.26	0	0.4	0.165417
0.0833333	-0.22	0	0.4	0.158288
0.0833333	-0.18	0	0.4	0.148173
0.0833333	-0.14	0	0.4	0.126506
0.0833333	-0.1	0	0.4	0.112498
0.0833333	-0.06	0	0.4	0.0979875
0.0833333	-0.02	0	0.4	0.0774858
0.0833333	0.02	0	0.4	0.062929
0.0833333	0.06	0	0.4	0.0487516
0.0833333	0.1	0	0.4	0.0373361
0.0833333	0.14	0	0.4	0.0287854
0.0833333	0.18	0	0.4	0.0209516
0.0833333	0.22	0	0.4	0.0150973
0.0833333	0.26	0	0.4	0.0106006
0.0833333	0.3	0	0.4	0.00786534
0.0833333	0.34	0	0.4	0.00574114
0.0833333	0.38	0	0.4	0.00393188
0.0833333	0.42	0	0.4	0.00280645
0.0833333	0.46	0	0.4	0.00196163
0.0833333	0.5	0	0.4	0.00136176
0.0833333	0.54	0	0.4	0.000957344
0.0833333	0.58	0	0.4	0.000672644
0.0833333	0.62	0	0.4	0.000449589
0.0833333	0.66	0	0.4	0.00031561
0.0833333	0.7	0	0.4	0.000223663
0.0833333	0.74	0	0.4	0.00015524
0.0833333	0.78	0	0.4	0.00010505
0.0833333	0.82	0	0.4	7.31496e-05
0.0833333	0.86	0	0.4	4.92866e-05
0.0833333	0.9	0	0.4	3.35133e-05
0.0833333	0.94	0	0.4	2.28821e-05
0.0833333	0.98	0	0.4	1.56687e-05
0.116667	-0.98	0	0.4	9.61541e-06
0.116667	-0.94	0	0.4	6.63287e-06
0.116667	-0.9	0	0.4	4.57053e-06
0.116667	-0.86	0	0.4	3.02417e-06
0.116667	-0.82	0	0.4	2.11395e-06
0.116667	-0.78	0	0.4	0.0170992
0.116667	-0.74	0	0.4	0.0229849
0.116667	-0.7	0	0.4	0.0295072
0.116667	-0.66	0	0.4	0.039171
0.116667	-0.62	0	0.4	0.0504102
0.116667	-0.58	0	0.4	0.0602704
0.116667	-0.54	0	0.4	0.0741694
0.116667	-0.5	0	0.4	0.087065
0.116667	-0.46	0	0.4	0.100577
0.116667	-0.42	0	0.4	0.112054
0.116667	-0.38	0	0.4	0.121053
0.116667	-0.34	0	0.4	0.128391
0.116667	-0.3	0	0.4	0.130136
0.116667	-0.26	0	0.4	0.127714
0.116667	-0.22	0	0.4	0.11928
0.116667	-0.18	0	0.4	0.111013
0.116667	-0.14	0	0.4	0.103242
0.116667	-0.1	0	0.4	0.0874123
0.116667	-0.06	0	0.4	0.0739737
0.116667	-0.02	0	0.4	0.0615596
0.116667	0.02	0	0.4	0.0502158
0.116667	0.06	0	0.4	0.0384569
0.116667	0.1	0	0.4	0.029192
0.116667	0.14	0	0.4	0.0220571
0.116667	0.18	0	0.4	0.0168975
0.116667	0.22	0	0.4	0.0123637
0.116667	0.26	0	0.4	0.00934889
0.116667	0.3	0	0.4	0.00665406
0.116667	0.34	0	0.4	0.00481068
0.116667	0.38	0	0.4	0.00329153
0.116667	0.42	0	0.4	0.00244281
0.116667	0.46	0	0.4	0.00175717
0.116667	0.5	0	0.4	0.00121328
0.116667	0.54	0	0.4	0.000821865
0.116667	0.58	0	0.4	0.000586828
0.116667	0.62	0	0.4	0.000414788
0.116667	0.66	0	0.4	0.000281032
0.116667	0.7	0	0.4	0.000193208
0.116667	0.74	0	0.4	0.00013199
0.116667	0.78	0	0.4	9.41867e-05
0.116667	0.82	0	0.4	6.0795e-05
0.116667	0.86	0	0.4	4.33936e-05
0.116667	0.9	0	0.4	3.09229e-05
0.116667	0.94	0	0.4	2.07389e-05
0.116667	0.98	0	0.4	1.4092e-05
0.15	-0.98	0	0.4	8.64285e-06
0.15	-0.94	0	0.4	6.00245e-06
0.15	-0.9	0	0.4	4.13616e-06
0.15	-0.86	0	0.4	2.72503e-06
0.15	-0.82	0	0.4	1.87954e-06
0.15	-0.78	0	0.4	0.0136978
0.15	-0.74	0	0.4	0.0184643
0.15	-0.7	0	0.4	0.0224428
0.15	-0.66	0	0.4	0.0298419
0.15	-0.62	0	0.4	0.0384526
0.15	-0.58	0	0.4	0.0463361
0.15	-0.54	0	0.4	0.0568584
0.15	-0.5	0	0.4	0.0668835
0.15	-0.46	0	0.4	0.0746754
0.15	-0.42	0	0.4	0.0851325
0.15	-0.38	0	0.4	0.0914942
0.15	-0.34	0	0.4	0.0971439
0.15	-0.3	0	0.4	0.0949349
0.15	-0.26	0	0.4	0.096509
0.15	-0.22	0	0.4	0.0910095
0.15	-0.18	0	0.4	0.0874879
0.15	-0.14	0	0.4	0.0754816
0.15	-0.1	0	0.4	0.0668835
0.15	-0.06	0	0.4	0.0570828
0.15	-0.02	0	0.4	0.0466463
0.15	0.02	0	0.4	0.0377991
0.15	0.06	0	0.4	0.0304803
0.15	0.1	0	0.4	0.0235929
0.15	0.14	0	0.4	0.0178211
0.15	0.18	0	0.4	0.0132838
0.15	0.22	0	0.4	0.0101654
0.15	0.26	0	0.4	0.00742178
0.15	0.3	0	0.4	0.00551134
0.15	0.34	0	0.4	0.003895
0.15	0.38	0	0.4	0.00286319
0.15	0.42	0	0.4	0.00200402
0.15	0.46	0	0.4	0.0014576
0.15	0.5	0	0.4	0.00101775
0.15	0.54	0	0.4	0.000713167
0.15	0.58	0	0.4	0.000493098
0.15	0.62	0	0.4	0.000346739
0.15	0.66	0	0.4	0.000241428
0.15	0.7	0	0.4	0.000173788
0.15	0.74	0	0.4	0.000117534
0.15	0.78	0	0.4	8.13357e-05
0.15	0.82	0	0.4	5.81342e-05
0.15	0.86	0	0.4	3.87206e-05
0.15	0.9	0	0.4	2.65388e-05
0.15	0.94	0	0.4	1.89732e-05
0.15	0.98	0	0.4	1.26635e-05
0.183333	-0.98	0	0.4	8.11714e-06
0.183333	-0.94	0	0.4	5.33014e-06
0.183333	-0.9	0	0.4	3.84419e-06
0.183333	-0.86	0	0.4	2.43557e-06
0.183333	-0.82	0	0.4	1.75962e-06
0.183333	-0.78	0	0.4	0.010638
0.183333	-0.74	0	0.4	0.0143696
0.183333	-0.7	0	0.4	0.018461
0.183333	-0.66	0	0.4	0.0231181
0.183333	-0.62	0	0.4	0.0291549
0.183333	-0.58	0	0.4	0.0348955
0.183333	-0.54	0	0.4	0.043037
0.183333	-0.5	0	0.4	0.0478648
0.183333	-0.46	0	0.4	0.0579251
0.183333	-0.42	0	0.4	0.062958
0.183333	-0.38	0	0.4	0.0680966
0.183333	-0.34	0	0.4	0.0717051
0.183333	-0.3	0	0.4	0.0698289
0.183333	-0.26	0	0.4	0.072082
0.183333	-0.22	0	0.4	0.0664752
0.183333	-0.18	0	0.4	0.0637105
0.183333	-0.14	0	0.4	0.0557379
0.183333	-0.1	0	0.4	0.0485931
0.183333	-0.06	0	0.4	0.0419044
0.183333	-0.02	0	0.4	0.0364559
0.183333	0.02	0	0.4	0.0297341
0.183333	0.06	0	0.4	0.0231799
0.183333	0.1	0	0.4	0.0185825
0.183333	0.14	0	0.4	0.0141442
0.183333	0.18	0	0.4	0.0106666
0.183333	0.22	0	0.4	0.00790912
0.183333	0.26	0	0.4	0.00597428
0.183333	0.3	0	0.4	0.00437299
0.183333	0.34	0	0.4	0.00322494
0.183333	0.38	0	0.4	0.00236312
0.183333	0.42	0	0.4	0.00174459
0.183333	0.46	0	0.4	0.00117143
0.183333	0.5	0	0.4	0.000875515
0.183333	0.54	0	0.4	0.000618885
0.183333	0.58	0	0.4	0.000443688
0.183333	0.62	0	0.4	0.00030833
0.183333	0.66	0	0.4	0.000213231
0.183333	0.7	0	0.4	0.000150351
0.183333	0.74	0	0.4	0.000107919
0.183333	0.78	0	0.4	7.27965e-05
0.183333	0.82	0	0.4	4.84834e-05
0.183333	0.86	0	0.4	3.50187e-05
0.183333	0.9	0	0.4	2.44393e-05
0.183333	0.94	0	0.4	1.66965e-05
0.183333	0.98	0	0.4	1.12069e-05
0.216667	-0.98	0	0.4	7.09358e-06
0.216667	-0.94	0	0.4	4.74471e-06
0.216667	-0.9	0	0.4	3.27536e-06
0.216667	-0.86	0	0.4	2.29997e-06
0.216667	-0.82	0	0.4	1.58156e-06
0.216667	-0.78	0	0.4	0.00825278
0.216667	-0.74	0	0.4	0.0111879
0.216667	-0.7	0	0.4	0.0141349
0.216667	-0.66	0	0.4	0.0178546
0.216667	-0.62	0	0.4	0.0217127
0.216667	-0.58	0	0.4	0.0270243
0.216667	-0.54	0	0.4	0.0330286
0.216667	-0.5	0	0.4	0.0368916
0.216667	-0.46	0	0.4	0.0424245
0.216667	-0.42	0	0.4	0.0469566
0.216667	-0.38	0	0.4	0.0501695
0.216667	-0.34	0	0.4	0.0521774
0.216667	-0.3	0	0.4	0.052586
0.216667	-0.26	0	0.4	0.0530782
0.216667	-0.22	0	0.4	0.049904
0.216667	-0.18	0	0.4	0.0456591
0.216667	-0.14	0	0.4	0.0424805
0.216667	-0.1	0	0.4	0.0370891
0.216667	-0.06	0	0.4	0.0317109
0.216667	-0.02	0	0.4	0.0275248
0.216667	0.02	0	0.4	0.0223305
0.216667	0.06	0	0.4	0.0179971
0.216667	0.1	0	0.4	0.0139844
0.216667	0.14	0	0.4	0.0111292
0.216667	0.18	0	0.4	0.00850115
0.216667	0.22	0	0.4	0.00640209
0.216667	0.26	0	0.4	0.00483068
0.216667	0.3	0	0.4	0.00368941
0.216667	0.34	0	0.4	0.00266735
0.216667	0.38	0	0.4	0.0019433
0.216667	0.42	0	0.4	0.00143375
0.216667	0.46	0	0.4	0.00104412
0.216667	0.5	0	0.4	0.000741579
0.216667	0.54	0	0.4	0.000519884
0.216667	0.58	0	0.4	0.000370511
0.216667	0.62	0	0.4	0.000266425
0.216667	0.66	0	0.4	0.000185966
0.216667	0.7	0	0.4	0.000129193
0.216667	0.74	0	0.4	8.85174e-05
0.216667	0.78	0	0.4	6.47007e-05
0.216667	0.82	0	0.4	4.30198e-05
0.216667	0.86	0	0.4	3.11336e-05
0.216667	0.9	0	0.4	2.08846e-05
0.216667	0.94	0	0.4	1.46432e-05
0.216667	0.98	0	0.4	9.92694e-06
0.25	-0.98	0	0.4	6.09038e-06
0.25	-0.94	0	0.4	4.33569e-06
0.25	-0.9	0	0.4	2.8586e-06
0.25	-0.86	0	0.4	2.03523e-06
0.25	-0.82	0	0.4	1.4199e-06
0.25	-0.78	0	0.4	0.00665094
0.25	-0.74	0	0.4	0.00870102
0.25	-0.7	0	0.4	0.0107407
0.25	-0.66	0	0.4	0.01378
0.25	-0.62	0	0.4	0.0172052
0.25	-0.58	0	0.4	0.0207458
0.25	-0.54	0	0.4	0.0238012
0.25	-0.5	0	0.4	0.0280678
0.25	-0.46	0	0.4	0.0306937
0.25	-0.42	0	0.4	0.0328345
0.25	-0.38	0	0.4	0.0375873
0.25	-0.34	0	0.4	0.0387192
0.25	-0.3	0	0.4	0.0394129
0.25	-0.26	0	0.4	0.0367453
0.25	-0.22	0	0.4	0.0358877
0.25	-0.18	0	0.4	0.0341043
0.25	-0.14	0	0.4	0.0320551
0.25	-0.1	0	0.4	0.028324
0.25	-0.06	0	0.4	0.0230723
0.25	-0.02	0	0.4	0.0203701
0.25	0.02	0	0.4	0.0176058
0.25	0.06	0	0.4	0.0139973
0.25	0.1	0	0.4	0.0107986
0.25	0.14	0	0.4	0.00848463
0.25	0.18	0	0.4	0.00664211
0.25	0.22	0	0.4	0.00526782
0.25	0.26	0	0.4	0.00374102
0.25	0.3	0	0.4	0.00286719
0.25	0.34	0	0.4	0.00213058
0.25	0.38	0	0.4	0.00159736
0.25	0.42	0	0.4	0.00113023
0.25	0.46	0	0.4	0.000862379
0.25	0.5	0	0.4	0.000586872
0.25	0.54	0	0.4	0.000425109
0.25	0.58	0	0.4	0.000305188
0.25	0.62	0	0.4	0.000216383
0.25	0.66	0	0.4	0.000155495
0.25	0.7	0	0.4	0.000110295
0.25	0.74	0	0.4	7.63369e-05
0.25	0.78	0	0.4	5.43869e-05
0.25	0.82	0	0.4	3.63724e-05
0.25	0.86	0	0.4	2.64563e-05
0.25	0.9	0	0.4	1.83381e-05
0.25	0.94	0	0.4	1.31751e-05
0.25	0.98	0	0.4	9.07292e-06
0.283333	-0.98	0	0.4	5.36136e-06
0.283333	-0.94	0	0.4	3.73508e-06
0.283333	-0.9	0	0.4	2.51573e-06
0.283333	-0.86	0	0.4	1.73536e-06
0.283333	-0.82	0	0.4	1.23272e-06
0.283333	-0.78	0	0.4	0.00514631
0.283333	-0.74	0	0.4	0.00660693
0.283333	-0.7	0	0.4	0.00823974
0.283333	-0.66	0	0.4	0.0103202
0.283333	-0.62	0	0.4	0.0127038
0.283333	-0.58	0	0.4	0.0152458
0.283333	-0.54	0	0.4	0.0173184
0.283333	-0.5	0	0.4	0.0206863
0.283333	-0.46	0	0.4	0.0224155
0.283333	-0.42	0	0.4	0.0248054
0.283333	-0.38	0	0.4	0.0265529
0.283333	-0.34	0	0.4	0.0271089
0.283333	-0.3	0	0.4	0.0272836
0.283333	-0.26	0	0.4	0.0280285
0.283333	-0.22	0	0.4	0.0269419
0.283333	-0.18	0	0.4	0.0258652
0.283333	-0.14	0	0.4	0.0223248
0.283333	-0.1	0	0.4	0.0203356
0.283333	-0.06	0	0.4	0.0174359
0.283333	-0.02	0	0.4	0.015366
0.283333	0.02	0	0.4	0.0129046
0.283333	0.06	0	0.4	0.0103613
0.283333	0.1	0	0.4	0.00828398
0.283333	0.14	0	0.4	0.00672977
0.283333	0.18	0	0.4	0.00523551
0.283333	0.22	0	0.4	0.00393571
0.283333	0.26	0	0.4	0.00307563
0.283333	0.3	0	0.4	0.00235254
0.283333	0.34	0	0.4	0.00171823
0.283333	0.38	0	0.4	0.00126046
0.283333	0.42	0	0.4	0.000949813
0.283333	0.46	0	0.4	0.000706731
0.283333	0.5	0	0.4	0.000501267
0.283333	0.54	0	0.4	0.000359047
0.283333	0.58	0	0.4	0.000260295
0.283333	0.62	0	0.4	0.000181444
0.283333	0.66	0	0.4	0.00013754
0.283333	0.7	0	0.4	9.48201e-05
0.283333	0.74	0	0.4	6.68324e-05
0.283333	0.78	0	0.4	4.74462e-05
0.283333	0.82	0	0.4	3.27608e-05
0.283333	0.86	0	0.4	2.30676e-05
0.283333	0.9	0	0.4	1.59688e-05
0.283333	0.94	0	0.4	1.11315e-05
0.283333	0.98	0	0.4	7.63031e-06
0.316667	-0.98	0	0.4	4.56518e-06
0.316667	-0.94	0	0.4	3.19589e-06
0.316667	-0.9	0	0.4	2.28401e-06
0.316667	-0.86	0	0.4	1.57219e-06
0.316667	-0.82	0	0.4	1.09767e-06
0.316667	-0.78	0	0.4	0.00405224
0.316667	-0.74	0	0.4	0.00497208
0.316667	-0.7	0	0.4	0.00634364
0.316667	-0.66	0	0.4	0.00781019
0.316667	-0.62	0	0.4	0.00967967
0.316667	-0.58	0	0.4	0.0113409
0.316667	-0.54	0	0.4	0.0131989
0.316667	-0.5	0	0.4	0.0152402
0.316667	-0.46	0	0.4	0.016767
0.316667	-0.42	0	0.4	0.0185974
0.316667	-0.38	0	0.4	0.0191819
0.316667	-0.34	0	0.4	0.0203998
0.316667	-0.3	0	0.4	0.0201469
0.316667	-0.26	0	0.4	0.0203199
0.316667	-0.22	0	0.4	0.0196435
0.316667	-0.18	0	0.4	0.0184047
0.316667	-0.14	0	0.4	0.0164135
0.316667	-0.1	0	0.4	0.0152204
0.316667	-0.06	0	0.4	0.0125745
0.316667	-0.02	0	0.4	0.0112962
0.316667	0.02	0	0.4	0.00922887
0.316667	0.06	0	0.4	0.0079757
0.316667	0.1	0	0.4	0.00641086
0.316667	0.14	0	0.4	0.00503927
0.316667	0.18	0	0.4	0.0039463
0.316667	0.22	0	0.4	0.00314106
0.316667	0.26	0	0.4	0.0023047
0.316667	0.3	0	0.4	0.00178974
0.316667	0.34	0	0.4	0.00137221
0.316667	0.38	0	0.4	0.00103034
0.316667	0.42	0	0.4	0.000764462
0.316667	0.46	0	0.4	0.000571247
0.316667	0.5	0	0.4	0.00040018
0.316667	0.54	0	0.4	0.000291906
0.316667	0.58	0	0.4	0.000212625
0.316667	0.62	0	0.4	0.000154716
0.316667	0.66	0	0.4	0.000109574
0.316667	0.7	0	0.4	7.56091e-05
0.316667	0.74	0	0.4	5.68749e-05
0.316667	0.78	0	0.4	3.96753e-05
0.316667	0.82	0	0.4	2.79899e-05
0.316667	0.86	0	0.4	1.97405e-05
0.316667	0.9	0	0.4	1.37392e-05
0.316667	0.94	0	0.4	9.51255e-06
0.316667	0.98	0	0.4	6.57922e-06
0.35	-0.98	0	0.4	3.94682e-06
0.35	-0.94	0	0.4	2.75392e-06
0.35	-0.9	0	0.4	2.02475e-06
0.35	-0.86	0	0.4	1.38382e-06
0.35	-0.82	0	0.4	9.55212e-07
0.35	-0.78	0	0.4	0.00309015
0.35	-0.74	0	0.4	0.00383826
0.35	-0.7	0	0.4	0.00464248
0.35	-0.66	0	0.4	0.00603025
0.35	-0.62	0	0.4	0.00691183
0.35	-0.58	0	0.4	0.00863342
0.35	-0.54	0	0.4	0.00965496
0.35	-0.5	0	0.4	0.0107986
0.35	-0.46	0	0.4	0.0121091
0.35	-0.42	0	0.4	0.0134874
0.35	-0.38	0	0.4	0.0141328
0.35	-0.34	0	0.4	0.0144025
0.35	-0.3	0	0.4	0.0146943
0.35	-0.26	0	0.4	0.0142102
0.35	-0.22	0	0.4	0.0141514
0.35	-0.18	0	0.4	0.0130856
0.35	-0.14	0	0.4	0.0121573
0.35	-0.1	0	0.4	0.0108999
0.35	-0.06	0	0.4	0.00937436
0.35	-0.02	0	0.4	0.00849027
0.35	0.02	0	0.4	0.00706107
0.35	0.06	0	0.4	0.00581295
0.35	0.1	0	0.4	0.0047949
0.35	0.14	0	0.4	0.00395085
0.35	0.18	0	0.4	0.00315114
0.35	0.22	0	0.4	0.00243621
0.35	0.26	0	0.4	0.00187816
0.35	0.3	0	0.4	0.00140577
0.35	0.34	0	0.4	0.00113183
0.35	0.38	0	0.4	0.000800617
0.35	0.42	0	0.4	0.000618366
0.35	0.46	0	0.4	0.000462739
0.35	0.5	0	0.4	0.0003307
0.35	0.54	0	0.4	0.000240458
0.35	0.58	0	0.4	0.000179923
0.35	0.62	0	0.4	0.000125035
0.35	0.66	0	0.4	9.54577e-05
0.35	0.7	0	0.4	6.48285e-05
0.35	0.74	0	0.4	4.59572e-05
0.35	0.78	0	0.4	3.36522e-05
0.35	0.82	0	0.4	2.38488e-05
0.35	0.86	0	0.4	1.62951e-05
0.35	0.9	0	0.4	1.2212e-05
0.35	0.94	0	0.4	8.32777e-06
0.35	0.98	0	0.4	5.72893e-06
0.383333	-0.98	0	0.4	3.45161e-06
0.383333	-0.94	0	0.4	2.45578e-06
0.383333	-0.9	0	0.4	1.73408e-06
0.383333	-0.86	0	0.4	1.18092e-06
0.383333	-0.82	0	0.4	8.33003e-07
0.383333	-0.78	0	0.4	0.00229469
0.383333	-0.74	0	0.4	0.00294442
0.383333	-0.7	0	0.4	0.00356037
0.383333	-0.66	0	0.4	0.00441285
0.383333	-0.62	0	0.4	0.00508783
0.383333	-0.58	0	0.4	0.00600091
0.383333	-0.54	0	0.4	0.00689127
0.383333	-0.5	0	0.4	0.00800259
0.383333	-0.46	0	0.4	0.00869956
0.383333	-0.42	0	0.4	0.00955706
0.383333	-0.38	0	0.4	0.0102401
0.383333	-0.34	0	0.4	0.0103367
0.383333	-0.3	0	0.4	0.0104006
0.383333	-0.26	0	0.4	0.0105029
0.383333	-0.22	0	0.4	0.010133
0.383333	-0.18	0	0.4	0.00962027
0.383333	-0.14	0	0.4	0.00883969
0.383333	-0.1	0	0.4	0.00808705
0.383333	-0.06	0	0.4	0.00694737
0.383333	-0.02	0	0.4	0.00600091
0.383333	0.02	0	0.4	0.00507398
0.383333	0.06	0	0.4	0.00431427
0.383333	0.1	0	0.4	0.00355081
0.383333	0.14	0	0.4	0.00297545
0.383333	0.18	0	0.4	0.00228848
0.383333	0.22	0	0.4	0.00188426
0.383333	0.26	0	0.4	0.00143095
0.383333	0.3	0	0.4	0.00107551
0.383333	0.34	0	0.4	0.00085173
0.383333	0.38	0	0.4	0.00066155
0.383333	0.42	0	0.4	0.000479614
0.383333	0.46	0	0.4	0.000366674
0.383333	0.5	0	0.4	0.000271795
0.383333	0.54	0	0.4	0.000198343
0.383333	0.58	0	0.4	0.000149038
0.383333	0.62	0	0.4	0.000101437
0.383333	0.66	0	0.4	7.85296e-05
0.383333	0.7	0	0.4	5.56243e-05
0.383333	0.74	0	0.4	3.89632e-05
0.383333	0.78	0	0.4	2.78393e-05
0.383333	0.82	0	0.4	1.97143e-05
0.383333	0.86	0	0.4	1.39703e-05
0.383333	0.9	0	0.4	1.00288e-05
0.383333	0.94	0	0.4	7.13991e-06
0.383333	0.98	0	0.4	5.16816e-06
0.416667	-0.98	0	0.4	3.00793e-06
0.416667	-0.94	0	0.4	2.05279e-06
0.416667	-0.9	0	0.4	1.50172e-06
0.416667	-0.86	0	0.4	1.0276e-06
0.416667	-0.82	0	0.4	7.47105e-07
0.416667	-0.78	0	0.4	0.00181991
0.416667	-0.74	0	0.4	0.00214043
0.416667	-0.7	0	0.4	0.00267582
0.416667	-0.66	0	0.4	0.00317745
0.416667	-0.62	0	0.4	0.00387627
0.416667	-0.58	0	0.4	0.00443633
0.416667	-0.54	0	0.4	0.00512829
0.416667	-0.5	0	0.4	0.00577764
0.416667	-0.46	0	0.4	0.00631334
0.416667	-0.42	0	0.4	0.00685778
0.416667	-0.38	0	0.4	0.00699313
0.416667	-0.34	0	0.4	0.0076768
0.416667	-0.3	0	0.4	0.00775203
0.416667	-0.26	0	0.4	0.0074475
0.416667	-0.22	0	0.4	0.00720533
0.416667	-0.18	0	0.4	0.00684865
0.416667	-0.14	0	0.4	0.00633026
0.416667	-0.1	0	0.4	0.00576996
0.416667	-0.06	0	0.4	0.00512829
0.416667	-0.02	0	0.4	0.00450201
0.416667	0.02	0	0.4	0.00389163
0.416667	0.06	0	0.4	0.00325947
0.416667	0.1	0	0.4	0.00261851
0.416667	0.14	0	0.4	0.00222828
0.416667	0.18	0	0.4	0.0017845
0.416667	0.22	0	0.4	0.00140511
0.416667	0.26	0	0.4	0.00117144
0.416667	0.3	0	0.4	0.000865175
0.416667	0.34	0	0.4	0.000667028
0.416667	0.38	0	0.4	0.000508141
0.416667	0.42	0	0.4	0.000379204
0.416667	0.46	0	0.4	0.00029067
0.416667	0.5	0	0.4	0.000215109
0.416667	0.54	0	0.4	0.000156227
0.416667	0.58	0	0.4	0.000118475
0.416667	0.62	0	0.4	8.75559e-05
0.416667	0.66	0	0.4	6.24634e-05
0.416667	0.7	0	0.4	4.58274e-05
0.416667	0.74	0	0.4	3.25623e-05
0.416667	0.78	0	0.4	2.2759e-05
0.416667	0.82	0	0.4	1.69428e-05
0.416667	0.86	0	0.4	1.20918e-05
0.416667	0.9	0	0.4	8.22038e-06
0.416667	0.94	0	0.4	5.87813e-06
0.416667	0.98	0	0.4	4.21918e-06
0.45	-0.98	0	0.4	2.52477e-06
0.45	-0.94	0	0.4	1.76192e-06
0.45	-0.9	0	0.4	1.22312e-06
0.45	-0.86	0	0.4	8.77491e-07
0.45	-0.82	0	0.4	6.18889e-07
0.45	-0.78	0	0.4	0.00137058
0.45	-0.74	0	0.4	0.00166665
0.45	-0.7	0	0.4	0.00193445
0.45	-0.66	0	0.4	0.00240626
0.45	-0.62	0	0.4	0.00280275
0.45	-0.58	0	0.4	0.00329349
0.45	-0.54	0	0.4	0.00377722
0.45	-0.5	0	0.4	0.00421931
0.45	-0.46	0	0.4	0.00472766
0.45	-0.42	0	0.4	0.00485485
0.45	-0.38	0	0.4	0.00506803
0.45	-0.34	0	0.4	0.00559661
0.45	-0.3	0	0.4	0.00557652
0.45	-0.26	0	0.4	0.00542463
0.45	-0.22	0	0.4	0.00521382
0.45	-0.18	0	0.4	0.00490755
0.45	-0.14	0	0.4	0.00465418
0.45	-0.1	0	0.4	0.00424164
0.45	-0.06	0	0.4	0.00377722
0.45	-0.02	0	0.4	0.00327159
0.45	0.02	0	0.4	0.00281031
0.45	0.06	0	0.4	0.00237102
0.45	0.1	0	0.4	0.00200402
0.45	0.14	0	0.4	0.00170628
0.45	0.18	0	0.4	0.00139023
0.45	0.22	0	0.4	0.00108393
0.45	0.26	0	0.4	0.000848083
0.45	0.3	0	0.4	0.000657956
0.45	0.34	0	0.4	0.000505914
0.45	0.38	0	0.4	0.000405943
0.45	0.42	0	0.4	0.000296151
0.45	0.46	0	0.4	0.000232758
0.45	0.5	0	0.4	0.000170827
0.45	0.54	0	0.4	0.000128193
0.45	0.58	0	0.4	9.32036e-05
0.45	0.62	0	0.4	6.73495e-05
0.45	0.66	0	0.4	5.11571e-05
0.45	0.7	0	0.4	3.57625e-05
0.45	0.74	0	0.4	2.70143e-05
0.45	0.78	0	0.4	1.92837e-05
0.45	0.82	0	0.4	1.40231e-05
0.45	0.86	0	0.4	9.92086e-06
0.45	0.9	0	0.4	7.07856e-06
0.45	0.94	0	0.4	5.12169e-06
0.45	0.98	0	0.4	3.65575e-06
0.483333	-0.98	0	0.4	2.18109e-06
0.483333	-0.94	0	0.4	1.49387e-06
0.483333	-0.9	0	0.4	1.06919e-06
0.483333	-0.86	0	0.4	7.53268e-07
0.483333	-0.82	0	0.4	5.31624e-07
0.483333	-0.78	0	0.4	0.00102963
0.483333	-0.74	0	0.4	0.00125546
0.483333	-0.7	0	0.4	0.00152211
0.483333	-0.66	0	0.4	0.00187578
0.483333	-0.62	0	0.4	0.00211254
0.483333	-0.58	0	0.4	0.00245243
0.483333	-0.54	0	0.4	0.00274058
0.483333	-0.5	0	0.4	0.00309283
0.483333	-0.46	0	0.4	0.00342124
0.483333	-0.42	0	0.4	0.00345589
0.483333	-0.38	0	0.4	0.00366451
0.483333	-0.34	0	0.4	0.00378276
0.483333	-0.3	0	0.4	0.00395135
0.483333	-0.26	0	0.4	0.0037879
0.483333	-0.22	0	0.4	0.00365952
0.483333	-0.18	0	0.4	0.00349861
0.483333	-0.14	0	0.4	0.003346
0.483333	-0.1	0	0.4	0.00309283
0.483333	-0.06	0	0.4	0.00263154
0.483333	-0.02	0	0.4	0.00240434
0.483333	0.02	0	0.4	0.00203749
0.483333	0.06	0	0.4	0.0017501
0.483333	0.1	0	0.4	0.00153008
0.483333	0.14	0	0.4	0.00121587
0.483333	0.18	0	0.4	0.00102694
0.483333	0.22	0	0.4	0.000818537
0.483333	0.26	0	0.4	0.000659378
0.483333	0.3	0	0.4	0.000503422
0.483333	0.34	0	0.4	0.000392287
0.483333	0.38	0	0.4	0.000315973
0.483333	0.42	0	0.4	0.00023292
0.483333	0.46	0	0.4	0.000178191
0.483333	0.5	0	0.4	0.00013583
0.483333	0.54	0	0.4	0.000101586
0.483333	0.58	0	0.4	7.67927e-05
0.483333	0.62	0	0.4	5.69431e-05
0.483333	0.66	0	0.4	4.18796e-05
0.483333	0.7	0	0.4	3.08427e-05
0.483333	0.74	0	0.4	2.27216e-05
0.483333	0.78	0	0.4	1.56884e-05
0.483333	0.82	0	0.4	1.20292e-05
0.483333	0.86	0	0.4	7.93654e-06
0.483333	0.9	0	0.4	5.8606e-06
0.483333	0.94	0	0.4	4.47262e-06
0.483333	0.98	0	0.4	2.92409e-06
0.516667	-0.98	0	0.4	1.75609e-06
0.516667	-0.94	0	0.4	1.24289e-06
0.516667	-0.9	0	0.4	8.98991e-07
0.516667	-0.86	0	0.4	6.41542e-07
0.516667	-0.82	0	0.4	4.58507e-07
0.516667	-0.78	0	0.4	0.000774918
0.516667	-0.74	0	0.4	0.000962493
0.516667	-0.7	0	0.4	0.00110658
0.516667	-0.66	0	0.4	0.00133413
0.516667	-0.62	0	0.4	0.00156354
0.516667	-0.58	0	0.4	0.00176846
0.516667	-0.54	0	0.4	0.00199335
0.516667	-0.5	0	0.4	0.00220248
0.516667	-0.46	0	0.4	0.00236791
0.516667	-0.42	0	0.4	0.00263203
0.516667	-0.38	0	0.4	0.00265505
0.516667	-0.34	0	0.4	0.00277066
0.516667	-0.3	0	0.4	0.00282394
0.516667	-0.26	0	0.4	0.0027448
0.516667	-0.22	0	0.4	0.00276268
0.516667	-0.18	0	0.4	0.00257051
0.516667	-0.14	0	0.4	0.00242543
0.516667	-0.1	0	0.4	0.00215849
0.516667	-0.06	0	0.4	0.00196692
0.516667	-0.02	0	0.4	0.00180359
0.516667	0.02	0	0.4	0.00152476
0.516667	0.06	0	0.4	0.00130262
0.516667	0.1	0	0.4	0.00112433
0.516667	0.14	0	0.4	0.000913198
0.516667	0.18	0	0.4	0.000773905
0.516667	0.22	0	0.4	0.000602673
0.516667	0.26	0	0.4	0.000499274
0.516667	0.3	0	0.4	0.000396112
0.516667	0.34	0	0.4	0.000310231
0.516667	0.38	0	0.4	0.0002349
0.516667	0.42	0	0.4	0.000183543
0.516667	0.46	0	0.4	0.000141075
0.516667	0.5	0	0.4	0.000111743
0.516667	0.54	0	0.4	8.21247e-05
0.516667	0.58	0	0.4	6.06449e-05
0.516667	0.62	0	0.4	4.38407e-05
0.516667	0.66	0	0.4	3.22384e-05
0.516667	0.7	0	0.4	2.52407e-05
0.516667	0.74	0	0.4	1.73275e-05
0.516667	0.78	0	0.4	1.26916e-05
0.516667	0.82	0	0.4	9.7343e-06
0.516667	0.86	0	0.4	6.79566e-06
0.516667	0.9	0	0.4	4.94333e-06
0.516667	0.94	0	0.4	3.59236e-06
0.516667	0.98	0	0.4	2.59829e-06
0.55	-0.98	0	0.4	1.52591e-06
0.55	-0.94	0	0.4	1.10995e-06
0.55	-0.9	0	0.4	7.44867e-07
0.55	-0.86	0	0.4	5.47945e-07
0.55	-0.82	0	0.4	3.78618e-07
0.55	-0.78	0	0.4	0.000565476
0.55	-0.74	0	0.4	0.00069771
0.55	-0.7	0	0.4	0.000827329
0.55	-0.66	0	0.4	0.000994474
0.55	-0.62	0	0.4	0.00112507
0.55	-0.58	0	0.4	0.00128669
0.55	-0.54	0	0.4	0.0014864
0.55	-0.5	0	0.4	0.00159818
0.55	-0.46	0	0.4	0.00172902
0.55	-0.42	0	0.4	0.00186453
0.55	-0.38	0	0.4	0.00194577
0.55	-0.34	0	0.4	0.0019747
0.55	-0.3	0	0.4	0.00200669
0.55	-0.26	0	0.4	0.00198
0.55	-0.22	0	0.4	0.00189938
0.55	-0.18	0	0.4	0.00181533
0.55	-0.14	0	0.4	0.00160683
0.55	-0.1	0	0.4	0.00155998
0.55	-0.06	0	0.4	0.00148064
0.55	-0.02	0	0.4	0.00131574
0.55	0.02	0	0.4	0.00116247
0.55	0.06	0	0.4	0.000981576
0.55	0.1	0	0.4	0.000837191
0.55	0.14	0	0.4	0.000698628
0.55	0.18	0	0.4	0.000559404
0.55	0.22	0	0.4	0.000465467
0.55	0.26	0	0.4	0.000383665
0.55	0.3	0	0.4	0.000299073
0.55	0.34	0	0.4	0.000243234
0.55	0.38	0	0.4	0.000180709
0.55	0.42	0	0.4	0.000144357
0.55	0.46	0	0.4	0.000114112
0.55	0.5	0	0.4	8.41552e-05
0.55	0.54	0	0.4	6.4177e-05
0.55	0.58	0	0.4	4.7712e-05
0.55	0.62	0	0.4	3.7589e-05
0.55	0.66	0	0.4	2.67296e-05
0.55	0.7	0	0.4	1.98119e-05
0.55	0.74	0	0.4	1.46288e-05
0.55	0.78	0	0.4	1.09058e-05
0.55	0.82	0	0.4	7.91607e-06
0.55	0.86	0	0.4	5.37747e-06
0.55	0.9	0	0.4	4.09284e-06
0.55	0.94	0	0.4	2.90489e-06
0.55	0.98	0	0.4	2.10747e-06
0.583333	-0.98	0	0.4	1.24245e-06
0.583333	-0.94	0	0.4	8.98061e-07
0.583333	-0.9	0	0.4	6.49733e-07
0.583333	-0.86	0	0.4	4.61413e-07
0.583333	-0.82	0	0.4	3.22946e-07
0.583333	-0.78	0	0.4	0.000417425
0.583333	-0.74	0	0.4	0.000528664
0.583333	-0.7	0	0.4	0.000587147
0.583333	-0.66	0	0.4	0.000732162
0.583333	-0.62	0	0.4	0.000840779
0.583333	-0.58	0	0.4	0.000938609
0.583333	-0.54	0	0.4	0.00105206
0.583333	-0.5	0	0.4	0.00116634
0.583333	-0.46	0	0.4	0.00123156
0.583333	-0.42	0	0.4	0.00136938
0.583333	-0.38	0	0.4	0.00137861
0.583333	-0.34	0	0.4	0.00143733
0.583333	-0.3	0	0.4	0.0014523
0.583333	-0.26	0	0.4	0.00145444
0.583333	-0.22	0	0.4	0.00145078
0.583333	-0.18	0	0.4	0.00128976
0.583333	-0.14	0	0.4	0.00126148
0.583333	-0.1	0	0.4	0.00118169
0.583333	-0.06	0	0.4	0.00103116
0.583333	-0.02	0	0.4	0.000934875
0.583333	0.02	0	0.4	0.000829832
0.583333	0.06	0	0.4	0.000705607
0.583333	0.1	0	0.4	0.000623591
0.583333	0.14	0	0.4	0.000522525
0.583333	0.18	0	0.4	0.000415723
0.583333	0.22	0	0.4	0.0003498
0.583333	0.26	0	0.4	0.000295683
0.583333	0.3	0	0.4	0.000226189
0.583333	0.34	0	0.4	0.00018435
0.583333	0.38	0	0.4	0.000138652
0.583333	0.42	0	0.4	0.000115122
0.583333	0.46	0	0.4	8.59539e-05
0.583333	0.5	0	0.4	6.67547e-05
0.583333	0.54	0	0.4	5.11873e-05
0.583333	0.58	0	0.4	3.83705e-05
0.583333	0.62	0	0.4	2.84995e-05
0.583333	0.66	0	0.4	2.15785e-05
0.583333	0.7	0	0.4	1.59477e-05
0.583333	0.74	0	0.4	1.20367e-05
0.583333	0.78	0	0.4	8.50747e-06
0.583333	0.82	0	0.4	6.16079e-06
0.583333	0.86	0	0.4	4.53987e-06
0.583333	0.9	0	0.4	3.43402e-06
0.583333	0.94	0	0.4	2.43216e-06
0.583333	0.98	0	0.4	1.71341e-06
0.616667	-0.98	0	0.4	1.04219e-06
0.616667	-0.94	0	0.4	7.28289e-07
0.616667	-0.9	0	0.4	5.22632e-07
0.616667	-0.86	0	0.4	3.85168e-07
0.616667	-0.82	0	0.4	2.6724e-07
0.616667	-0.78	0	0.4	0.000320826
0.616667	-0.74	0	0.4	0.000387876
0.616667	-0.7	0	0.4	0.000452174
0.616667	-0.66	0	0.4	0.000524873
0.616667	-0.62	0	0.4	0.000607133
0.616667	-0.58	0	0.4	0.000665747
0.616667	-0.54	0	0.4	0.00075658
0.616667	-0.5	0	0.4	0.000827189
0.616667	-0.46	0	0.4	0.000900562
0.616667	-0.42	0	0.4	0.000967992
0.616667	-0.38	0	0.4	0.00101217
0.616667	-0.34	0	0.4	0.00102802
0.616667	-0.3	0	0.4	0.00104939
0.616667	-0.26	0	0.4	0.00104029
0.616667	-0.22	0	0.4	0.00103874
0.616667	-0.18	0	0.4	0.000990888
0.616667	-0.14	0	0.4	0.000898167
0.616667	-0.1	0	0.4	0.000838277
0.616667	-0.06	0	0.4	0.00075658
0.616667	-0.02	0	0.4	0.000697449
0.616667	0.02	0	0.4	0.000604733
0.616667	0.06	0	0.4	0.000533227
0.616667	0.1	0	0.4	0.000436644
0.616667	0.14	0	0.4	0.000384842
0.616667	0.18	0	0.4	0.000317022
0.616667	0.22	0	0.4	0.000255503
0.616667	0.26	0	0.4	0.000219401
0.616667	0.3	0	0.4	0.000171647
0.616667	0.34	0	0.4	0.000138667
0.616667	0.38	0	0.4	0.000109773
0.616667	0.42	0	0.4	8.66873e-05
0.616667	0.46	0	0.4	6.7164e-05
0.616667	0.5	0	0.4	5.28577e-05
0.616667	0.54	0	0.4	3.93306e-05
0.616667	0.58	0	0.4	2.99147e-05
0.616667	0.62	0	0.4	2.29665e-05
0.616667	0.66	0	0.4	1.77011e-05
0.616667	0.7	0	0.4	1.29634e-05
0.616667	0.74	0	0.4	9.60247e-06
0.616667	0.78	0	0.4	7.17921e-06
0.616667	0.82	0	0.4	5.09552e-06
0.616667	0.86	0	0.4	3.76092e-06
0.616667	0.9	0	0.4	2.69487e-06
0.616667	0.94	0	0.4	2.00234e-06
0.616667	0.98	0	0.4	1.42791e-06
0.65	-0.98	0	0.4	8.58611e-07
0.65	-0.94	0	0.4	5.98991e-07
0.65	-0.9	0	0.4	4.43286e-07
0.65	-0.86	0	0.4	3.26821e-07
0.65	-0.82	0	0.4	2.2553e-07
0.65	-0.78	0	0.4	0.000237921
0.65	-0.74	0	0.4	0.000287698
0.65	-0.7	0	0.4	0.000335097
0.65	-0.66	0	0.4	0.000375977
0.65	-0.62	0	0.4	0.000443614
0.65	-0.58	0	0.4	0.000506279
0.65	-0.54	0	0.4	0.000548711
0.65	-0.5	0	0.4	0.000594878
0.65	-0.46	0	0.4	0.00066842
0.65	-0.42	0	0.4	0.000667377
0.65	-0.38	0	0.4	0.000728295
0.65	-0.34	0	0.4	0.000735139
0.65	-0.3	0	0.4	0.000763036
0.65	-0.26	0	0.4	0.000728296
0.65	-0.22	0	0.4	0.000720669
0.65	-0.18	0	0.4	0.000708516
0.65	-0.14	0	0.4	0.00063392
0.65	-0.1	0	0.4	0.000600483
0.65	-0.06	0	0.4	0.000537737
0.65	-0.02	0	0.4	0.000510229
0.65	0.02	0	0.4	0.000445948
0.65	0.06	0	0.4	0.000391282
0.65	0.1	0	0.4	0.000337296
0.65	0.14	0	0.4	0.000282086
0.65	0.18	0	0.4	0.00023855
0.65	0.22	0	0.4	0.000197757
0.65	0.26	0	0.4	0.000164012
0.65	0.3	0	0.4	0.000130554
0.65	0.34	0	0.4	0.000105622
0.65	0.38	0	0.4	8.47406e-05
0.65	0.42	0	0.4	6.75456e-05
0.65	0.46	0	0.4	5.24847e-05
0.65	0.5	0	0.4	4.16785e-05
0.65	0.54	0	0.4	3.10278e-05
0.65	0.58	0	0.4	2.34414e-05
0.65	0.62	0	0.4	1.78279e-05
0.65	0.66	0	0.4	1.3582e-05
0.65	0.7	0	0.4	1.04881e-05
0.65	0.74	0	0.4	7.65578e-06
0.65	0.78	0	0.4	5.7285e-06
0.65	0.82	0	0.4	4.10536e-06
0.65	0.86	0	0.4	3.16131e-06
0.65	0.9	0	0.4	2.21102e-06
0.65	0.94	0	0.4	1.62346e-06
0.65	0.98	0	0.4	1.22213e-06
0.683333	-0.98	0	0.4	7.34156e-07
0.683333	-0.94	0	0.4	5.22292e-07
0.683333	-0.9	0	0.4	3.78066e-07
0.683333	-0.86	0	0.4	2.70706e-07
0.683333	-0.82	0	0.4	1.87697e-07
0.683333	-0.78	0	0.4	0.000179791
0.683333	-0.74	0	0.4	0.000203316
0.683333	-0.7	0	0.4	0.000245971
0.683333	-0.66	0	0.4	0.000281862
0.683333	-0.62	0	0.4	0.000332259
0.683333	-0.58	0	0.4	0.000358072
0.683333	-0.54	0	0.4	0.0003913
0.683333	-0.5	0	0.4	0.000442007
0.683333	-0.46	0	0.4	0.000455121
0.683333	-0.42	0	0.4	0.00048938
0.683333	-0.38	0	0.4	0.000493158
0.683333	-0.34	0	0.4	0.000527736
0.683333	-0.3	0	0.4	0.000533456
0.683333	-0.26	0	0.4	0.000536847
0.683333	-0.22	0	0.4	0.00050547
0.683333	-0.18	0	0.4	0.000502518
0.683333	-0.14	0	0.4	0.000472507
0.683333	-0.1	0	0.4	0.000440273
0.683333	-0.06	0	0.4	0.000404008
0.683333	-0.02	0	0.4	0.000351379
0.683333	0.02	0	0.4	0.000316518
0.683333	0.06	0	0.4	0.000281115
0.683333	0.1	0	0.4	0.000245971
0.683333	0.14	0	0.4	0.000210775
0.683333	0.18	0	0.4	0.000178159
0.683333	0.22	0	0.4	0.000145903
0.683333	0.26	0	0.4	0.000119072
0.683333	0.3	0	0.4	9.97995e-05
0.683333	0.34	0	0.4	7.85137e-05
0.683333	0.38	0	0.4	6.34204e-05
0.683333	0.42	0	0.4	4.97551e-05
0.683333	0.46	0	0.4	3.96476e-05
0.683333	0.5	0	0.4	3.05107e-05
0.683333	0.54	0	0.4	2.47315e-05
0.683333	0.58	0	0.4	1.89084e-05
0.683333	0.62	0	0.4	1.40598e-05
0.683333	0.66	0	0.4	1.07923e-05
0.683333	0.7	0	0.4	7.94507e-06
0.683333	0.74	0	0.4	5.99726e-06
0.683333	0.78	0	0.4	4.62853e-06
0.683333	0.82	0	0.4	3.37738e-06
0.683333	0.86	0	0.4	2.45222e-06
0.683333	0.9	0	0.4	1.85652e-06
0.683333	0.94	0	0.4	1.31911e-06
0.683333	0.98	0	0.4	9.58492e-07
0.716667	-0.98	0	0.4	5.78103e-07
0.716667	-0.94	0	0.4	4.13116e-07
0.716667	-0.9	0	0.4	2.98971e-07
0.716667	-0.86	0	0.4	2.17423e-07
0.716667	-0.82	0	0.4	1.54905e-07
0.716667	-0.78	0	0.4	0.000130198
0.716667	-0.74	0	0.4	0.000155362
0.716667	-0.7	0	0.4	0.000182649
0.716667	-0.66	0	0.4	0.000201636
0.716667	-0.62	0	0.4	0.000232305
0.716667	-0.58	0	0.4	0.000265339
0.716667	-0.54	0	0.4	0.00029335
0.716667	-0.5	0	0.4	0.000310064
0.716667	-0.46	0	0.4	0.00034451
0.716667	-0.42	0	0.4	0.000349191
0.716667	-0.38	0	0.4	0.000375393
0.716667	-0.34	0	0.4	0.000379315
0.716667	-0.3	0	0.4	0.000377751
0.716667	-0.26	0	0.4	0.00038886
0.716667	-0.22	0	0.4	0.000365579
0.716667	-0.18	0	0.4	0.000358156
0.716667	-0.14	0	0.4	0.000335126
0.716667	-0.1	0	0.4	0.000310064
0.716667	-0.06	0	0.4	0.000292585
0.716667	-0.02	0	0.4	0.000264992
0.716667	0.02	0	0.4	0.000224871
0.716667	0.06	0	0.4	0.000205183
0.716667	0.1	0	0.4	0.000181463
0.716667	0.14	0	0.4	0.000158009
0.716667	0.18	0	0.4	0.000129507
0.716667	0.22	0	0.4	0.000106673
0.716667	0.26	0	0.4	8.86672e-05
0.716667	0.3	0	0.4	7.38102e-05
0.716667	0.34	0	0.4	6.00156e-05
0.716667	0.38	0	0.4	4.70501e-05
0.716667	0.42	0	0.4	3.97054e-05
0.716667	0.46	0	0.4	3.01233e-05
0.716667	0.5	0	0.4	2.3868e-05
0.716667	0.54	0	0.4	1.87162e-05
0.716667	0.58	0	0.4	1.44937e-05
0.716667	0.62	0	0.4	1.06795e-05
0.716667	0.66	0	0.4	8.49684e-06
0.716667	0.7	0	0.4	6.41196e-06
0.716667	0.74	0	0.4	4.90651e-06
0.716667	0.78	0	0.4	3.56659e-06
0.716667	0.82	0	0.4	2.64457e-06
0.716667	0.86	0	0.4	1.91195e-06
0.716667	0.9	0	0.4	1.4764e-06
0.716667	0.94	0	0.4	1.06433e-06
0.716667	0.98	0	0.4	7.90114e-07
0.75	-0.98	0	0.4	4.73225e-07
0.75	-0.94	0	0.4	3.45408e-07
0.75	-0.9	0	0.4	2.46604e-07
0.75	-0.86	0	0.4	1.75183e-07
0.75	-0.82	0	0.4	1.31117e-07
0.75	-0.78	0	0.4	9.31716e-05
0.75	-0.74	0	0.4	0.000112986
0.75	-0.7	0	0.4	0.000128294
0.75	-0.66	0	0.4	0.000142614
0.75	-0.62	0	0.4	0.000164689
0.75	-0.58	0	0.4	0.000192108
0.75	-0.54	0	0.4	0.000213148
0.75	-0.5	0	0.4	0.000222046
0.75	-0.46	0	0.4	0.000243351
0.75	-0.42	0	0.4	0.000256217
0.75	-0.38	0	0.4	0.000271747
0.75	-0.34	0	0.4	0.000267213
0.75	-0.3	0	0.4	0.000283044
0.75	-0.26	0	0.4	0.000268653
0.75	-0.22	0	0.4	0.000261539
0.75	-0.18	0	0.4	0.000263673
0.75	-0.14	0	0.4	0.000243351
0.75	-0.1	0	0.4	0.000229859
0.75	-0.06	0	0.4	0.000209272
0.75	-0.02	0	0.4	0.000182804
0.75	0.02	0	0.4	0.00017325
0.75	0.06	0	0.4	0.000148589
0.75	0.1	0	0.4	0.000128468
0.75	0.14	0	0.4	0.000112386
0.75	0.18	0	0.4	9.63624e-05
0.75	0.22	0	0.4	8.15704e-05
0.75	0.26	0	0.4	6.85624e-05
0.75	0.3	0	0.4	5.73927e-05
0.75	0.34	0	0.4	4.5568e-05
0.75	0.38	0	0.4	3.60535e-05
0.75	0.42	0	0.4	2.95427e-05
0.75	0.46	0	0.4	2.38037e-05
0.75	0.5	0	0.4	1.82649e-05
0.75	0.54	0	0.4	1.41839e-05
0.75	0.58	0	0.4	1.12749e-05
0.75	0.62	0	0.4	8.55407e-06
0.75	0.66	0	0.4	6.66459e-06
0.75	0.7	0	0.4	4.99969e-06
0.75	0.74	0	0.4	3.66788e-06
0.75	0.78	0	0.4	2.80225e-06
0.75	0.82	0	0.4	2.0642e-06
0.75	0.86	0	0.4	1.61626e-06
0.75	0.9	0	0.4	1.1784e-06
0.75	0.94	0	0.4	8.42451e-07
0.75	0.98	0	0.4	6.32343e-07
0.783333	-0.98	0	0.4	3.9187e-07
0.783333	-0.94	0	0.4	2.82668e-07
0.783333	-0.9	0	0.4	2.0312e-07
0.783333	-0.86	0	0.4	1.48773e-07
0.783333	-0.82	0	0.4	1.07043e-07
0.783333	-0.78	0	0.4	7.14832e-05
0.783333	-0.74	0	0.4	8.17048e-05
0.783333	-0.7	0	0.4	9.59389e-05
0.783333	-0.66	0	0.4	0.000110098
0.783333	-0.62	0	0.4	0.000124758
0.783333	-0.58	0	0.4	0.000137169
0.783333	-0.54	0	0.4	0.000148586
0.783333	-0.5	0	0.4	0.000161976
0.783333	-0.46	0	0.4	0.000174103
0.783333	-0.42	0	0.4	0.000182041
0.783333	-0.38	0	0.4	0.000190623
0.783333	-0.34	0	0.4	0.000195143
0.783333	-0.3	0	0.4	0.000198409
0.783333	-0.26	0	0.4	0.000201854
0.783333	-0.22	0	0.4	0.00019441
0.783333	-0.18	0	0.4	0.000183258
0.783333	-0.14	0	0.4	0.000176877
0.783333	-0.1	0	0.4	0.000164141
0.783333	-0.06	0	0.4	0.000147186
0.783333	-0.02	0	0.4	0.000136987
0.783333	0.02	0	0.4	0.000124267
0.783333	0.06	0	0.4	0.000107919
0.783333	0.1	0	0.4	9.8611e-05
0.783333	0.14	0	0.4	8.50082e-05
0.783333	0.18	0	0.4	6.89403e-05
0.783333	0.22	0	0.4	6.09312e-05
0.783333	0.26	0	0.4	4.8776e-05
0.783333	0.3	0	0.4	4.01096e-05
0.783333	0.34	0	0.4	3.41495e-05
0.783333	0.38	0	0.4	2.74403e-05
0.783333	0.42	0	0.4	2.21748e-05
0.783333	0.46	0	0.4	1.80268e-05
0.783333	0.5	0	0.4	1.36162e-05
0.783333	0.54	0	0.4	1.12536e-05
0.783333	0.58	0	0.4	8.61567e-06
0.783333	0.62	0	0.4	6.66363e-06
0.783333	0.66	0	0.4	5.13387e-06
0.783333	0.7	0	0.4	3.86831e-06
0.783333	0.74	0	0.4	3.01199e-06
0.783333	0.78	0	0.4	2.21709e-06
0.783333	0.82	0	0.4	1.6876e-06
0.783333	0.86	0	0.4	1.26284e-06
0.783333	0.9	0	0.4	9.2172e-07
0.783333	0.94	0	0.4	6.85312e-07
0.783333	0.98	0	0.4	5.13584e-07
0.816667	-0.98	0	0.4	3.07583e-07
0.816667	-0.94	0	0.4	2.27712e-07
0.816667	-0.9	0	0.4	1.60033e-07
0.816667	-0.86	0	0.4	1.20877e-07
0.816667	-0.82	0	0.4	8.82096e-08
0.816667	-0.78	0	0.4	5.37766e-05
0.816667	-0.74	0	0.4	6.16554e-05
0.816667	-0.7	0	0.4	7.02323e-05
0.816667	-0.66	0	0.4	8.21114e-05
0.816667	-0.62	0	0.4	8.7262e-05
0.816667	-0.58	0	0.4	9.91763e-05
0.816667	-0.54	0	0.4	0.00010859
0.816667	-0.5	0	0.4	0.000119501
0.816667	-0.46	0	0.4	0.000126023
0.816667	-0.42	0	0.4	0.000130878
0.816667	-0.38	0	0.4	0.000137441
0.816667	-0.34	0	0.4	0.000137646
0.816667	-0.3	0	0.4	0.000146462
0.816667	-0.26	0	0.4	0.000138756
0.816667	-0.22	0	0.4	0.0001407
0.816667	-0.18	0	0.4	0.000137518
0.816667	-0.14	0	0.4	0.000124859
0.816667	-0.1	0	0.4	0.000117473
0.816667	-0.06	0	0.4	0.00010758
0.816667	-0.02	0	0.4	9.78575e-05
0.816667	0.02	0	0.4	8.99964e-05
0.816667	0.06	0	0.4	7.80905e-05
0.816667	0.1	0	0.4	6.67904e-05
0.816667	0.14	0	0.4	6.19786e-05
0.816667	0.18	0	0.4	5.20418e-05
0.816667	0.22	0	0.4	4.43717e-05
0.816667	0.26	0	0.4	3.74297e-05
0.816667	0.3	0	0.4	3.06342e-05
0.816667	0.34	0	0.4	2.48894e-05
0.816667	0.38	0	0.4	2.08874e-05
0.816667	0.42	0	0.4	1.62635e-05
0.816667	0.46	0	0.4	1.31113e-05
0.816667	0.5	0	0.4	1.08411e-05
0.816667	0.54	0	0.4	8.61205e-06
0.816667	0.58	0	0.4	6.90586e-06
0.816667	0.62	0	0.4	4.98181e-06
0.816667	0.66	0	0.4	4.06268e-06
0.816667	0.7	0	0.4	3.04723e-06
0.816667	0.74	0	0.4	2.32676e-06
0.816667	0.78	0	0.4	1.83518e-06
0.816667	0.82	0	0.4	1.345e-06
0.816667	0.86	0	0.4	1.02278e-06
0.816667	0.9	0	0.4	7.38843e-07
0.816667	0.94	0	0.4	5.66483e-07
0.816667	0.98	0	0.4	3.90058e-07
0.85	-0.98	0	0.4	2.55439e-07
0.85	-0.94	0	0.4	1.82257e-07
0.85	-0.9	0	0.4	1.38323e-07
0.85	-0.86	0	0.4	9.94056e-08
0.85	-0.82	0	0.4	7.17418e-08
0.85	-0.78	0	0.4	3.96661e-05
0.85	-0.74	0	0.4	4.44188e-05
0.85	-0.7	0	0.4	5.14263e-05
0.85	-0.66	0	0.4	5.80703e-05
0.85	-0.62	0	0.4	6.71128e-05
0.85	-0.58	0	0.4	7.32871e-05
0.85	-0.54	0	0.4	7.77508e-05
0.85	-0.5	0	0.4	8.43799e-05
0.85	-0.46	0	0.4	8.94041e-05
0.85	-0.42	0	0.4	9.48343e-05
0.85	-0.38	0	0.4	9.9346e-05
0.85	-0.34	0	0.4	0.000100642
0.85	-0.3	0	0.4	0.000100276
0.85	-0.26	0	0.4	0.000100907
0.85	-0.22	0	0.4	9.77876e-05
0.85	-0.18	0	0.4	9.53361e-05
0.85	-0.14	0	0.4	8.83284e-05
0.85	-0.1	0	0.4	8.5054e-05
0.85	-0.06	0	0.4	8.02521e-05
0.85	-0.02	0	0.4	7.06152e-05
0.85	0.02	0	0.4	6.30584e-05
0.85	0.06	0	0.4	5.99187e-05
0.85	0.1	0	0.4	5.16301e-05
0.85	0.14	0	0.4	4.40042e-05
0.85	0.18	0	0.4	3.9513e-05
0.85	0.22	0	0.4	3.35581e-05
0.85	0.26	0	0.4	2.75776e-05
0.85	0.3	0	0.4	2.36457e-05
0.85	0.34	0	0.4	1.9837e-05
0.85	0.38	0	0.4	1.6069e-05
0.85	0.42	0	0.4	1.25791e-05
0.85	0.46	0	0.4	1.01175e-05
0.85	0.5	0	0.4	8.15895e-06
0.85	0.54	0	0.4	6.67496e-06
0.85	0.58	0	0.4	5.1718e-06
0.85	0.62	0	0.4	3.97832e-06
0.85	0.66	0	0.4	3.19556e-06
0.85	0.7	0	0.4	2.3765e-06
0.85	0.74	0	0.4	1.84442e-06
0.85	0.78	0	0.4	1.39533e-06
0.85	0.82	0	0.4	1.10755e-06
0.85	0.86	0	0.4	8.0175e-07
0.85	0.9	0	0.4	6.06041e-07
0.85	0.94	0	0.4	4.50018e-07
0.85	0.98	0	0.4	3.24261e-07
0.883333	-0.98	0	0.4	1.96143e-07
0.883333	-0.94	0	0.4	1.47677e-07
0.883333	-0.9	0	0.4	1.09436e-07
0.883333	-0.86	0	0.4	7.83634e-08
0.883333	-0.82	0	0.4	5.98419e-08
0.883333	-0.78	0	0.4	2.80563e-05
0.883333	-0.74	0	0.4	3.20843e-05
0.883333	-0.7	0	0.4	3.83618e-05
0.883333	-0.66	0	0.4	4.07191e-05
0.883333	-0.62	0	0.4	4.71002e-05
0.883333	-0.58	0	0.4	5.27924e-05
0.883333	-0.54	0	0.4	5.72977e-05
0.883333	-0.5	0	0.4	6.34227e-05
0.883333	-0.46	0	0.4	6.68385e-05
0.883333	-0.42	0	0.4	6.89734e-05
0.883333	-0.38	0	0.4	6.92869e-05
0.883333	-0.34	0	0.4	7.11795e-05
0.883333	-0.3	0	0.4	7.4054e-05
0.883333	-0.26	0	0.4	7.26049e-05
0.883333	-0.22	0	0.4	7.15219e-05
0.883333	-0.18	0	0.4	6.99639e-05
0.883333	-0.14	0	0.4	6.57217e-05
0.883333	-0.1	0	0.4	6.14812e-05
0.883333	-0.06	0	0.4	5.78241e-05
0.883333	-0.02	0	0.4	5.27924e-05
0.883333	0.02	0	0.4	4.86639e-05
0.883333	0.06	0	0.4	4.27354e-05
0.883333	0.1	0	0.4	3.8907e-05
0.883333	0.14	0	0.4	3.39487e-05
0.883333	0.18	0	0.4	2.80563e-05
0.883333	0.22	0	0.4	2.45897e-05
0.883333	0.26	0	0.4	2.02024e-05
0.883333	0.3	0	0.4	1.73293e-05
0.883333	0.34	0	0.4	1.42609e-05
0.883333	0.38	0	0.4	1.18612e-05
0.883333	0.42	0	0.4	9.2944e-06
0.883333	0.46	0	0.4	7.78574e-06
0.883333	0.5	0	0.4	6.07413e-06
0.883333	0.54	0	0.4	5.02724e-06
0.883333	0.58	0	0.4	3.96343e-06
0.883333	0.62	0	0.4	3.00917e-06
0.883333	0.66	0	0.4	2.40998e-06
0.883333	0.7	0	0.4	1.90179e-06
0.883333	0.74	0	0.4	1.40209e-06
0.883333	0.78	0	0.4	1.08966e-06
0.883333	0.82	0	0.4	8.39846e-07
0.883333	0.86	0	0.4	6.29619e-07
0.883333	0.9	0	0.4	4.69643e-07
0.883333	0.94	0	0.4	3.55752e-07
0.883333	0.98	0	0.4	2.64363e-07
0.916667	-0.98	0	0.4	1.59274e-07
0.916667	-0.94	0	0.4	1.13436e-07
0.916667	-0.9	0	0.4	8.86754e-08
0.916667	-0.86	0	0.4	6.57037e-08
0.916667	-0.82	0	0.4	4.75654e-08
0.916667	-0.78	0	0.4	2.07262e-05
0.916667	-0.74	0	0.4	2.44459e-05
0.916667	-0.7	0	0.4	2.69144e-05
0.916667	-0.66	0	0.4	3.20321e-05
0.916667	-0.62	0	0.4	3.56725e-05
0.916667	-0.58	0	0.4	3.7511e-05
0.916667	-0.54	0	0.4	4.06723e-05
0.916667	-0.5	0	0.4	4.34974e-05
0.916667	-0.46	0	0.4	4.61193e-05
0.916667	-0.42	0	0.4	4.96339e-05
0.916667	-0.38	0	0.4	4.98844e-05
0.916667	-0.34	0	0.4	5.06044e-05
0.916667	-0.3	0	0.4	5.29948e-05
0.916667	-0.26	0	0.4	5.1013e-05
0.916667	-0.22	0	0.4	4.96173e-05
0.916667	-0.18	0	0.4	4.76304e-05
0.916667	-0.14	0	0.4	4.69837e-05
0.916667	-0.1	0	0.4	4.27987e-05
0.916667	-0.06	0	0.4	4.13773e-05
0.916667	-0.02	0	0.4	3.78103e-05
0.916667	0.02	0	0.4	3.39047e-05
0.916667	0.06	0	0.4	2.96714e-05
0.916667	0.1	0	0.4	2.70228e-05
0.916667	0.14	0	0.4	2.41922e-05
0.916667	0.18	0	0.4	2.08087e-05
0.916667	0.22	0	0.4	1.80395e-05
0.916667	0.26	0	0.4	1.43527e-05
0.916667	0.3	0	0.4	1.27772e-05
0.916667	0.34	0	0.4	1.03873e-05
0.916667	0.38	0	0.4	8.91027e-06
0.916667	0.42	0	0.4	7.4328e-06
0.916667	0.46	0	0.4	5.7042e-06
0.916667	0.5	0	0.4	4.6217e-06
0.916667	0.54	0	0.4	3.66089e-06
0.916667	0.58	0	0.4	2.98955e-06
0.916667	0.62	0	0.4	2.33478e-06
0.916667	0.66	0	0.4	1.85524e-06
0.916667	0.7	0	0.4	1.37681e-06
0.916667	0.74	0	0.4	1.12086e-06
0.916667	0.78	0	0.4	8.69808e-07
0.916667	0.82	0	0.4	6.34806e-07
0.916667	0.86	0	0.4	4.96106e-07
0.916667	0.9	0	0.4	3.74523e-07
0.916667	0.94	0	0.4	2.85158e-07
0.916667	0.98	0	0.4	2.16113e-07
0.95	-0.98	0	0.4	1.19138e-07
0.95	-0.94	0	0.4	9.31835e-08
0.95	-0.9	0	0.4	7.23501e-08
0.95	-0.86	0	0.4	5.16546e-08
0.95	-0.82	0	0.4	3.9036e-08
0.95	-0.78	0	0.4	1.5656e-05
0.95	-0.74	0	0.4	1.73496e-05
0.95	-0.7	0	0.4	1.97066e-05
0.95	-0.66	0	0.4	2.17535e-05
0.95	-0.62	0	0.4	2.48833e-05
0.95	-0.58	0	0.4	2.78222e-05
0.95	-0.54	0	0.4	2.90883e-05
0.95	-0.5	0	0.4	3.22658e-05
0.95	-0.46	0	0.4	3.32712e-05
0.95	-0.42	0	0.4	3.39509e-05
0.95	-0.38	0	0.4	3.69186e-05
0.95	-0.34	0	0.4	3.68035e-05
0.95	-0.3	0	0.4	3.65976e-05
0.95	-0.26	0	0.4	3.6169e-05
0.95	-0.22	0	0.4	3.62003e-05
0.95	-0.18	0	0.4	3.49713e-05
0.95	-0.14	0	0.4	3.34487e-05
0.95	-0.1	0	0.4	3.26848e-05
0.95	-0.06	0	0.4	2.95183e-05
0.95	-0.02	0	0.4	2.6741e-05
0.95	0.02	0	0.4	2.51131e-05
0.95	0.06	0	0.4	2.18421e-05
0.95	0.1	0	0.4	1.96014e-05
0.95	0.14	0	0.4	1.74423e-05
0.95	0.18	0	0.4	1.47078e-05
0.95	0.22	0	0.4	1.32515e-05
0.95	0.26	0	0.4	1.09665e-05
0.95	0.3	0	0.4	9.61857e-06
0.95	0.34	0	0.4	7.84246e-06
0.95	0.38	0	0.4	6.61104e-06
0.95	0.42	0	0.4	5.44464e-06
0.95	0.46	0	0.4	4.45268e-06
0.95	0.5	0	0.4	3.54625e-06
0.95	0.54	0	0.4	2.97297e-06
0.95	0.58	0	0.4	2.3578e-06
0.95	0.62	0	0.4	1.79215e-06
0.95	0.66	0	0.4	1.42615e-06
0.95	0.7	0	0.4	1.14223e-06
0.95	0.74	0	0.4	8.44723e-07
0.95	0.78	0	0.4	6.52176e-07
0.95	0.82	0	0.4	5.38001e-07
0.95	0.86	0	0.4	3.8243e-07
0.95	0.9	0	0.4	2.93754e-07
0.95	0.94	0	0.4	2.14718e-07
0.95	0.98	0	0.4	1.70594e-07
0.983333	-0.98	0	0.4	1.02311e-07
0.983333	-0.94	0	0.4	7.41468e-08
0.983333	-0.9	0	0.4	5.50224e-08
0.983333	-0.86	0	0.4	4.10601e-08
0.983333	-0.82	0	0.4	3.10197e-08
0.983333	-0.78	0	0.4	1.11828e-05
0.983333	-0.74	0	0.4	1.24096e-05
0.983333	-0.7	0	0.4	1.42067e-05
0.983333	-0.66	0	0.4	1.59794e-05
0.983333	-0.62	0	0.4	1.74415e-05
0.983333	-0.58	0	0.4	1.98847e-05
0.983333	-0.54	0	0.4	2.04857e-05
0.983333	-0.5	0	0.4	2.33047e-05
0.983333	-0.46	0	0.4	2.39348e-05
0.983333	-0.42	0	0.4	2.4563e-05
0.983333	-0.38	0	0.4	2.58875e-05
0.983333	-0.34	0	0.4	2.66205e-05
0.983333	-0.3	0	0.4	2.66813e-05
0.983333	-0.26	0	0.4	2.71802e-05
0.983333	-0.22	0	0.4	2.62995e-05
0.983333	-0.18	0	0.4	2.53286e-05
0.983333	-0.14	0	0.4	2.3871e-05
0.983333	-0.1	0	0.4	2.30333e-05
0.983333	-0.06	0	0.4	2.09929e-05
0.983333	-0.02	0	0.4	1.99108e-05
0.983333	0.02	0	0.4	1.73702e-05
0.983333	0.06	0	0.4	1.66229e-05
0.983333	0.1	0	0.4	1.4379e-05
0.983333	0.14	0	0.4	1.2528e-05
0.983333	0.18	0	0.4	1.13896e-05
0.983333	0.22	0	0.4	9.9525e-06
0.983333	0.26	0	0.4	8.20516e-06
0.983333	0.3	0	0.4	6.97761e-06
0.983333	0.34	0	0.4	5.80875e-06
0.983333	0.38	0	0.4	5.00005e-06
0.983333	0.42	0	0.4	4.10708e-06
0.983333	0.46	0	0.4	3.36767e-06
0.983333	0.5	0	0.4	2.71099e-06
0.983333	0.54	0	0.4	2.17711e-06
0.983333	0.58	0	0.4	1.68958e-06
0.983333	0.62	0	0.4	1.33191e-06
0.983333	0.66	0	0.4	1.09344e-06
0.983333	0.7	0	0.4	8.6343e-07
0.983333	0.74	0	0.4	6.4051e-07
0.983333	0.78	0	0.4	5.03328e-07
0.983333	0.82	0	0.4	4.00642e-07
0.983333	0.86	0	0.4	3.03941e-07
0.983333	0.9	0	0.4	2.32162e-07
0.983333	0.94	0	0.4	1.79286e-07
0.983333	0.98	0	0.4	1.37596e-07
