-0.983333	-0.98	0	0.2	2.26595e-08
-0.983333	-0.94	0	0.2	1.69223e-08
-0.983333	-0.9	0	0.2	1.20982e-08
-0.983333	-0.86	0	0.2	3.85726e-06
-0.983333	-0.82	0	0.2	4.43895e-06
-0.983333	-0.78	0	0.2	4.93733e-06
-0.983333	-0.74	0	0.2	5.40501e-06
-0.983333	-0.7	0	0.2	5.90294e-06
-0.983333	-0.66	0	0.2	6.42288e-06
-0.983333	-0.62	0	0.2	6.80398e-06
-0.983333	-0.58	0	0.2	7.11243e-06
-0.983333	-0.54	0	0.2	7.58618e-06
-0.983333	-0.5	0	0.2	7.74811e-06
-0.983333	-0.46	0	0.2	7.80572e-06
-0.983333	-0.42	0	0.2	8.09817e-06
-0.983333	-0.38	0	0.2	8.08891e-06
-0.983333	-0.34	0	0.2	8.01643e-06
-0.983333	-0.3	0	0.2	7.80186e-06
-0.983333	-0.26	0	0.2	7.62948e-06
-0.983333	-0.22	0	0.2	7.16211e-06
-0.983333	-0.18	0	0.2	6.61607e-06
-0.983333	-0.14	0	0.2	6.32035e-06
-0.983333	-0.1	0	0.2	5.9436e-06
-0.983333	-0.06	0	0.2	5.42363e-06
-0.983333	-0.02	0	0.2	4.84735e-06
-0.983333	0.02	0	0.2	4.33302e-06
-0.983333	0.06	0	0.2	3.8483e-06
-0.983333	0.1	0	0.2	3.42021e-06
-0.983333	0.14	0	0.2	2.98674e-06
-0.983333	0.18	0	0.2	2.52797e-06
-0.983333	0.22	0	0.2	2.20343e-06
-0.983333	0.26	0	0.2	1.86459e-06
-0.983333	0.3	0	0.2	1.59176e-06
-0.983333	0.34	0	0.2	1.31133e-06
-0.983333	0.38	0	0.2	1.09665e-06
-0.983333	0.42	0	0.2	8.85463e-07
-0.983333	0.46	0	0.2	7.26246e-07
-0.983333	0.5	0	0.2	5.87387e-07
-0.983333	0.54	0	0.2	4.66957e-07
-0.983333	0.58	0	0.2	3.77457e-07
-0.983333	0.62	0	0.2	3.00741e-07
-0.983333	0.66	0	0.2	2.34625e-07
-0.983333	0.7	0	0.2	1.80035e-07
-0.983333	0.74	0	0.2	1.44826e-07
-0.983333	0.78	0	0.2	1.13963e-07
-0.983333	0.82	0	0.2	8.75001e-08
-0.983333	0.86	0	0.2	6.68505e-08
-0.983333	0.9	0	0.2	5.095e-08
-0.983333	0.94	0	0.2	3.87903e-08
-0.983333	0.98	0	0.2	2.95069e-08
-0.95	-0.98	0	0.2	1.80639e-08
-0.95	-0.94	0	0.2	1.32913e-08
-0.95	-0.9	0	0.2	9.91931e-09
-0.95	-0.86	0	0.2	2.79197e-06
-0.95	-0.82	0	0.2	3.26769e-06
-0.95	-0.78	0	0.2	3.48772e-06
-0.95	-0.74	0	0.2	3.88096e-06
-0.95	-0.7	0	0.2	4.29879e-06
-0.95	-0.66	0	0.2	4.66911e-06
-0.95	-0.62	0	0.2	4.80965e-06
-0.95	-0.58	0	0.2	5.24636e-06
-0.95	-0.54	0	0.2	5.33247e-06
-0.95	-0.5	0	0.2	5.55627e-06
-0.95	-0.46	0	0.2	5.58812e-06
-0.95	-0.42	0	0.2	5.75632e-06
-0.95	-0.38	0	0.2	5.76296e-06
-0.95	-0.34	0	0.2	5.76541e-06
-0.95	-0.3	0	0.2	5.61408e-06
-0.95	-0.26	0	0.2	5.38219e-06
-0.95	-0.22	0	0.2	5.17498e-06
-0.95	-0.18	0	0.2	4.88286e-06
-0.95	-0.14	0	0.2	4.58997e-06
-0.95	-0.1	0	0.2	4.24988e-06
-0.95	-0.06	0	0.2	3.86302e-06
-0.95	-0.02	0	0.2	3.55291e-06
-0.95	0.02	0	0.2	3.22006e-06
-0.95	0.06	0	0.2	2.8572e-06
-0.95	0.1	0	0.2	2.43343e-06
-0.95	0.14	0	0.2	2.16881e-06
-0.95	0.18	0	0.2	1.89734e-06
-0.95	0.22	0	0.2	1.64322e-06
-0.95	0.26	0	0.2	1.37273e-06
-0.95	0.3	0	0.2	1.13821e-06
-0.95	0.34	0	0.2	9.81906e-07
-0.95	0.38	0	0.2	8.07121e-07
-0.95	0.42	0	0.2	6.60701e-07
-0.95	0.46	0	0.2	5.3438e-07
-0.95	0.5	0	0.2	4.45475e-07
-0.95	0.54	0	0.2	3.54602e-07
-0.95	0.58	0	0.2	2.87321e-07
-0.95	0.62	0	0.2	2.25528e-07
-0.95	0.66	0	0.2	1.80301e-07
-0.95	0.7	0	0.2	1.45597e-07
-0.95	0.74	0	0.2	1.11442e-07
-0.95	0.78	0	0.2	8.59002e-08
-0.95	0.82	0	0.2	6.60982e-08
-0.95	0.86	0	0.2	5.30632e-08
-0.95	0.9	0	0.2	4.04925e-08
-0.95	0.94	0	0.2	3.03018e-08
-0.95	0.98	0	0.2	2.36621e-08
-0.916667	-0.98	0	0.2	1.38986e-08
-0.916667	-0.94	0	0.2	1.03743e-08
-0.916667	-0.9	0	0.2	7.9936e-09
-0.916667	-0.86	0	0.2	2.07167e-06
-0.916667	-0.82	0	0.2	2.23881e-06
-0.916667	-0.78	0	0.2	2.56715e-06
-0.916667	-0.74	0	0.2	2.82759e-06
-0.916667	-0.7	0	0.2	3.05173e-06
-0.916667	-0.66	0	0.2	3.35514e-06
-0.916667	-0.62	0	0.2	3.50356e-06
-0.916667	-0.58	0	0.2	3.79844e-06
-0.916667	-0.54	0	0.2	3.93815e-06
-0.916667	-0.5	0	0.2	4.0396e-06
-0.916667	-0.46	0	0.2	4.13696e-06
-0.916667	-0.42	0	0.2	4.11996e-06
-0.916667	-0.38	0	0.2	4.10569e-06
-0.916667	-0.34	0	0.2	4.03813e-06
-0.916667	-0.3	0	0.2	4.01196e-06
-0.916667	-0.26	0	0.2	3.92477e-06
-0.916667	-0.22	0	0.2	3.76853e-06
-0.916667	-0.18	0	0.2	3.48736e-06
-0.916667	-0.14	0	0.2	3.23354e-06
-0.916667	-0.1	0	0.2	3.00939e-06
-0.916667	-0.06	0	0.2	2.83731e-06
-0.916667	-0.02	0	0.2	2.51993e-06
-0.916667	0.02	0	0.2	2.30794e-06
-0.916667	0.06	0	0.2	2.05506e-06
-0.916667	0.1	0	0.2	1.79178e-06
-0.916667	0.14	0	0.2	1.60096e-06
-0.916667	0.18	0	0.2	1.37568e-06
-0.916667	0.22	0	0.2	1.20468e-06
-0.916667	0.26	0	0.2	1.01057e-06
-0.916667	0.3	0	0.2	8.4847e-07
-0.916667	0.34	0	0.2	7.15831e-07
-0.916667	0.38	0	0.2	6.06209e-07
-0.916667	0.42	0	0.2	4.94486e-07
-0.916667	0.46	0	0.2	4.04613e-07
-0.916667	0.5	0	0.2	3.3838e-07
-0.916667	0.54	0	0.2	2.6752e-07
-0.916667	0.58	0	0.2	2.23034e-07
-0.916667	0.62	0	0.2	1.72537e-07
-0.916667	0.66	0	0.2	1.35705e-07
-0.916667	0.7	0	0.2	1.09e-07
-0.916667	0.74	0	0.2	8.52591e-08
-0.916667	0.78	0	0.2	6.77217e-08
-0.916667	0.82	0	0.2	5.06151e-08
-0.916667	0.86	0	0.2	3.98132e-08
-0.916667	0.9	0	0.2	3.04786e-08
-0.916667	0.94	0	0.2	2.35269e-08
-0.916667	0.98	0	0.2	1.84781e-08
-0.883333	-0.98	0	0.2	3.53237e-06
-0.883333	-0.94	0	0.2	2.39274e-06
-0.883333	-0.9	0	0.2	1.65479e-06
-0.883333	-0.86	0	0.2	0.014423
-0.883333	-0.82	0	0.2	0.0188547
-0.883333	-0.78	0	0.2	0.0239165
-0.883333	-0.74	0	0.2	0.0300239
-0.883333	-0.7	0	0.2	0.0374456
-0.883333	-0.66	0	0.2	0.0442148
-0.883333	-0.62	0	0.2	0.0539883
-0.883333	-0.58	0	0.2	0.0622491
-0.883333	-0.54	0	0.2	0.0686128
-0.883333	-0.5	0	0.2	0.0767332
-0.883333	-0.46	0	0.2	0.0806338
-0.883333	-0.42	0	0.2	0.0827168
-0.883333	-0.38	0	0.2	0.0830027
-0.883333	-0.34	0	0.2	0.0804489
-0.883333	-0.3	0	0.2	0.0766461
-0.883333	-0.26	0	0.2	0.0698081
-0.883333	-0.22	0	0.2	0.0615401
-0.883333	-0.18	0	0.2	0.0536198
-0.883333	-0.14	0	0.2	0.0454084
-0.883333	-0.1	0	0.2	0.03706
-0.883333	-0.06	0	0.2	0.0301624
-0.883333	-0.02	0	0.2	0.0237243
-0.883333	0.02	0	0.2	0.0184052
-0.883333	0.06	0	0.2	0.0140945
-0.883333	0.1	0	0.2	0.0108223
-0.883333	0.14	0	0.2	0.0080327
-0.883333	0.18	0	0.2	0.00601663
-0.883333	0.22	0	0.2	0.00435835
-0.883333	0.26	0	0.2	0.00319358
-0.883333	0.3	0	0.2	0.00232062
-0.883333	0.34	0	0.2	0.00168321
-0.883333	0.38	0	0.2	0.00119212
-0.883333	0.42	0	0.2	0.000854583
-0.883333	0.46	0	0.2	0.000605057
-0.883333	0.5	0	0.2	0.000413673
-0.883333	0.54	0	0.2	0.000301864
-0.883333	0.58	0	0.2	0.000209307
-0.883333	0.62	0	0.2	0.000144202
-0.883333	0.66	0	0.2	9.88428e-05
-0.883333	0.7	0	0.2	6.98087e-05
-0.883333	0.74	0	0.2	4.72478e-05
-0.883333	0.78	0	0.2	3.30053e-05
-0.883333	0.82	0	0.2	2.31701e-05
-0.883333	0.86	0	0.2	1.56711e-05
-0.883333	0.9	0	0.2	1.09541e-05
-0.883333	0.94	0	0.2	7.2581e-06
-0.883333	0.98	0	0.2	5.02015e-06
-0.85	-0.98	0	0.2	3.93767e-06
-0.85	-0.94	0	0.2	2.62387e-06
-0.85	-0.9	0	0.2	1.81244e-06
-0.85	-0.86	0	0.2	0.018026
-0.85	-0.82	0	0.2	0.0234487
-0.85	-0.78	0	0.2	0.0304925
-0.85	-0.74	0	0.2	0.0388308
-0.85	-0.7	0	0.2	0.048656
-0.85	-0.66	0	0.2	0.0588295
-0.85	-0.62	0	0.2	0.0686248
-0.85	-0.58	0	0.2	0.0833501
-0.85	-0.54	0	0.2	0.0923007
-0.85	-0.5	0	0.2	0.103102
-0.85	-0.46	0	0.2	0.106848
-0.85	-0.42	0	0.2	0.111909
-0.85	-0.38	0	0.2	0.113965
-0.85	-0.34	0	0.2	0.104482
-0.85	-0.3	0	0.2	0.102283
-0.85	-0.26	0	0.2	0.093261
-0.85	-0.22	0	0.2	0.0827831
-0.85	-0.18	0	0.2	0.0713926
-0.85	-0.14	0	0.2	0.0597861
-0.85	-0.1	0	0.2	0.048936
-0.85	-0.06	0	0.2	0.0398184
-0.85	-0.02	0	0.2	0.030916
-0.85	0.02	0	0.2	0.0235578
-0.85	0.06	0	0.2	0.018109
-0.85	0.1	0	0.2	0.0134835
-0.85	0.14	0	0.2	0.0101294
-0.85	0.18	0	0.2	0.00720014
-0.85	0.22	0	0.2	0.00543116
-0.85	0.26	0	0.2	0.00388622
-0.85	0.3	0	0.2	0.00273932
-0.85	0.34	0	0.2	0.00201913
-0.85	0.38	0	0.2	0.00141913
-0.85	0.42	0	0.2	0.000980193
-0.85	0.46	0	0.2	0.000685159
-0.85	0.5	0	0.2	0.000489538
-0.85	0.54	0	0.2	0.000337512
-0.85	0.58	0	0.2	0.000242367
-0.85	0.62	0	0.2	0.000166786
-0.85	0.66	0	0.2	0.000114231
-0.85	0.7	0	0.2	7.76956e-05
-0.85	0.74	0	0.2	5.40453e-05
-0.85	0.78	0	0.2	3.75684e-05
-0.85	0.82	0	0.2	2.52094e-05
-0.85	0.86	0	0.2	1.78594e-05
-0.85	0.9	0	0.2	1.22178e-05
-0.85	0.94	0	0.2	8.36704e-06
-0.85	0.98	0	0.2	5.7561e-06
-0.816667	-0.98	0	0.2	4.29069e-06
-0.816667	-0.94	0	0.2	2.94199e-06
-0.816667	-0.9	0	0.2	1.98125e-06
-0.816667	-0.86	0	0.2	0.0222318
-0.816667	-0.82	0	0.2	0.0287958
-0.816667	-0.78	0	0.2	0.0385906
-0.816667	-0.74	0	0.2	0.0503704
-0.816667	-0.7	0	0.2	0.0624601
-0.816667	-0.66	0	0.2	0.0769564
-0.816667	-0.62	0	0.2	0.0912044
-0.816667	-0.58	0	0.2	0.107813
-0.816667	-0.54	0	0.2	0.123523
-0.816667	-0.5	0	0.2	0.136825
-0.816667	-0.46	0	0.2	0.143736
-0.816667	-0.42	0	0.2	0.148103
-0.816667	-0.38	0	0.2	0.149473
-0.816667	-0.34	0	0.2	0.142742
-0.816667	-0.3	0	0.2	0.132627
-0.816667	-0.26	0	0.2	0.12324
-0.816667	-0.22	0	0.2	0.107938
-0.816667	-0.18	0	0.2	0.0933404
-0.816667	-0.14	0	0.2	0.0760657
-0.816667	-0.1	0	0.2	0.0625325
-0.816667	-0.06	0	0.2	0.0496788
-0.816667	-0.02	0	0.2	0.0393094
-0.816667	0.02	0	0.2	0.0291398
-0.816667	0.06	0	0.2	0.0224653
-0.816667	0.1	0	0.2	0.0168296
-0.816667	0.14	0	0.2	0.0123486
-0.816667	0.18	0	0.2	0.00891916
-0.816667	0.22	0	0.2	0.00646137
-0.816667	0.26	0	0.2	0.00462496
-0.816667	0.3	0	0.2	0.00330463
-0.816667	0.34	0	0.2	0.00236701
-0.816667	0.38	0	0.2	0.00167752
-0.816667	0.42	0	0.2	0.00114382
-0.816667	0.46	0	0.2	0.00081643
-0.816667	0.5	0	0.2	0.000574089
-0.816667	0.54	0	0.2	0.000392993
-0.816667	0.58	0	0.2	0.000271076
-0.816667	0.62	0	0.2	0.000187836
-0.816667	0.66	0	0.2	0.000130032
-0.816667	0.7	0	0.2	9.02546e-05
-0.816667	0.74	0	0.2	6.07692e-05
-0.816667	0.78	0	0.2	4.18034e-05
-0.816667	0.82	0	0.2	2.85497e-05
-0.816667	0.86	0	0.2	1.9995e-05
-0.816667	0.9	0	0.2	1.34982e-05
-0.816667	0.94	0	0.2	9.19644e-06
-0.816667	0.98	0	0.2	6.36779e-06
-0.783333	-0.98	0	0.2	4.7397e-06
-0.783333	-0.94	0	0.2	3.06615e-06
-0.783333	-0.9	0	0.2	2.16889e-06
-0.783333	-0.86	0	0.2	0.027922
-0.783333	-0.82	0	0.2	0.0377876
-0.783333	-0.78	0	0.2	0.0488124
-0.783333	-0.74	0	0.2	0.0633614
-0.783333	-0.7	0	0.2	0.0814849
-0.783333	-0.66	0	0.2	0.100282
-0.783333	-0.62	0	0.2	0.120532
-0.783333	-0.58	0	0.2	0.140039
-0.783333	-0.54	0	0.2	0.160104
-0.783333	-0.5	0	0.2	0.178822
-0.783333	-0.46	0	0.2	0.188579
-0.783333	-0.42	0	0.2	0.197826
-0.783333	-0.38	0	0.2	0.198051
-0.783333	-0.34	0	0.2	0.187057
-0.783333	-0.3	0	0.2	0.178618
-0.783333	-0.26	0	0.2	0.158996
-0.783333	-0.22	0	0.2	0.141824
-0.783333	-0.18	0	0.2	0.117765
-0.783333	-0.14	0	0.2	0.0992494
-0.783333	-0.1	0	0.2	0.080187
-0.783333	-0.06	0	0.2	0.0658491
-0.783333	-0.02	0	0.2	0.0498305
-0.783333	0.02	0	0.2	0.0368859
-0.783333	0.06	0	0.2	0.0277616
-0.783333	0.1	0	0.2	0.0206159
-0.783333	0.14	0	0.2	0.0152392
-0.783333	0.18	0	0.2	0.0109674
-0.783333	0.22	0	0.2	0.00781068
-0.783333	0.26	0	0.2	0.00543476
-0.783333	0.3	0	0.2	0.00391432
-0.783333	0.34	0	0.2	0.00273126
-0.783333	0.38	0	0.2	0.00187733
-0.783333	0.42	0	0.2	0.00133433
-0.783333	0.46	0	0.2	0.000926651
-0.783333	0.5	0	0.2	0.00066617
-0.783333	0.54	0	0.2	0.000445181
-0.783333	0.58	0	0.2	0.000306386
-0.783333	0.62	0	0.2	0.000214089
-0.783333	0.66	0	0.2	0.000143584
-0.783333	0.7	0	0.2	9.75752e-05
-0.783333	0.74	0	0.2	6.75435e-05
-0.783333	0.78	0	0.2	4.74409e-05
-0.783333	0.82	0	0.2	3.14895e-05
-0.783333	0.86	0	0.2	2.179e-05
-0.783333	0.9	0	0.2	1.46314e-05
-0.783333	0.94	0	0.2	1.0198e-05
-0.783333	0.98	0	0.2	7.02665e-06
-0.75	-0.98	0	0.2	5.02252e-06
-0.75	-0.94	0	0.2	3.50049e-06
-0.75	-0.9	0	0.2	2.3637e-06
-0.75	-0.86	0	0.2	0.0351155
-0.75	-0.82	0	0.2	0.046382
-0.75	-0.78	0	0.2	0.0615391
-0.75	-0.74	0	0.2	0.0785885
-0.75	-0.7	0	0.2	0.101463
-0.75	-0.66	0	0.2	0.126952
-0.75	-0.62	0	0.2	0.150889
-0.75	-0.58	0	0.2	0.18261
-0.75	-0.54	0	0.2	0.203389
-0.75	-0.5	0	0.2	0.228376
-0.75	-0.46	0	0.2	0.243287
-0.75	-0.42	0	0.2	0.249232
-0.75	-0.38	0	0.2	0.255318
-0.75	-0.34	0	0.2	0.243287
-0.75	-0.3	0	0.2	0.229163
-0.75	-0.26	0	0.2	0.206711
-0.75	-0.22	0	0.2	0.179282
-0.75	-0.18	0	0.2	0.152656
-0.75	-0.14	0	0.2	0.12564
-0.75	-0.1	0	0.2	0.10158
-0.75	-0.06	0	0.2	0.079047
-0.75	-0.02	0	0.2	0.0602732
-0.75	0.02	0	0.2	0.0456937
-0.75	0.06	0	0.2	0.03386
-0.75	0.1	0	0.2	0.0246721
-0.75	0.14	0	0.2	0.0182542
-0.75	0.18	0	0.2	0.0128678
-0.75	0.22	0	0.2	0.00918787
-0.75	0.26	0	0.2	0.00653212
-0.75	0.3	0	0.2	0.00452913
-0.75	0.34	0	0.2	0.00319098
-0.75	0.38	0	0.2	0.00217536
-0.75	0.42	0	0.2	0.00153731
-0.75	0.46	0	0.2	0.00108157
-0.75	0.5	0	0.2	0.000725016
-0.75	0.54	0	0.2	0.000506534
-0.75	0.58	0	0.2	0.000343135
-0.75	0.62	0	0.2	0.000240454
-0.75	0.66	0	0.2	0.000160671
-0.75	0.7	0	0.2	0.000113662
-0.75	0.74	0	0.2	7.56729e-05
-0.75	0.78	0	0.2	5.1599e-05
-0.75	0.82	0	0.2	3.50654e-05
-0.75	0.86	0	0.2	2.44133e-05
-0.75	0.9	0	0.2	1.6092e-05
-0.75	0.94	0	0.2	1.10466e-05
-0.75	0.98	0	0.2	7.42103e-06
-0.716667	-0.98	0	0.2	5.591e-06
-0.716667	-0.94	0	0.2	3.70152e-06
-0.716667	-0.9	0	0.2	2.52355e-06
-0.716667	-0.86	0	0.2	0.0405686
-0.716667	-0.82	0	0.2	0.0553921
-0.716667	-0.78	0	0.2	0.0751127
-0.716667	-0.74	0	0.2	0.0980948
-0.716667	-0.7	0	0.2	0.129202
-0.716667	-0.66	0	0.2	0.158862
-0.716667	-0.62	0	0.2	0.194015
-0.716667	-0.58	0	0.2	0.228216
-0.716667	-0.54	0	0.2	0.263507
-0.716667	-0.5	0	0.2	0.28868
-0.716667	-0.46	0	0.2	0.306882
-0.716667	-0.42	0	0.2	0.320232
-0.716667	-0.38	0	0.2	0.317307
-0.716667	-0.34	0	0.2	0.306175
-0.716667	-0.3	0	0.2	0.286696
-0.716667	-0.26	0	0.2	0.263507
-0.716667	-0.22	0	0.2	0.230571
-0.716667	-0.18	0	0.2	0.194459
-0.716667	-0.14	0	0.2	0.157769
-0.716667	-0.1	0	0.2	0.124691
-0.716667	-0.06	0	0.2	0.0993408
-0.716667	-0.02	0	0.2	0.0745953
-0.716667	0.02	0	0.2	0.0550056
-0.716667	0.06	0	0.2	0.0420834
-0.716667	0.1	0	0.2	0.0297629
-0.716667	0.14	0	0.2	0.0215683
-0.716667	0.18	0	0.2	0.0153122
-0.716667	0.22	0	0.2	0.0109998
-0.716667	0.26	0	0.2	0.0076432
-0.716667	0.3	0	0.2	0.00527129
-0.716667	0.34	0	0.2	0.00365725
-0.716667	0.38	0	0.2	0.00254571
-0.716667	0.42	0	0.2	0.00174851
-0.716667	0.46	0	0.2	0.00119089
-0.716667	0.5	0	0.2	0.000824324
-0.716667	0.54	0	0.2	0.000559699
-0.716667	0.58	0	0.2	0.000386876
-0.716667	0.62	0	0.2	0.000260009
-0.716667	0.66	0	0.2	0.000178803
-0.716667	0.7	0	0.2	0.00012252
-0.716667	0.74	0	0.2	8.46257e-05
-0.716667	0.78	0	0.2	5.49937e-05
-0.716667	0.82	0	0.2	3.77981e-05
-0.716667	0.86	0	0.2	2.59848e-05
-0.716667	0.9	0	0.2	1.76438e-05
-0.716667	0.94	0	0.2	1.18203e-05
-0.716667	0.98	0	0.2	8.24024e-06
-0.683333	-0.98	0	0.2	5.88124e-06
-0.683333	-0.94	0	0.2	3.90339e-06
-0.683333	-0.9	0	0.2	2.68784e-06
-0.683333	-0.86	0	0.2	0.0493163
-0.683333	-0.82	0	0.2	0.0661537
-0.683333	-0.78	0	0.2	0.0928676
-0.683333	-0.74	0	0.2	0.119074
-0.683333	-0.7	0	0.2	0.151843
-0.683333	-0.66	0	0.2	0.191375
-0.683333	-0.62	0	0.2	0.239835
-0.683333	-0.58	0	0.2	0.282494
-0.683333	-0.54	0	0.2	0.327339
-0.683333	-0.5	0	0.2	0.362139
-0.683333	-0.46	0	0.2	0.377798
-0.683333	-0.42	0	0.2	0.39406
-0.683333	-0.38	0	0.2	0.382364
-0.683333	-0.34	0	0.2	0.370834
-0.683333	-0.3	0	0.2	0.360102
-0.683333	-0.26	0	0.2	0.326234
-0.683333	-0.22	0	0.2	0.275399
-0.683333	-0.18	0	0.2	0.236834
-0.683333	-0.14	0	0.2	0.187798
-0.683333	-0.1	0	0.2	0.152732
-0.683333	-0.06	0	0.2	0.119487
-0.683333	-0.02	0	0.2	0.0919306
-0.683333	0.02	0	0.2	0.0672344
-0.683333	0.06	0	0.2	0.0482467
-0.683333	0.1	0	0.2	0.0342296
-0.683333	0.14	0	0.2	0.025458
-0.683333	0.18	0	0.2	0.0174317
-0.683333	0.22	0	0.2	0.0123963
-0.683333	0.26	0	0.2	0.00857444
-0.683333	0.3	0	0.2	0.00596481
-0.683333	0.34	0	0.2	0.00416669
-0.683333	0.38	0	0.2	0.00287481
-0.683333	0.42	0	0.2	0.00189509
-0.683333	0.46	0	0.2	0.00134425
-0.683333	0.5	0	0.2	0.000915858
-0.683333	0.54	0	0.2	0.000627243
-0.683333	0.58	0	0.2	0.000424547
-0.683333	0.62	0	0.2	0.000287971
-0.683333	0.66	0	0.2	0.000193071
-0.683333	0.7	0	0.2	0.000134055
-0.683333	0.74	0	0.2	8.91955e-05
-0.683333	0.78	0	0.2	6.19639e-05
-0.683333	0.82	0	0.2	4.22712e-05
-0.683333	0.86	0	0.2	2.80702e-05
-0.683333	0.9	0	0.2	1.86436e-05
-0.683333	0.94	0	0.2	1.26982e-05
-0.683333	0.98	0	0.2	8.74444e-06
-0.65	-0.98	0	0.2	6.15341e-06
-0.65	-0.94	0	0.2	4.20753e-06
-0.65	-0.9	0	0.2	2.88866e-06
-0.65	-0.86	0	0.2	0.0572128
-0.65	-0.82	0	0.2	0.0797307
-0.65	-0.78	0	0.2	0.106636
-0.65	-0.74	0	0.2	0.141965
-0.65	-0.7	0	0.2	0.183331
-0.65	-0.66	0	0.2	0.232812
-0.65	-0.62	0	0.2	0.286151
-0.65	-0.58	0	0.2	0.340884
-0.65	-0.54	0	0.2	0.383457
-0.65	-0.5	0	0.2	0.421609
-0.65	-0.46	0	0.2	0.447744
-0.65	-0.42	0	0.2	0.467211
-0.65	-0.38	0	0.2	0.476372
-0.65	-0.34	0	0.2	0.453484
-0.65	-0.3	0	0.2	0.435304
-0.65	-0.26	0	0.2	0.378137
-0.65	-0.22	0	0.2	0.338554
-0.65	-0.18	0	0.2	0.285166
-0.65	-0.14	0	0.2	0.235231
-0.65	-0.1	0	0.2	0.186955
-0.65	-0.06	0	0.2	0.143279
-0.65	-0.02	0	0.2	0.10503
-0.65	0.02	0	0.2	0.0793666
-0.65	0.06	0	0.2	0.0580038
-0.65	0.1	0	0.2	0.0412477
-0.65	0.14	0	0.2	0.0295142
-0.65	0.18	0	0.2	0.0203056
-0.65	0.22	0	0.2	0.0140823
-0.65	0.26	0	0.2	0.0097926
-0.65	0.3	0	0.2	0.0067727
-0.65	0.34	0	0.2	0.00460947
-0.65	0.38	0	0.2	0.00319005
-0.65	0.42	0	0.2	0.00224221
-0.65	0.46	0	0.2	0.00148688
-0.65	0.5	0	0.2	0.00101249
-0.65	0.54	0	0.2	0.000690859
-0.65	0.58	0	0.2	0.00046282
-0.65	0.62	0	0.2	0.000317276
-0.65	0.66	0	0.2	0.000209423
-0.65	0.7	0	0.2	0.000143674
-0.65	0.74	0	0.2	9.78054e-05
-0.65	0.78	0	0.2	6.66875e-05
-0.65	0.82	0	0.2	4.45659e-05
-0.65	0.86	0	0.2	2.98324e-05
-0.65	0.9	0	0.2	2.07569e-05
-0.65	0.94	0	0.2	1.35676e-05
-0.65	0.98	0	0.2	9.14416e-06
-0.616667	-0.98	0	0.2	6.52558e-06
-0.616667	-0.94	0	0.2	4.44503e-06
-0.616667	-0.9	0	0.2	2.96459e-06
-0.616667	-0.86	0	0.2	0.0652605
-0.616667	-0.82	0	0.2	0.0942674
-0.616667	-0.78	0	0.2	0.125539
-0.616667	-0.74	0	0.2	0.170027
-0.616667	-0.7	0	0.2	0.214559
-0.616667	-0.66	0	0.2	0.274187
-0.616667	-0.62	0	0.2	0.336605
-0.616667	-0.58	0	0.2	0.391745
-0.616667	-0.54	0	0.2	0.4499
-0.616667	-0.5	0	0.2	0.502583
-0.616667	-0.46	0	0.2	0.533309
-0.616667	-0.42	0	0.2	0.540678
-0.616667	-0.38	0	0.2	0.536282
-0.616667	-0.34	0	0.2	0.519306
-0.616667	-0.3	0	0.2	0.496865
-0.616667	-0.26	0	0.2	0.451978
-0.616667	-0.22	0	0.2	0.389464
-0.616667	-0.18	0	0.2	0.334673
-0.616667	-0.14	0	0.2	0.283042
-0.616667	-0.1	0	0.2	0.21556
-0.616667	-0.06	0	0.2	0.165603
-0.616667	-0.02	0	0.2	0.120932
-0.616667	0.02	0	0.2	0.092264
-0.616667	0.06	0	0.2	0.0651088
-0.616667	0.1	0	0.2	0.0456168
-0.616667	0.14	0	0.2	0.0323668
-0.616667	0.18	0	0.2	0.0231927
-0.616667	0.22	0	0.2	0.0155152
-0.616667	0.26	0	0.2	0.010842
-0.616667	0.3	0	0.2	0.00733897
-0.616667	0.34	0	0.2	0.00500462
-0.616667	0.38	0	0.2	0.00342047
-0.616667	0.42	0	0.2	0.00240402
-0.616667	0.46	0	0.2	0.00163335
-0.616667	0.5	0	0.2	0.00108187
-0.616667	0.54	0	0.2	0.000744315
-0.616667	0.58	0	0.2	0.000512053
-0.616667	0.62	0	0.2	0.000330823
-0.616667	0.66	0	0.2	0.000229459
-0.616667	0.7	0	0.2	0.000159485
-0.616667	0.74	0	0.2	0.000104926
-0.616667	0.78	0	0.2	7.05728e-05
-0.616667	0.82	0	0.2	4.72262e-05
-0.616667	0.86	0	0.2	3.18468e-05
-0.616667	0.9	0	0.2	2.17169e-05
-0.616667	0.94	0	0.2	1.45674e-05
-0.616667	0.98	0	0.2	9.77972e-06
-0.583333	-0.98	0	0.2	6.87597e-06
-0.583333	-0.94	0	0.2	4.80628e-06
-0.583333	-0.9	0	0.2	3.14138e-06
-0.583333	-0.86	0	0.2	0.0752559
-0.583333	-0.82	0	0.2	0.105019
-0.583333	-0.78	0	0.2	0.141105
-0.583333	-0.74	0	0.2	0.191849
-0.583333	-0.7	0	0.2	0.247676
-0.583333	-0.66	0	0.2	0.309366
-0.583333	-0.62	0	0.2	0.379815
-0.583333	-0.58	0	0.2	0.461202
-0.583333	-0.54	0	0.2	0.519606
-0.583333	-0.5	0	0.2	0.562345
-0.583333	-0.46	0	0.2	0.60916
-0.583333	-0.42	0	0.2	0.611198
-0.583333	-0.38	0	0.2	0.617609
-0.583333	-0.34	0	0.2	0.603628
-0.583333	-0.3	0	0.2	0.553233
-0.583333	-0.26	0	0.2	0.511895
-0.583333	-0.22	0	0.2	0.446055
-0.583333	-0.18	0	0.2	0.390908
-0.583333	-0.14	0	0.2	0.31591
-0.583333	-0.1	0	0.2	0.245662
-0.583333	-0.06	0	0.2	0.194054
-0.583333	-0.02	0	0.2	0.141763
-0.583333	0.02	0	0.2	0.102741
-0.583333	0.06	0	0.2	0.0733681
-0.583333	0.1	0	0.2	0.0527429
-0.583333	0.14	0	0.2	0.0365633
-0.583333	0.18	0	0.2	0.0254016
-0.583333	0.22	0	0.2	0.0178803
-0.583333	0.26	0	0.2	0.0120384
-0.583333	0.3	0	0.2	0.00836582
-0.583333	0.34	0	0.2	0.00562949
-0.583333	0.38	0	0.2	0.00370576
-0.583333	0.42	0	0.2	0.00255089
-0.583333	0.46	0	0.2	0.00171127
-0.583333	0.5	0	0.2	0.00117909
-0.583333	0.54	0	0.2	0.000807768
-0.583333	0.58	0	0.2	0.000539309
-0.583333	0.62	0	0.2	0.000364788
-0.583333	0.66	0	0.2	0.000245204
-0.583333	0.7	0	0.2	0.000162851
-0.583333	0.74	0	0.2	0.000109998
-0.583333	0.78	0	0.2	7.42713e-05
-0.583333	0.82	0	0.2	4.90329e-05
-0.583333	0.86	0	0.2	3.42167e-05
-0.583333	0.9	0	0.2	2.29245e-05
-0.583333	0.94	0	0.2	1.54431e-05
-0.583333	0.98	0	0.2	1.01756e-05
-0.55	-0.98	0	0.2	7.1318e-06
-0.55	-0.94	0	0.2	4.88004e-06
-0.55	-0.9	0	0.2	3.218e-06
-0.55	-0.86	0	0.2	0.0807433
-0.55	-0.82	0	0.2	0.115851
-0.55	-0.78	0	0.2	0.160079
-0.55	-0.74	0	0.2	0.215216
-0.55	-0.7	0	0.2	0.283019
-0.55	-0.66	0	0.2	0.351381
-0.55	-0.62	0	0.2	0.429018
-0.55	-0.58	0	0.2	0.49998
-0.55	-0.54	0	0.2	0.575115
-0.55	-0.5	0	0.2	0.619793
-0.55	-0.46	0	0.2	0.654026
-0.55	-0.42	0	0.2	0.676305
-0.55	-0.38	0	0.2	0.682611
-0.55	-0.34	0	0.2	0.667811
-0.55	-0.3	0	0.2	0.639297
-0.55	-0.26	0	0.2	0.572474
-0.55	-0.22	0	0.2	0.506397
-0.55	-0.18	0	0.2	0.428521
-0.55	-0.14	0	0.2	0.351381
-0.55	-0.1	0	0.2	0.281727
-0.55	-0.06	0	0.2	0.214226
-0.55	-0.02	0	0.2	0.162655
-0.55	0.02	0	0.2	0.114381
-0.55	0.06	0	0.2	0.0824571
-0.55	0.1	0	0.2	0.0568369
-0.55	0.14	0	0.2	0.0398515
-0.55	0.18	0	0.2	0.0279697
-0.55	0.22	0	0.2	0.0190687
-0.55	0.26	0	0.2	0.0129131
-0.55	0.3	0	0.2	0.00896988
-0.55	0.34	0	0.2	0.00593046
-0.55	0.38	0	0.2	0.00405578
-0.55	0.42	0	0.2	0.00275697
-0.55	0.46	0	0.2	0.0018635
-0.55	0.5	0	0.2	0.00127429
-0.55	0.54	0	0.2	0.000845478
-0.55	0.58	0	0.2	0.000555294
-0.55	0.62	0	0.2	0.000382728
-0.55	0.66	0	0.2	0.000259115
-0.55	0.7	0	0.2	0.000173175
-0.55	0.74	0	0.2	0.000116635
-0.55	0.78	0	0.2	7.7905e-05
-0.55	0.82	0	0.2	5.25053e-05
-0.55	0.86	0	0.2	3.53387e-05
-0.55	0.9	0	0.2	2.36164e-05
-0.55	0.94	0	0.2	1.57243e-05
-0.55	0.98	0	0.2	1.08497e-05
-0.516667	-0.98	0	0.2	7.51152e-06
-0.516667	-0.94	0	0.2	5.15082e-06
-0.516667	-0.9	0	0.2	3.34907e-06
-0.516667	-0.86	0	0.2	0.0929147
-0.516667	-0.82	0	0.2	0.130419
-0.516667	-0.78	0	0.2	0.174663
-0.516667	-0.74	0	0.2	0.234707
-0.516667	-0.7	0	0.2	0.303838
-0.516667	-0.66	0	0.2	0.392799
-0.516667	-0.62	0	0.2	0.480624
-0.516667	-0.58	0	0.2	0.550842
-0.516667	-0.54	0	0.2	0.616456
-0.516667	-0.5	0	0.2	0.675133
-0.516667	-0.46	0	0.2	0.723157
-0.516667	-0.42	0	0.2	0.747489
-0.516667	-0.38	0	0.2	0.738102
-0.516667	-0.34	0	0.2	0.722328
-0.516667	-0.3	0	0.2	0.671217
-0.516667	-0.26	0	0.2	0.63368
-0.516667	-0.22	0	0.2	0.550206
-0.516667	-0.18	0	0.2	0.472469
-0.516667	-0.14	0	0.2	0.397272
-0.516667	-0.1	0	0.2	0.311992
-0.516667	-0.06	0	0.2	0.229823
-0.516667	-0.02	0	0.2	0.174864
-0.516667	0.02	0	0.2	0.126481
-0.516667	0.06	0	0.2	0.090843
-0.516667	0.1	0	0.2	0.0631122
-0.516667	0.14	0	0.2	0.0431619
-0.516667	0.18	0	0.2	0.0302752
-0.516667	0.22	0	0.2	0.0200235
-0.516667	0.26	0	0.2	0.0137172
-0.516667	0.3	0	0.2	0.00951962
-0.516667	0.34	0	0.2	0.00636208
-0.516667	0.38	0	0.2	0.0043087
-0.516667	0.42	0	0.2	0.00284151
-0.516667	0.46	0	0.2	0.00192286
-0.516667	0.5	0	0.2	0.00128073
-0.516667	0.54	0	0.2	0.000879872
-0.516667	0.58	0	0.2	0.000595794
-0.516667	0.62	0	0.2	0.000408324
-0.516667	0.66	0	0.2	0.000270118
-0.516667	0.7	0	0.2	0.000178604
-0.516667	0.74	0	0.2	0.000120822
-0.516667	0.78	0	0.2	8.09688e-05
-0.516667	0.82	0	0.2	5.47549e-05
-0.516667	0.86	0	0.2	3.69371e-05
-0.516667	0.9	0	0.2	2.4914e-05
-0.516667	0.94	0	0.2	1.62708e-05
-0.516667	0.98	0	0.2	1.10374e-05
-0.483333	-0.98	0	0.2	7.51431e-06
-0.483333	-0.94	0	0.2	5.13437e-06
-0.483333	-0.9	0	0.2	3.41233e-06
-0.483333	-0.86	0	0.2	0.0953897
-0.483333	-0.82	0	0.2	0.136411
-0.483333	-0.78	0	0.2	0.18919
-0.483333	-0.74	0	0.2	0.255104
-0.483333	-0.7	0	0.2	0.324582
-0.483333	-0.66	0	0.2	0.416268
-0.483333	-0.62	0	0.2	0.509996
-0.483333	-0.58	0	0.2	0.58827
-0.483333	-0.54	0	0.2	0.660554
-0.483333	-0.5	0	0.2	0.72072
-0.483333	-0.46	0	0.2	0.761471
-0.483333	-0.42	0	0.2	0.794292
-0.483333	-0.38	0	0.2	0.783411
-0.483333	-0.34	0	0.2	0.764112
-0.483333	-0.3	0	0.2	0.713238
-0.483333	-0.26	0	0.2	0.668944
-0.483333	-0.22	0	0.2	0.578782
-0.483333	-0.18	0	0.2	0.495475
-0.483333	-0.14	0	0.2	0.41531
-0.483333	-0.1	0	0.2	0.322681
-0.483333	-0.06	0	0.2	0.259176
-0.483333	-0.02	0	0.2	0.18768
-0.483333	0.02	0	0.2	0.133761
-0.483333	0.06	0	0.2	0.0967146
-0.483333	0.1	0	0.2	0.0661463
-0.483333	0.14	0	0.2	0.0456228
-0.483333	0.18	0	0.2	0.0312526
-0.483333	0.22	0	0.2	0.0213122
-0.483333	0.26	0	0.2	0.0146263
-0.483333	0.3	0	0.2	0.00995155
-0.483333	0.34	0	0.2	0.0065206
-0.483333	0.38	0	0.2	0.00454576
-0.483333	0.42	0	0.2	0.00303769
-0.483333	0.46	0	0.2	0.00200746
-0.483333	0.5	0	0.2	0.001349
-0.483333	0.54	0	0.2	0.000920866
-0.483333	0.58	0	0.2	0.000609937
-0.483333	0.62	0	0.2	0.00041282
-0.483333	0.66	0	0.2	0.000269171
-0.483333	0.7	0	0.2	0.000187061
-0.483333	0.74	0	0.2	0.000123104
-0.483333	0.78	0	0.2	8.34719e-05
-0.483333	0.82	0	0.2	5.47193e-05
-0.483333	0.86	0	0.2	3.71024e-05
-0.483333	0.9	0	0.2	2.524e-05
-0.483333	0.94	0	0.2	1.68935e-05
-0.483333	0.98	0	0.2	1.11498e-05
-0.45	-0.98	0	0.2	7.79282e-06
-0.45	-0.94	0	0.2	5.13549e-06
-0.45	-0.9	0	0.2	3.45921e-06
-0.45	-0.86	0	0.2	0.0993304
-0.45	-0.82	0	0.2	0.145392
-0.45	-0.78	0	0.2	0.194445
-0.45	-0.74	0	0.2	0.272105
-0.45	-0.7	0	0.2	0.356266
-0.45	-0.66	0	0.2	0.438027
-0.45	-0.62	0	0.2	0.522366
-0.45	-0.58	0	0.2	0.621015
-0.45	-0.54	0	0.2	0.685937
-0.45	-0.5	0	0.2	0.757668
-0.45	-0.46	0	0.2	0.78547
-0.45	-0.42	0	0.2	0.847151
-0.45	-0.38	0	0.2	0.824383
-0.45	-0.34	0	0.2	0.800151
-0.45	-0.3	0	0.2	0.760263
-0.45	-0.26	0	0.2	0.693876
-0.45	-0.22	0	0.2	0.607592
-0.45	-0.18	0	0.2	0.522366
-0.45	-0.14	0	0.2	0.436523
-0.45	-0.1	0	0.2	0.336761
-0.45	-0.06	0	0.2	0.265097
-0.45	-0.02	0	0.2	0.196251
-0.45	0.02	0	0.2	0.144251
-0.45	0.06	0	0.2	0.100713
-0.45	0.1	0	0.2	0.0701063
-0.45	0.14	0	0.2	0.0489728
-0.45	0.18	0	0.2	0.0330633
-0.45	0.22	0	0.2	0.0223228
-0.45	0.26	0	0.2	0.0150125
-0.45	0.3	0	0.2	0.0102675
-0.45	0.34	0	0.2	0.00692944
-0.45	0.38	0	0.2	0.00462308
-0.45	0.42	0	0.2	0.00310991
-0.45	0.46	0	0.2	0.00205734
-0.45	0.5	0	0.2	0.00142583
-0.45	0.54	0	0.2	0.000936364
-0.45	0.58	0	0.2	0.000623882
-0.45	0.62	0	0.2	0.000420436
-0.45	0.66	0	0.2	0.00028135
-0.45	0.7	0	0.2	0.000186953
-0.45	0.74	0	0.2	0.000126106
-0.45	0.78	0	0.2	8.56432e-05
-0.45	0.82	0	0.2	5.63798e-05
-0.45	0.86	0	0.2	3.82457e-05
-0.45	0.9	0	0.2	2.61172e-05
-0.45	0.94	0	0.2	1.73142e-05
-0.45	0.98	0	0.2	1.15429e-05
-0.416667	-0.98	0	0.2	7.87195e-06
-0.416667	-0.94	0	0.2	5.07253e-06
-0.416667	-0.9	0	0.2	3.53729e-06
-0.416667	-0.86	0	0.2	0.103371
-0.416667	-0.82	0	0.2	0.14651
-0.416667	-0.78	0	0.2	0.203119
-0.416667	-0.74	0	0.2	0.268832
-0.416667	-0.7	0	0.2	0.348696
-0.416667	-0.66	0	0.2	0.447476
-0.416667	-0.62	0	0.2	0.536857
-0.416667	-0.58	0	0.2	0.629596
-0.416667	-0.54	0	0.2	0.698888
-0.416667	-0.5	0	0.2	0.780968
-0.416667	-0.46	0	0.2	0.820241
-0.416667	-0.42	0	0.2	0.839072
-0.416667	-0.38	0	0.2	0.858631
-0.416667	-0.34	0	0.2	0.823056
-0.416667	-0.3	0	0.2	0.776555
-0.416667	-0.26	0	0.2	0.719944
-0.416667	-0.22	0	0.2	0.617336
-0.416667	-0.18	0	0.2	0.525078
-0.416667	-0.14	0	0.2	0.450039
-0.416667	-0.1	0	0.2	0.355621
-0.416667	-0.06	0	0.2	0.271951
-0.416667	-0.02	0	0.2	0.199422
-0.416667	0.02	0	0.2	0.146677
-0.416667	0.06	0	0.2	0.101134
-0.416667	0.1	0	0.2	0.071804
-0.416667	0.14	0	0.2	0.0485282
-0.416667	0.18	0	0.2	0.033026
-0.416667	0.22	0	0.2	0.0223513
-0.416667	0.26	0	0.2	0.0154389
-0.416667	0.3	0	0.2	0.0102281
-0.416667	0.34	0	0.2	0.0068737
-0.416667	0.38	0	0.2	0.00472655
-0.416667	0.42	0	0.2	0.00315575
-0.416667	0.46	0	0.2	0.00208884
-0.416667	0.5	0	0.2	0.00140781
-0.416667	0.54	0	0.2	0.000943127
-0.416667	0.58	0	0.2	0.000648493
-0.416667	0.62	0	0.2	0.000426993
-0.416667	0.66	0	0.2	0.000283
-0.416667	0.7	0	0.2	0.000190388
-0.416667	0.74	0	0.2	0.000128962
-0.416667	0.78	0	0.2	8.72434e-05
-0.416667	0.82	0	0.2	5.68292e-05
-0.416667	0.86	0	0.2	3.76519e-05
-0.416667	0.9	0	0.2	2.58353e-05
-0.416667	0.94	0	0.2	1.71789e-05
-0.416667	0.98	0	0.2	1.16496e-05
-0.383333	-0.98	0	0.2	7.90781e-06
-0.383333	-0.94	0	0.2	5.24683e-06
-0.383333	-0.9	0	0.2	3.55744e-06
-0.383333	-0.86	0	0.2	0.101017
-0.383333	-0.82	0	0.2	0.146343
-0.383333	-0.78	0	0.2	0.202888
-0.383333	-0.74	0	0.2	0.268208
-0.383333	-0.7	0	0.2	0.358473
-0.383333	-0.66	0	0.2	0.446964
-0.383333	-0.62	0	0.2	0.547396
-0.383333	-0.58	0	0.2	0.636808
-0.383333	-0.54	0	0.2	0.696459
-0.383333	-0.5	0	0.2	0.756259
-0.383333	-0.46	0	0.2	0.823995
-0.383333	-0.42	0	0.2	0.859609
-0.383333	-0.38	0	0.2	0.865476
-0.383333	-0.34	0	0.2	0.815549
-0.383333	-0.3	0	0.2	0.748317
-0.383333	-0.26	0	0.2	0.709416
-0.383333	-0.22	0	0.2	0.63825
-0.383333	-0.18	0	0.2	0.551735
-0.383333	-0.14	0	0.2	0.450552
-0.383333	-0.1	0	0.2	0.353177
-0.383333	-0.06	0	0.2	0.269768
-0.383333	-0.02	0	0.2	0.200809
-0.383333	0.02	0	0.2	0.146343
-0.383333	0.06	0	0.2	0.102194
-0.383333	0.1	0	0.2	0.0708215
-0.383333	0.14	0	0.2	0.0501608
-0.383333	0.18	0	0.2	0.0334868
-0.383333	0.22	0	0.2	0.0222211
-0.383333	0.26	0	0.2	0.0152629
-0.383333	0.3	0	0.2	0.0102281
-0.383333	0.34	0	0.2	0.00700143
-0.383333	0.38	0	0.2	0.00464608
-0.383333	0.42	0	0.2	0.00310892
-0.383333	0.46	0	0.2	0.00208159
-0.383333	0.5	0	0.2	0.00142566
-0.383333	0.54	0	0.2	0.000945302
-0.383333	0.58	0	0.2	0.000630986
-0.383333	0.62	0	0.2	0.000416232
-0.383333	0.66	0	0.2	0.000288575
-0.383333	0.7	0	0.2	0.000188629
-0.383333	0.74	0	0.2	0.000128667
-0.383333	0.78	0	0.2	8.57614e-05
-0.383333	0.82	0	0.2	5.64318e-05
-0.383333	0.86	0	0.2	3.84067e-05
-0.383333	0.9	0	0.2	2.5746e-05
-0.383333	0.94	0	0.2	1.77376e-05
-0.383333	0.98	0	0.2	1.15693e-05
-0.35	-0.98	0	0.2	7.81061e-06
-0.35	-0.94	0	0.2	5.15338e-06
-0.35	-0.9	0	0.2	3.42322e-06
-0.35	-0.86	0	0.2	0.0999066
-0.35	-0.82	0	0.2	0.142296
-0.35	-0.78	0	0.2	0.196251
-0.35	-0.74	0	0.2	0.263268
-0.35	-0.7	0	0.2	0.343926
-0.35	-0.66	0	0.2	0.432013
-0.35	-0.62	0	0.2	0.529646
-0.35	-0.58	0	0.2	0.611124
-0.35	-0.54	0	0.2	0.680379
-0.35	-0.5	0	0.2	0.749019
-0.35	-0.46	0	0.2	0.79281
-0.35	-0.42	0	0.2	0.822485
-0.35	-0.38	0	0.2	0.815845
-0.35	-0.34	0	0.2	0.801069
-0.35	-0.3	0	0.2	0.752478
-0.35	-0.26	0	0.2	0.696257
-0.35	-0.22	0	0.2	0.608298
-0.35	-0.18	0	0.2	0.525399
-0.35	-0.14	0	0.2	0.438528
-0.35	-0.1	0	0.2	0.345518
-0.35	-0.06	0	0.2	0.266925
-0.35	-0.02	0	0.2	0.203026
-0.35	0.02	0	0.2	0.143111
-0.35	0.06	0	0.2	0.100598
-0.35	0.1	0	0.2	0.0694646
-0.35	0.14	0	0.2	0.0481446
-0.35	0.18	0	0.2	0.0321962
-0.35	0.22	0	0.2	0.0223484
-0.35	0.26	0	0.2	0.0152896
-0.35	0.3	0	0.2	0.0102675
-0.35	0.34	0	0.2	0.0067564
-0.35	0.38	0	0.2	0.00462308
-0.35	0.42	0	0.2	0.00307081
-0.35	0.46	0	0.2	0.00204302
-0.35	0.5	0	0.2	0.00136975
-0.35	0.54	0	0.2	0.000955715
-0.35	0.58	0	0.2	0.000623882
-0.35	0.62	0	0.2	0.000416082
-0.35	0.66	0	0.2	0.000275833
-0.35	0.7	0	0.2	0.000189564
-0.35	0.74	0	0.2	0.00012669
-0.35	0.78	0	0.2	8.47623e-05
-0.35	0.82	0	0.2	5.74956e-05
-0.35	0.86	0	0.2	3.77176e-05
-0.35	0.9	0	0.2	2.5645e-05
-0.35	0.94	0	0.2	1.70767e-05
-0.35	0.98	0	0.2	1.1649e-05
-0.316667	-0.98	0	0.2	7.54059e-06
-0.316667	-0.94	0	0.2	5.13437e-06
-0.316667	-0.9	0	0.2	3.51084e-06
-0.316667	-0.86	0	0.2	0.0955001
-0.316667	-0.82	0	0.2	0.135787
-0.316667	-0.78	0	0.2	0.18466
-0.316667	-0.74	0	0.2	0.248123
-0.316667	-0.7	0	0.2	0.326102
-0.316667	-0.66	0	0.2	0.406688
-0.316667	-0.62	0	0.2	0.494894
-0.316667	-0.58	0	0.2	0.589625
-0.316667	-0.54	0	0.2	0.659791
-0.316667	-0.5	0	0.2	0.711576
-0.316667	-0.46	0	0.2	0.764992
-0.316667	-0.42	0	0.2	0.787038
-0.316667	-0.38	0	0.2	0.780691
-0.316667	-0.34	0	0.2	0.767633
-0.316667	-0.3	0	0.2	0.705757
-0.316667	-0.26	0	0.2	0.653689
-0.316667	-0.22	0	0.2	0.593014
-0.316667	-0.18	0	0.2	0.507673
-0.316667	-0.14	0	0.2	0.419142
-0.316667	-0.1	0	0.2	0.328762
-0.316667	-0.06	0	0.2	0.252486
-0.316667	-0.02	0	0.2	0.188327
-0.316667	0.02	0	0.2	0.135787
-0.316667	0.06	0	0.2	0.0949481
-0.316667	0.1	0	0.2	0.0659923
-0.316667	0.14	0	0.2	0.0454104
-0.316667	0.18	0	0.2	0.0313253
-0.316667	0.22	0	0.2	0.0212133
-0.316667	0.26	0	0.2	0.0144755
-0.316667	0.3	0	0.2	0.0098723
-0.316667	0.34	0	0.2	0.0066733
-0.316667	0.38	0	0.2	0.00450462
-0.316667	0.42	0	0.2	0.00297542
-0.316667	0.46	0	0.2	0.00200746
-0.316667	0.5	0	0.2	0.00137401
-0.316667	0.54	0	0.2	0.000931367
-0.316667	0.58	0	0.2	0.000615578
-0.316667	0.62	0	0.2	0.000414714
-0.316667	0.66	0	0.2	0.000276162
-0.316667	0.7	0	0.2	0.000188981
-0.316667	0.74	0	0.2	0.000125823
-0.316667	0.78	0	0.2	8.33759e-05
-0.316667	0.82	0	0.2	5.56861e-05
-0.316667	0.86	0	0.2	3.74051e-05
-0.316667	0.9	0	0.2	2.48918e-05
-0.316667	0.94	0	0.2	1.70492e-05
-0.316667	0.98	0	0.2	1.12674e-05
-0.283333	-0.98	0	0.2	7.63985e-06
-0.283333	-0.94	0	0.2	4.97855e-06
-0.283333	-0.9	0	0.2	3.25658e-06
-0.283333	-0.86	0	0.2	0.0902215
-0.283333	-0.82	0	0.2	0.124876
-0.283333	-0.78	0	0.2	0.176073
-0.283333	-0.74	0	0.2	0.228466
-0.283333	-0.7	0	0.2	0.310574
-0.283333	-0.66	0	0.2	0.378483
-0.283333	-0.62	0	0.2	0.472469
-0.283333	-0.58	0	0.2	0.566108
-0.283333	-0.54	0	0.2	0.619327
-0.283333	-0.5	0	0.2	0.694714
-0.283333	-0.46	0	0.2	0.728133
-0.283333	-0.42	0	0.2	0.743222
-0.283333	-0.38	0	0.2	0.732983
-0.283333	-0.34	0	0.2	0.738914
-0.283333	-0.3	0	0.2	0.657903
-0.283333	-0.26	0	0.2	0.625785
-0.283333	-0.22	0	0.2	0.540029
-0.283333	-0.18	0	0.2	0.481712
-0.283333	-0.14	0	0.2	0.37893
-0.283333	-0.1	0	0.2	0.307383
-0.283333	-0.06	0	0.2	0.23335
-0.283333	-0.02	0	0.2	0.174864
-0.283333	0.02	0	0.2	0.126189
-0.283333	0.06	0	0.2	0.0875283
-0.283333	0.1	0	0.2	0.0629673
-0.283333	0.14	0	0.2	0.042059
-0.283333	0.18	0	0.2	0.0292775
-0.283333	0.22	0	0.2	0.0202113
-0.283333	0.26	0	0.2	0.0138767
-0.283333	0.3	0	0.2	0.00959526
-0.283333	0.34	0	0.2	0.00639861
-0.283333	0.38	0	0.2	0.00423968
-0.283333	0.42	0	0.2	0.00285148
-0.283333	0.46	0	0.2	0.00196763
-0.283333	0.5	0	0.2	0.00128374
-0.283333	0.54	0	0.2	0.000882913
-0.283333	0.58	0	0.2	0.000593749
-0.283333	0.62	0	0.2	0.000401908
-0.283333	0.66	0	0.2	0.000269194
-0.283333	0.7	0	0.2	0.000177156
-0.283333	0.74	0	0.2	0.000119849
-0.283333	0.78	0	0.2	8.05952e-05
-0.283333	0.82	0	0.2	5.56957e-05
-0.283333	0.86	0	0.2	3.63053e-05
-0.283333	0.9	0	0.2	2.47161e-05
-0.283333	0.94	0	0.2	1.64417e-05
-0.283333	0.98	0	0.2	1.10502e-05
-0.25	-0.98	0	0.2	7.14839e-06
-0.25	-0.94	0	0.2	4.88561e-06
-0.25	-0.9	0	0.2	3.27413e-06
-0.25	-0.86	0	0.2	0.0827428
-0.25	-0.82	0	0.2	0.116786
-0.25	-0.78	0	0.2	0.158975
-0.25	-0.74	0	0.2	0.211011
-0.25	-0.7	0	0.2	0.287866
-0.25	-0.66	0	0.2	0.352197
-0.25	-0.62	0	0.2	0.435481
-0.25	-0.58	0	0.2	0.49998
-0.25	-0.54	0	0.2	0.58502
-0.25	-0.5	0	0.2	0.625572
-0.25	-0.46	0	0.2	0.661685
-0.25	-0.42	0	0.2	0.689705
-0.25	-0.38	0	0.2	0.682611
-0.25	-0.34	0	0.2	0.660919
-0.25	-0.3	0	0.2	0.616181
-0.25	-0.26	0	0.2	0.574455
-0.25	-0.22	0	0.2	0.512815
-0.25	-0.18	0	0.2	0.432995
-0.25	-0.14	0	0.2	0.349748
-0.25	-0.1	0	0.2	0.282696
-0.25	-0.06	0	0.2	0.214969
-0.25	-0.02	0	0.2	0.161183
-0.25	0.02	0	0.2	0.116786
-0.25	0.06	0	0.2	0.0833141
-0.25	0.1	0	0.2	0.0581074
-0.25	0.14	0	0.2	0.0391548
-0.25	0.18	0	0.2	0.0280017
-0.25	0.22	0	0.2	0.0191345
-0.25	0.26	0	0.2	0.0130477
-0.25	0.3	0	0.2	0.0088175
-0.25	0.34	0	0.2	0.00598556
-0.25	0.38	0	0.2	0.0040418
-0.25	0.42	0	0.2	0.00275382
-0.25	0.46	0	0.2	0.0018486
-0.25	0.5	0	0.2	0.00126425
-0.25	0.54	0	0.2	0.000849348
-0.25	0.58	0	0.2	0.000556598
-0.25	0.62	0	0.2	0.000388434
-0.25	0.66	0	0.2	0.000256456
-0.25	0.7	0	0.2	0.000173374
-0.25	0.74	0	0.2	0.000114361
-0.25	0.78	0	0.2	7.91644e-05
-0.25	0.82	0	0.2	5.20214e-05
-0.25	0.86	0	0.2	3.542e-05
-0.25	0.9	0	0.2	2.33157e-05
-0.25	0.94	0	0.2	1.55589e-05
-0.25	0.98	0	0.2	1.07139e-05
-0.216667	-0.98	0	0.2	7.211e-06
-0.216667	-0.94	0	0.2	4.71509e-06
-0.216667	-0.9	0	0.2	3.12695e-06
-0.216667	-0.86	0	0.2	0.0739688
-0.216667	-0.82	0	0.2	0.102381
-0.216667	-0.78	0	0.2	0.142585
-0.216667	-0.74	0	0.2	0.190967
-0.216667	-0.7	0	0.2	0.246525
-0.216667	-0.66	0	0.2	0.317728
-0.216667	-0.62	0	0.2	0.391351
-0.216667	-0.58	0	0.2	0.456502
-0.216667	-0.54	0	0.2	0.513081
-0.216667	-0.5	0	0.2	0.569504
-0.216667	-0.46	0	0.2	0.611925
-0.216667	-0.42	0	0.2	0.622595
-0.216667	-0.38	0	0.2	0.614047
-0.216667	-0.34	0	0.2	0.609851
-0.216667	-0.3	0	0.2	0.586427
-0.216667	-0.26	0	0.2	0.514861
-0.216667	-0.22	0	0.2	0.456502
-0.216667	-0.18	0	0.2	0.394457
-0.216667	-0.14	0	0.2	0.314456
-0.216667	-0.1	0	0.2	0.252854
-0.216667	-0.06	0	0.2	0.192951
-0.216667	-0.02	0	0.2	0.141927
-0.216667	0.02	0	0.2	0.104659
-0.216667	0.06	0	0.2	0.0735397
-0.216667	0.1	0	0.2	0.0524401
-0.216667	0.14	0	0.2	0.0363097
-0.216667	0.18	0	0.2	0.0256064
-0.216667	0.22	0	0.2	0.0172964
-0.216667	0.26	0	0.2	0.0117764
-0.216667	0.3	0	0.2	0.00828113
-0.216667	0.34	0	0.2	0.0055014
-0.216667	0.38	0	0.2	0.00377535
-0.216667	0.42	0	0.2	0.00254499
-0.216667	0.46	0	0.2	0.00171726
-0.216667	0.5	0	0.2	0.00115343
-0.216667	0.54	0	0.2	0.000781299
-0.216667	0.58	0	0.2	0.000539309
-0.216667	0.62	0	0.2	0.000355637
-0.216667	0.66	0	0.2	0.000236788
-0.216667	0.7	0	0.2	0.000159068
-0.216667	0.74	0	0.2	0.000109234
-0.216667	0.78	0	0.2	7.62461e-05
-0.216667	0.82	0	0.2	5.02471e-05
-0.216667	0.86	0	0.2	3.36328e-05
-0.216667	0.9	0	0.2	2.28983e-05
-0.216667	0.94	0	0.2	1.52668e-05
-0.216667	0.98	0	0.2	1.05788e-05
-0.183333	-0.98	0	0.2	6.64741e-06
-0.183333	-0.94	0	0.2	4.42965e-06
-0.183333	-0.9	0	0.2	3.07157e-06
-0.183333	-0.86	0	0.2	0.0644258
-0.183333	-0.82	0	0.2	0.0923694
-0.183333	-0.78	0	0.2	0.124099
-0.183333	-0.74	0	0.2	0.165988
-0.183333	-0.7	0	0.2	0.211554
-0.183333	-0.66	0	0.2	0.26976
-0.183333	-0.62	0	0.2	0.336219
-0.183333	-0.58	0	0.2	0.401778
-0.183333	-0.54	0	0.2	0.458212
-0.183333	-0.5	0	0.2	0.499152
-0.183333	-0.46	0	0.2	0.524785
-0.183333	-0.42	0	0.2	0.537538
-0.183333	-0.38	0	0.2	0.550097
-0.183333	-0.34	0	0.2	0.526612
-0.183333	-0.3	0	0.2	0.500296
-0.183333	-0.26	0	0.2	0.450939
-0.183333	-0.22	0	0.2	0.394481
-0.183333	-0.18	0	0.2	0.329262
-0.183333	-0.14	0	0.2	0.27988
-0.183333	-0.1	0	0.2	0.217813
-0.183333	-0.06	0	0.2	0.164834
-0.183333	-0.02	0	0.2	0.124675
-0.183333	0.02	0	0.2	0.0902605
-0.183333	0.06	0	0.2	0.0670059
-0.183333	0.1	0	0.2	0.0465863
-0.183333	0.14	0	0.2	0.0319509
-0.183333	0.18	0	0.2	0.0234033
-0.183333	0.22	0	0.2	0.0158794
-0.183333	0.26	0	0.2	0.0108295
-0.183333	0.3	0	0.2	0.00730459
-0.183333	0.34	0	0.2	0.00503987
-0.183333	0.38	0	0.2	0.00355665
-0.183333	0.42	0	0.2	0.00235768
-0.183333	0.46	0	0.2	0.0015852
-0.183333	0.5	0	0.2	0.00109444
-0.183333	0.54	0	0.2	0.000740909
-0.183333	0.58	0	0.2	0.000498791
-0.183333	0.62	0	0.2	0.000337455
-0.183333	0.66	0	0.2	0.000225503
-0.183333	0.7	0	0.2	0.000154317
-0.183333	0.74	0	0.2	0.000104926
-0.183333	0.78	0	0.2	7.10601e-05
-0.183333	0.82	0	0.2	4.7774e-05
-0.183333	0.86	0	0.2	3.19576e-05
-0.183333	0.9	0	0.2	2.17667e-05
-0.183333	0.94	0	0.2	1.49198e-05
-0.183333	0.98	0	0.2	9.9267e-06
-0.15	-0.98	0	0.2	6.23998e-06
-0.15	-0.94	0	0.2	4.22698e-06
-0.15	-0.9	0	0.2	2.81653e-06
-0.15	-0.86	0	0.2	0.0566855
-0.15	-0.82	0	0.2	0.0785475
-0.15	-0.78	0	0.2	0.107254
-0.15	-0.74	0	0.2	0.143608
-0.15	-0.7	0	0.2	0.181412
-0.15	-0.66	0	0.2	0.235231
-0.15	-0.62	0	0.2	0.287794
-0.15	-0.58	0	0.2	0.340495
-0.15	-0.54	0	0.2	0.38789
-0.15	-0.5	0	0.2	0.426011
-0.15	-0.46	0	0.2	0.447744
-0.15	-0.42	0	0.2	0.460205
-0.15	-0.38	0	0.2	0.452122
-0.15	-0.34	0	0.2	0.445134
-0.15	-0.3	0	0.2	0.420631
-0.15	-0.26	0	0.2	0.387447
-0.15	-0.22	0	0.2	0.33506
-0.15	-0.18	0	0.2	0.290094
-0.15	-0.14	0	0.2	0.236844
-0.15	-0.1	0	0.2	0.185889
-0.15	-0.06	0	0.2	0.141143
-0.15	-0.02	0	0.2	0.105154
-0.15	0.02	0	0.2	0.0779103
-0.15	0.06	0	0.2	0.0579379
-0.15	0.1	0	0.2	0.040871
-0.15	0.14	0	0.2	0.0286158
-0.15	0.18	0	0.2	0.0203056
-0.15	0.22	0	0.2	0.0141309
-0.15	0.26	0	0.2	0.00959046
-0.15	0.3	0	0.2	0.0066179
-0.15	0.34	0	0.2	0.00466264
-0.15	0.38	0	0.2	0.0031682
-0.15	0.42	0	0.2	0.00221235
-0.15	0.46	0	0.2	0.0014784
-0.15	0.5	0	0.2	0.000987066
-0.15	0.54	0	0.2	0.000684572
-0.15	0.58	0	0.2	0.000464955
-0.15	0.62	0	0.2	0.000312567
-0.15	0.66	0	0.2	0.000210405
-0.15	0.7	0	0.2	0.000145337
-0.15	0.74	0	0.2	9.73552e-05
-0.15	0.78	0	0.2	6.59262e-05
-0.15	0.82	0	0.2	4.61612e-05
-0.15	0.86	0	0.2	3.01106e-05
-0.15	0.9	0	0.2	2.05456e-05
-0.15	0.94	0	0.2	1.37895e-05
-0.15	0.98	0	0.2	9.24041e-06
-0.116667	-0.98	0	0.2	5.74557e-06
-0.116667	-0.94	0	0.2	3.90339e-06
-0.116667	-0.9	0	0.2	2.72186e-06
-0.116667	-0.86	0	0.2	0.0494289
-0.116667	-0.82	0	0.2	0.0667713
-0.116667	-0.78	0	0.2	0.0891196
-0.116667	-0.74	0	0.2	0.116734
-0.116667	-0.7	0	0.2	0.156288
-0.116667	-0.66	0	0.2	0.194281
-0.116667	-0.62	0	0.2	0.239016
-0.116667	-0.58	0	0.2	0.283461
-0.116667	-0.54	0	0.2	0.326971
-0.116667	-0.5	0	0.2	0.351955
-0.116667	-0.46	0	0.2	0.382586
-0.116667	-0.42	0	0.2	0.388212
-0.116667	-0.38	0	0.2	0.390012
-0.116667	-0.34	0	0.2	0.376928
-0.116667	-0.3	0	0.2	0.35888
-0.116667	-0.26	0	0.2	0.316281
-0.116667	-0.22	0	0.2	0.285074
-0.116667	-0.18	0	0.2	0.240926
-0.116667	-0.14	0	0.2	0.193387
-0.116667	-0.1	0	0.2	0.152198
-0.116667	-0.06	0	0.2	0.116871
-0.116667	-0.02	0	0.2	0.0896401
-0.116667	0.02	0	0.2	0.0677748
-0.116667	0.06	0	0.2	0.0487534
-0.116667	0.1	0	0.2	0.0342702
-0.116667	0.14	0	0.2	0.0251121
-0.116667	0.18	0	0.2	0.0177775
-0.116667	0.22	0	0.2	0.0121968
-0.116667	0.26	0	0.2	0.00854467
-0.116667	0.3	0	0.2	0.00600609
-0.116667	0.34	0	0.2	0.00424271
-0.116667	0.38	0	0.2	0.00284865
-0.116667	0.42	0	0.2	0.00196918
-0.116667	0.46	0	0.2	0.00131964
-0.116667	0.5	0	0.2	0.000913755
-0.116667	0.54	0	0.2	0.000615043
-0.116667	0.58	0	0.2	0.000418678
-0.116667	0.62	0	0.2	0.000292299
-0.116667	0.66	0	0.2	0.000199409
-0.116667	0.7	0	0.2	0.000132825
-0.116667	0.74	0	0.2	9.14906e-05
-0.116667	0.78	0	0.2	6.01955e-05
-0.116667	0.82	0	0.2	4.07376e-05
-0.116667	0.86	0	0.2	2.82974e-05
-0.116667	0.9	0	0.2	1.88852e-05
-0.116667	0.94	0	0.2	1.28319e-05
-0.116667	0.98	0	0.2	8.63401e-06
-0.0833333	-0.98	0	0.2	5.47069e-06
-0.0833333	-0.94	0	0.2	3.71009e-06
-0.0833333	-0.9	0	0.2	2.54963e-06
-0.0833333	-0.86	0	0.2	0.0409473
-0.0833333	-0.82	0	0.2	0.0559074
-0.0833333	-0.78	0	0.2	0.0747677
-0.0833333	-0.74	0	0.2	0.0976417
-0.0833333	-0.7	0	0.2	0.13022
-0.0833333	-0.66	0	0.2	0.157951
-0.0833333	-0.62	0	0.2	0.192685
-0.0833333	-0.58	0	0.2	0.224814
-0.0833333	-0.54	0	0.2	0.260217
-0.0833333	-0.5	0	0.2	0.291656
-0.0833333	-0.46	0	0.2	0.310064
-0.0833333	-0.42	0	0.2	0.31219
-0.0833333	-0.38	0	0.2	0.318404
-0.0833333	-0.34	0	0.2	0.302286
-0.0833333	-0.3	0	0.2	0.286035
-0.0833333	-0.26	0	0.2	0.260815
-0.0833333	-0.22	0	0.2	0.224552
-0.0833333	-0.18	0	0.2	0.190467
-0.0833333	-0.14	0	0.2	0.160501
-0.0833333	-0.1	0	0.2	0.125273
-0.0833333	-0.06	0	0.2	0.0988878
-0.0833333	-0.02	0	0.2	0.0746815
-0.0833333	0.02	0	0.2	0.0555853
-0.0833333	0.06	0	0.2	0.0409946
-0.0833333	0.1	0	0.2	0.0298659
-0.0833333	0.14	0	0.2	0.0212729
-0.0833333	0.18	0	0.2	0.0149797
-0.0833333	0.22	0	0.2	0.0109134
-0.0833333	0.26	0	0.2	0.00735755
-0.0833333	0.3	0	0.2	0.00522299
-0.0833333	0.34	0	0.2	0.00372435
-0.0833333	0.38	0	0.2	0.00251959
-0.0833333	0.42	0	0.2	0.00174651
-0.0833333	0.46	0	0.2	0.00121019
-0.0833333	0.5	0	0.2	0.000823378
-0.0833333	0.54	0	0.2	0.000564887
-0.0833333	0.58	0	0.2	0.000383326
-0.0833333	0.62	0	0.2	0.000267282
-0.0833333	0.66	0	0.2	0.00018149
-0.0833333	0.7	0	0.2	0.000120126
-0.0833333	0.74	0	0.2	8.33798e-05
-0.0833333	0.78	0	0.2	5.65575e-05
-0.0833333	0.82	0	0.2	3.84178e-05
-0.0833333	0.86	0	0.2	2.60148e-05
-0.0833333	0.9	0	0.2	1.77049e-05
-0.0833333	0.94	0	0.2	1.18893e-05
-0.0833333	0.98	0	0.2	8.128e-06
-0.05	-0.98	0	0.2	4.95798e-06
-0.05	-0.94	0	0.2	3.40502e-06
-0.05	-0.9	0	0.2	2.3637e-06
-0.05	-0.86	0	0.2	0.0342916
-0.05	-0.82	0	0.2	0.0453231
-0.05	-0.78	0	0.2	0.0609765
-0.05	-0.74	0	0.2	0.0806059
-0.05	-0.7	0	0.2	0.101463
-0.05	-0.66	0	0.2	0.13147
-0.05	-0.62	0	0.2	0.15566
-0.05	-0.58	0	0.2	0.176579
-0.05	-0.54	0	0.2	0.205525
-0.05	-0.5	0	0.2	0.225754
-0.05	-0.46	0	0.2	0.241605
-0.05	-0.42	0	0.2	0.253579
-0.05	-0.38	0	0.2	0.252999
-0.05	-0.34	0	0.2	0.237401
-0.05	-0.3	0	0.2	0.228376
-0.05	-0.26	0	0.2	0.202677
-0.05	-0.22	0	0.2	0.178034
-0.05	-0.18	0	0.2	0.153186
-0.05	-0.14	0	0.2	0.126661
-0.05	-0.1	0	0.2	0.101112
-0.05	-0.06	0	0.2	0.0765711
-0.05	-0.02	0	0.2	0.0611172
-0.05	0.02	0	0.2	0.0457467
-0.05	0.06	0	0.2	0.0338992
-0.05	0.1	0	0.2	0.0251311
-0.05	0.14	0	0.2	0.018192
-0.05	0.18	0	0.2	0.0129421
-0.05	0.22	0	0.2	0.0089661
-0.05	0.26	0	0.2	0.0064501
-0.05	0.3	0	0.2	0.00453437
-0.05	0.34	0	0.2	0.00319464
-0.05	0.38	0	0.2	0.00219574
-0.05	0.42	0	0.2	0.00150373
-0.05	0.46	0	0.2	0.00105957
-0.05	0.5	0	0.2	0.000747778
-0.05	0.54	0	0.2	0.000500151
-0.05	0.58	0	0.2	0.000349511
-0.05	0.62	0	0.2	0.000234443
-0.05	0.66	0	0.2	0.000164224
-0.05	0.7	0	0.2	0.000110593
-0.05	0.74	0	0.2	7.58474e-05
-0.05	0.78	0	0.2	5.19561e-05
-0.05	0.82	0	0.2	3.50248e-05
-0.05	0.86	0	0.2	2.35306e-05
-0.05	0.9	0	0.2	1.65233e-05
-0.05	0.94	0	0.2	1.11485e-05
-0.05	0.98	0	0.2	7.56806e-06
-0.0166667	-0.98	0	0.2	4.69112e-06
-0.0166667	-0.94	0	0.2	3.15417e-06
-0.0166667	-0.9	0	0.2	2.11909e-06
-0.0166667	-0.86	0	0.2	0.0269592
-0.0166667	-0.82	0	0.2	0.0371864
-0.0166667	-0.78	0	0.2	0.049774
-0.0166667	-0.74	0	0.2	0.0635809
-0.0166667	-0.7	0	0.2	0.077406
-0.0166667	-0.66	0	0.2	0.100167
-0.0166667	-0.62	0	0.2	0.119979
-0.0166667	-0.58	0	0.2	0.142798
-0.0166667	-0.54	0	0.2	0.161581
-0.0166667	-0.5	0	0.2	0.172915
-0.0166667	-0.46	0	0.2	0.192277
-0.0166667	-0.42	0	0.2	0.195803
-0.0166667	-0.38	0	0.2	0.195128
-0.0166667	-0.34	0	0.2	0.191842
-0.0166667	-0.3	0	0.2	0.177396
-0.0166667	-0.26	0	0.2	0.160658
-0.0166667	-0.22	0	0.2	0.141175
-0.0166667	-0.18	0	0.2	0.120532
-0.0166667	-0.14	0	0.2	0.0982168
-0.0166667	-0.1	0	0.2	0.0806506
-0.0166667	-0.06	0	0.2	0.0637273
-0.0166667	-0.02	0	0.2	0.0486427
-0.0166667	0.02	0	0.2	0.0380453
-0.0166667	0.06	0	0.2	0.0276011
-0.0166667	0.1	0	0.2	0.0207342
-0.0166667	0.14	0	0.2	0.014894
-0.0166667	0.18	0	0.2	0.0106932
-0.0166667	0.22	0	0.2	0.00781068
-0.0166667	0.26	0	0.2	0.00566967
-0.0166667	0.3	0	0.2	0.00391881
-0.0166667	0.34	0	0.2	0.00266811
-0.0166667	0.38	0	0.2	0.00189059
-0.0166667	0.42	0	0.2	0.0013513
-0.0166667	0.46	0	0.2	0.000933086
-0.0166667	0.5	0	0.2	0.000649069
-0.0166667	0.54	0	0.2	0.00044878
-0.0166667	0.58	0	0.2	0.000309932
-0.0166667	0.62	0	0.2	0.000209695
-0.0166667	0.66	0	0.2	0.000142577
-0.0166667	0.7	0	0.2	0.000100107
-0.0166667	0.74	0	0.2	6.88834e-05
-0.0166667	0.78	0	0.2	4.66862e-05
-0.0166667	0.82	0	0.2	3.12317e-05
-0.0166667	0.86	0	0.2	2.17146e-05
-0.0166667	0.9	0	0.2	1.46999e-05
-0.0166667	0.94	0	0.2	1.01397e-05
-0.0166667	0.98	0	0.2	6.78846e-06
0.0166667	-0.98	0	0.2	4.40905e-06
0.0166667	-0.94	0	0.2	2.91512e-06
0.0166667	-0.9	0	0.2	1.97897e-06
0.0166667	-0.86	0	0.2	0.022154
0.0166667	-0.82	0	0.2	0.0307568
0.0166667	-0.78	0	0.2	0.0393094
0.0166667	-0.74	0	0.2	0.049967
0.0166667	-0.7	0	0.2	0.0636919
0.0166667	-0.66	0	0.2	0.0757985
0.0166667	-0.62	0	0.2	0.0918452
0.0166667	-0.58	0	0.2	0.109932
0.0166667	-0.54	0	0.2	0.123523
0.0166667	-0.5	0	0.2	0.137447
0.0166667	-0.46	0	0.2	0.142079
0.0166667	-0.42	0	0.2	0.147761
0.0166667	-0.38	0	0.2	0.15187
0.0166667	-0.34	0	0.2	0.143736
0.0166667	-0.3	0	0.2	0.135115
0.0166667	-0.26	0	0.2	0.12423
0.0166667	-0.22	0	0.2	0.108561
0.0166667	-0.18	0	0.2	0.0918452
0.0166667	-0.14	0	0.2	0.0778471
0.0166667	-0.1	0	0.2	0.0630397
0.0166667	-0.06	0	0.2	0.0501399
0.0166667	-0.02	0	0.2	0.0391297
0.0166667	0.02	0	0.2	0.0297247
0.0166667	0.06	0	0.2	0.022595
0.0166667	0.1	0	0.2	0.016791
0.0166667	0.14	0	0.2	0.0123202
0.0166667	0.18	0	0.2	0.00907418
0.0166667	0.22	0	0.2	0.0065509
0.0166667	0.26	0	0.2	0.00474794
0.0166667	0.3	0	0.2	0.00331224
0.0166667	0.34	0	0.2	0.00234275
0.0166667	0.38	0	0.2	0.00165283
0.0166667	0.42	0	0.2	0.00116249
0.0166667	0.46	0	0.2	0.000820158
0.0166667	0.5	0	0.2	0.000557204
0.0166667	0.54	0	0.2	0.000397505
0.0166667	0.58	0	0.2	0.000279205
0.0166667	0.62	0	0.2	0.000186539
0.0166667	0.66	0	0.2	0.000131672
0.0166667	0.7	0	0.2	8.94332e-05
0.0166667	0.74	0	0.2	6.0981e-05
0.0166667	0.78	0	0.2	4.23847e-05
0.0166667	0.82	0	0.2	2.92468e-05
0.0166667	0.86	0	0.2	1.97451e-05
0.0166667	0.9	0	0.2	1.34516e-05
0.0166667	0.94	0	0.2	9.13279e-06
0.0166667	0.98	0	0.2	6.31713e-06
0.05	-0.98	0	0.2	3.84371e-06
0.05	-0.94	0	0.2	2.67885e-06
0.05	-0.9	0	0.2	1.81244e-06
0.05	-0.86	0	0.2	0.0179638
0.05	-0.82	0	0.2	0.0240486
0.05	-0.78	0	0.2	0.0304572
0.05	-0.74	0	0.2	0.0393695
0.05	-0.7	0	0.2	0.0483761
0.05	-0.66	0	0.2	0.0603327
0.05	-0.62	0	0.2	0.071474
0.05	-0.58	0	0.2	0.0808931
0.05	-0.54	0	0.2	0.093261
0.05	-0.5	0	0.2	0.0999421
0.05	-0.46	0	0.2	0.106972
0.05	-0.42	0	0.2	0.113965
0.05	-0.38	0	0.2	0.113708
0.05	-0.34	0	0.2	0.109588
0.05	-0.3	0	0.2	0.101815
0.05	-0.26	0	0.2	0.0928342
0.05	-0.22	0	0.2	0.0834446
0.05	-0.18	0	0.2	0.071067
0.05	-0.14	0	0.2	0.0594445
0.05	-0.1	0	0.2	0.0483761
0.05	-0.06	0	0.2	0.039145
0.05	-0.02	0	0.2	0.0307396
0.05	0.02	0	0.2	0.0236396
0.05	0.06	0	0.2	0.0179223
0.05	0.1	0	0.2	0.0135614
0.05	0.14	0	0.2	0.0101525
0.05	0.18	0	0.2	0.00732735
0.05	0.22	0	0.2	0.00527686
0.05	0.26	0	0.2	0.00385056
0.05	0.3	0	0.2	0.0028448
0.05	0.34	0	0.2	0.0019895
0.05	0.38	0	0.2	0.00143691
0.05	0.42	0	0.2	0.000995028
0.05	0.46	0	0.2	0.000693984
0.05	0.5	0	0.2	0.000490662
0.05	0.54	0	0.2	0.000338297
0.05	0.58	0	0.2	0.000239908
0.05	0.62	0	0.2	0.000166407
0.05	0.66	0	0.2	0.0001141
0.05	0.7	0	0.2	7.86952e-05
0.05	0.74	0	0.2	5.39199e-05
0.05	0.78	0	0.2	3.70502e-05
0.05	0.82	0	0.2	2.6694e-05
0.05	0.86	0	0.2	1.79613e-05
0.05	0.9	0	0.2	1.19382e-05
0.05	0.94	0	0.2	8.38619e-06
0.05	0.98	0	0.2	5.69716e-06
0.0833333	-0.98	0	0.2	3.60496e-06
0.0833333	-0.94	0	0.2	2.4369e-06
0.0833333	-0.9	0	0.2	1.63969e-06
0.0833333	-0.86	0	0.2	0.0139795
0.0833333	-0.82	0	0.2	0.0187049
0.0833333	-0.78	0	0.2	0.0238066
0.0833333	-0.74	0	0.2	0.0303356
0.0833333	-0.7	0	0.2	0.0366744
0.0833333	-0.66	0	0.2	0.0451489
0.0833333	-0.62	0	0.2	0.0535584
0.0833333	-0.58	0	0.2	0.061611
0.0833333	-0.54	0	0.2	0.0702065
0.0833333	-0.5	0	0.2	0.0749912
0.0833333	-0.46	0	0.2	0.081466
0.0833333	-0.42	0	0.2	0.0825263
0.0833333	-0.38	0	0.2	0.0810015
0.0833333	-0.34	0	0.2	0.0806338
0.0833333	-0.3	0	0.2	0.0749042
0.0833333	-0.26	0	0.2	0.0687721
0.0833333	-0.22	0	0.2	0.0625327
0.0833333	-0.18	0	0.2	0.0520843
0.0833333	-0.14	0	0.2	0.0449932
0.0833333	-0.1	0	0.2	0.0371885
0.0833333	-0.06	0	0.2	0.0296776
0.0833333	-0.02	0	0.2	0.0240538
0.0833333	0.02	0	0.2	0.0187477
0.0833333	0.06	0	0.2	0.0142423
0.0833333	0.1	0	0.2	0.0106481
0.0833333	0.14	0	0.2	0.00800477
0.0833333	0.18	0	0.2	0.00589947
0.0833333	0.22	0	0.2	0.00442913
0.0833333	0.26	0	0.2	0.00324509
0.0833333	0.3	0	0.2	0.00230201
0.0833333	0.34	0	0.2	0.0016584
0.0833333	0.38	0	0.2	0.00119485
0.0833333	0.42	0	0.2	0.00082071
0.0833333	0.46	0	0.2	0.000597528
0.0833333	0.5	0	0.2	0.000415601
0.0833333	0.54	0	0.2	0.000293404
0.0833333	0.58	0	0.2	0.000201967
0.0833333	0.62	0	0.2	0.000142551
0.0833333	0.66	0	0.2	0.000100797
0.0833333	0.7	0	0.2	6.89311e-05
0.0833333	0.74	0	0.2	4.74135e-05
0.0833333	0.78	0	0.2	3.34255e-05
0.0833333	0.82	0	0.2	2.31965e-05
0.0833333	0.86	0	0.2	1.57437e-05
0.0833333	0.9	0	0.2	1.09041e-05
0.0833333	0.94	0	0.2	7.44685e-06
0.0833333	0.98	0	0.2	5.21436e-06
0.116667	-0.98	0	0.2	3.15498e-06
0.116667	-0.94	0	0.2	2.15028e-06
0.116667	-0.9	0	0.2	1.50623e-06
0.116667	-0.86	0	0.2	0.0112201
0.116667	-0.82	0	0.2	0.0146566
0.116667	-0.78	0	0.2	0.0184727
0.116667	-0.74	0	0.2	0.0225446
0.116667	-0.7	0	0.2	0.0279616
0.116667	-0.66	0	0.2	0.0337739
0.116667	-0.62	0	0.2	0.0396604
0.116667	-0.58	0	0.2	0.0459922
0.116667	-0.54	0	0.2	0.0497986
0.116667	-0.5	0	0.2	0.0560955
0.116667	-0.46	0	0.2	0.059275
0.116667	-0.42	0	0.2	0.0603816
0.116667	-0.38	0	0.2	0.0606618
0.116667	-0.34	0	0.2	0.0585264
0.116667	-0.3	0	0.2	0.0562241
0.116667	-0.26	0	0.2	0.0516277
0.116667	-0.22	0	0.2	0.0463086
0.116667	-0.18	0	0.2	0.0402118
0.116667	-0.14	0	0.2	0.0335393
0.116667	-0.1	0	0.2	0.0284818
0.116667	-0.06	0	0.2	0.0229155
0.116667	-0.02	0	0.2	0.0181761
0.116667	0.02	0	0.2	0.0145233
0.116667	0.06	0	0.2	0.0112458
0.116667	0.1	0	0.2	0.00865939
0.116667	0.14	0	0.2	0.00649799
0.116667	0.18	0	0.2	0.00489598
0.116667	0.22	0	0.2	0.00351404
0.116667	0.26	0	0.2	0.00259796
0.116667	0.3	0	0.2	0.00188646
0.116667	0.34	0	0.2	0.00138919
0.116667	0.38	0	0.2	0.000963071
0.116667	0.42	0	0.2	0.000691699
0.116667	0.46	0	0.2	0.00050194
0.116667	0.5	0	0.2	0.000358437
0.116667	0.54	0	0.2	0.000252352
0.116667	0.58	0	0.2	0.000177043
0.116667	0.62	0	0.2	0.000123958
0.116667	0.66	0	0.2	8.89331e-05
0.116667	0.7	0	0.2	5.98424e-05
0.116667	0.74	0	0.2	4.17628e-05
0.116667	0.78	0	0.2	2.90814e-05
0.116667	0.82	0	0.2	1.99544e-05
0.116667	0.86	0	0.2	1.38582e-05
0.116667	0.9	0	0.2	9.72985e-06
0.116667	0.94	0	0.2	6.60486e-06
0.116667	0.98	0	0.2	4.53385e-06
0.15	-0.98	0	0.2	2.82213e-06
0.15	-0.94	0	0.2	1.94221e-06
0.15	-0.9	0	0.2	1.33038e-06
0.15	-0.86	0	0.2	0.00867027
0.15	-0.82	0	0.2	0.0112173
0.15	-0.78	0	0.2	0.0140661
0.15	-0.74	0	0.2	0.0175262
0.15	-0.7	0	0.2	0.0206308
0.15	-0.66	0	0.2	0.0252373
0.15	-0.62	0	0.2	0.0298509
0.15	-0.58	0	0.2	0.0332063
0.15	-0.54	0	0.2	0.0377531
0.15	-0.5	0	0.2	0.0400706
0.15	-0.46	0	0.2	0.0441256
0.15	-0.42	0	0.2	0.045209
0.15	-0.38	0	0.2	0.0447999
0.15	-0.34	0	0.2	0.0435287
0.15	-0.3	0	0.2	0.0412477
0.15	-0.26	0	0.2	0.0379267
0.15	-0.22	0	0.2	0.0333232
0.15	-0.18	0	0.2	0.0291337
0.15	-0.14	0	0.2	0.025325
0.15	-0.1	0	0.2	0.0216599
0.15	-0.06	0	0.2	0.0175061
0.15	-0.02	0	0.2	0.0139849
0.15	0.02	0	0.2	0.0109215
0.15	0.06	0	0.2	0.00863008
0.15	0.1	0	0.2	0.00671078
0.15	0.14	0	0.2	0.00511325
0.15	0.18	0	0.2	0.00372942
0.15	0.22	0	0.2	0.00287594
0.15	0.26	0	0.2	0.00209829
0.15	0.3	0	0.2	0.0015617
0.15	0.34	0	0.2	0.00113178
0.15	0.38	0	0.2	0.000815984
0.15	0.42	0	0.2	0.000584297
0.15	0.46	0	0.2	0.000420629
0.15	0.5	0	0.2	0.000300021
0.15	0.54	0	0.2	0.00021507
0.15	0.58	0	0.2	0.00014941
0.15	0.62	0	0.2	0.000106465
0.15	0.66	0	0.2	7.29562e-05
0.15	0.7	0	0.2	5.20446e-05
0.15	0.74	0	0.2	3.622e-05
0.15	0.78	0	0.2	2.55558e-05
0.15	0.82	0	0.2	1.72979e-05
0.15	0.86	0	0.2	1.23108e-05
0.15	0.9	0	0.2	8.48572e-06
0.15	0.94	0	0.2	5.76468e-06
0.15	0.98	0	0.2	4.05781e-06
0.183333	-0.98	0	0.2	2.44592e-06
0.183333	-0.94	0	0.2	1.68237e-06
0.183333	-0.9	0	0.2	1.17985e-06
0.183333	-0.86	0	0.2	0.00680091
0.183333	-0.82	0	0.2	0.00852727
0.183333	-0.78	0	0.2	0.0106788
0.183333	-0.74	0	0.2	0.0131241
0.183333	-0.7	0	0.2	0.0159517
0.183333	-0.66	0	0.2	0.0189696
0.183333	-0.62	0	0.2	0.022241
0.183333	-0.58	0	0.2	0.0243793
0.183333	-0.54	0	0.2	0.027781
0.183333	-0.5	0	0.2	0.0299346
0.183333	-0.46	0	0.2	0.0318753
0.183333	-0.42	0	0.2	0.0326915
0.183333	-0.38	0	0.2	0.0318371
0.183333	-0.34	0	0.2	0.0315496
0.183333	-0.3	0	0.2	0.0299689
0.183333	-0.26	0	0.2	0.027781
0.183333	-0.22	0	0.2	0.0248377
0.183333	-0.18	0	0.2	0.0216099
0.183333	-0.14	0	0.2	0.0190131
0.183333	-0.1	0	0.2	0.0158783
0.183333	-0.06	0	0.2	0.0135343
0.183333	-0.02	0	0.2	0.0107406
0.183333	0.02	0	0.2	0.00843845
0.183333	0.06	0	0.2	0.00658329
0.183333	0.1	0	0.2	0.0053196
0.183333	0.14	0	0.2	0.00394298
0.183333	0.18	0	0.2	0.0030379
0.183333	0.22	0	0.2	0.00234049
0.183333	0.26	0	0.2	0.00170133
0.183333	0.3	0	0.2	0.00127392
0.183333	0.34	0	0.2	0.000917992
0.183333	0.38	0	0.2	0.000671695
0.183333	0.42	0	0.2	0.000475629
0.183333	0.46	0	0.2	0.00035786
0.183333	0.5	0	0.2	0.000248899
0.183333	0.54	0	0.2	0.000177562
0.183333	0.58	0	0.2	0.000125132
0.183333	0.62	0	0.2	9.22193e-05
0.183333	0.66	0	0.2	6.58688e-05
0.183333	0.7	0	0.2	4.43678e-05
0.183333	0.74	0	0.2	3.10452e-05
0.183333	0.78	0	0.2	2.16412e-05
0.183333	0.82	0	0.2	1.55796e-05
0.183333	0.86	0	0.2	1.07623e-05
0.183333	0.9	0	0.2	7.41047e-06
0.183333	0.94	0	0.2	5.1992e-06
0.183333	0.98	0	0.2	3.59167e-06
0.216667	-0.98	0	0.2	2.12091e-06
0.216667	-0.94	0	0.2	1.4908e-06
0.216667	-0.9	0	0.2	1.01623e-06
0.216667	-0.86	0	0.2	0.00515727
0.216667	-0.82	0	0.2	0.00644365
0.216667	-0.78	0	0.2	0.00810877
0.216667	-0.74	0	0.2	0.00983246
0.216667	-0.7	0	0.2	0.0118231
0.216667	-0.66	0	0.2	0.0142229
0.216667	-0.62	0	0.2	0.0161257
0.216667	-0.58	0	0.2	0.0183065
0.216667	-0.54	0	0.2	0.019898
0.216667	-0.5	0	0.2	0.0218147
0.216667	-0.46	0	0.2	0.0228333
0.216667	-0.42	0	0.2	0.0233095
0.216667	-0.38	0	0.2	0.0233095
0.216667	-0.34	0	0.2	0.0228595
0.216667	-0.3	0	0.2	0.0215903
0.216667	-0.26	0	0.2	0.0200831
0.216667	-0.22	0	0.2	0.0183694
0.216667	-0.18	0	0.2	0.0158842
0.216667	-0.14	0	0.2	0.0139007
0.216667	-0.1	0	0.2	0.0118915
0.216667	-0.06	0	0.2	0.00987808
0.216667	-0.02	0	0.2	0.00800601
0.216667	0.02	0	0.2	0.00647376
0.216667	0.06	0	0.2	0.0051991
0.216667	0.1	0	0.2	0.00413248
0.216667	0.14	0	0.2	0.0031639
0.216667	0.18	0	0.2	0.00240329
0.216667	0.22	0	0.2	0.00178595
0.216667	0.26	0	0.2	0.00136483
0.216667	0.3	0	0.2	0.00102577
0.216667	0.34	0	0.2	0.000741722
0.216667	0.38	0	0.2	0.000558371
0.216667	0.42	0	0.2	0.000402681
0.216667	0.46	0	0.2	0.000293405
0.216667	0.5	0	0.2	0.000211229
0.216667	0.54	0	0.2	0.000150317
0.216667	0.58	0	0.2	0.000109836
0.216667	0.62	0	0.2	7.55987e-05
0.216667	0.66	0	0.2	5.35927e-05
0.216667	0.7	0	0.2	3.78669e-05
0.216667	0.74	0	0.2	2.69531e-05
0.216667	0.78	0	0.2	1.91292e-05
0.216667	0.82	0	0.2	1.30825e-05
0.216667	0.86	0	0.2	9.19761e-06
0.216667	0.9	0	0.2	6.32551e-06
0.216667	0.94	0	0.2	4.4802e-06
0.216667	0.98	0	0.2	3.10156e-06
0.25	-0.98	0	0.2	1.9104e-06
0.25	-0.94	0	0.2	1.27387e-06
0.25	-0.9	0	0.2	8.98944e-07
0.25	-0.86	0	0.2	0.00400276
0.25	-0.82	0	0.2	0.00507756
0.25	-0.78	0	0.2	0.00595131
0.25	-0.74	0	0.2	0.0074694
0.25	-0.7	0	0.2	0.00879719
0.25	-0.66	0	0.2	0.0102647
0.25	-0.62	0	0.2	0.0118384
0.25	-0.58	0	0.2	0.0130958
0.25	-0.54	0	0.2	0.0146072
0.25	-0.5	0	0.2	0.015833
0.25	-0.46	0	0.2	0.0165169
0.25	-0.42	0	0.2	0.0170948
0.25	-0.38	0	0.2	0.0168038
0.25	-0.34	0	0.2	0.0163465
0.25	-0.3	0	0.2	0.0155803
0.25	-0.26	0	0.2	0.0147417
0.25	-0.22	0	0.2	0.0130652
0.25	-0.18	0	0.2	0.011852
0.25	-0.14	0	0.2	0.0102172
0.25	-0.1	0	0.2	0.00872608
0.25	-0.06	0	0.2	0.00746087
0.25	-0.02	0	0.2	0.00608496
0.25	0.02	0	0.2	0.00495191
0.25	0.06	0	0.2	0.00396621
0.25	0.1	0	0.2	0.00310146
0.25	0.14	0	0.2	0.00242885
0.25	0.18	0	0.2	0.00185893
0.25	0.22	0	0.2	0.00143281
0.25	0.26	0	0.2	0.0010789
0.25	0.3	0	0.2	0.000823213
0.25	0.34	0	0.2	0.000588948
0.25	0.38	0	0.2	0.000445429
0.25	0.42	0	0.2	0.000322839
0.25	0.46	0	0.2	0.000239702
0.25	0.5	0	0.2	0.000171187
0.25	0.54	0	0.2	0.000124634
0.25	0.58	0	0.2	8.8983e-05
0.25	0.62	0	0.2	6.45153e-05
0.25	0.66	0	0.2	4.4227e-05
0.25	0.7	0	0.2	3.26239e-05
0.25	0.74	0	0.2	2.31623e-05
0.25	0.78	0	0.2	1.59492e-05
0.25	0.82	0	0.2	1.14947e-05
0.25	0.86	0	0.2	8.01066e-06
0.25	0.9	0	0.2	5.67189e-06
0.25	0.94	0	0.2	3.87199e-06
0.25	0.98	0	0.2	2.72088e-06
0.283333	-0.98	0	0.2	1.6052e-06
0.283333	-0.94	0	0.2	1.1539e-06
0.283333	-0.9	0	0.2	8.06175e-07
0.283333	-0.86	0	0.2	0.00303852
0.283333	-0.82	0	0.2	0.00369676
0.283333	-0.78	0	0.2	0.00469969
0.283333	-0.74	0	0.2	0.00549825
0.283333	-0.7	0	0.2	0.00653743
0.283333	-0.66	0	0.2	0.00767766
0.283333	-0.62	0	0.2	0.0087455
0.283333	-0.58	0	0.2	0.0099191
0.283333	-0.54	0	0.2	0.0106358
0.283333	-0.5	0	0.2	0.0114404
0.283333	-0.46	0	0.2	0.0120053
0.283333	-0.42	0	0.2	0.0120898
0.283333	-0.38	0	0.2	0.0118941
0.283333	-0.34	0	0.2	0.0118414
0.283333	-0.3	0	0.2	0.0113491
0.283333	-0.26	0	0.2	0.0105627
0.283333	-0.22	0	0.2	0.00978551
0.283333	-0.18	0	0.2	0.00867577
0.283333	-0.14	0	0.2	0.00772134
0.283333	-0.1	0	0.2	0.00648483
0.283333	-0.06	0	0.2	0.00542841
0.283333	-0.02	0	0.2	0.00456255
0.283333	0.02	0	0.2	0.0037097
0.283333	0.06	0	0.2	0.00304548
0.283333	0.1	0	0.2	0.00243545
0.283333	0.14	0	0.2	0.00188009
0.283333	0.18	0	0.2	0.00145132
0.283333	0.22	0	0.2	0.00111641
0.283333	0.26	0	0.2	0.000865361
0.283333	0.3	0	0.2	0.000634943
0.283333	0.34	0	0.2	0.000475137
0.283333	0.38	0	0.2	0.000361624
0.283333	0.42	0	0.2	0.000265602
0.283333	0.46	0	0.2	0.000192753
0.283333	0.5	0	0.2	0.000141853
0.283333	0.54	0	0.2	0.000103016
0.283333	0.58	0	0.2	7.3431e-05
0.283333	0.62	0	0.2	5.37002e-05
0.283333	0.66	0	0.2	3.80466e-05
0.283333	0.7	0	0.2	2.7354e-05
0.283333	0.74	0	0.2	1.91744e-05
0.283333	0.78	0	0.2	1.38056e-05
0.283333	0.82	0	0.2	9.76337e-06
0.283333	0.86	0	0.2	6.87796e-06
0.283333	0.9	0	0.2	4.833e-06
0.283333	0.94	0	0.2	3.31069e-06
0.283333	0.98	0	0.2	2.35906e-06
0.316667	-0.98	0	0.2	1.43902e-06
0.316667	-0.94	0	0.2	9.84237e-07
0.316667	-0.9	0	0.2	7.0098e-07
0.316667	-0.86	0	0.2	0.00229369
0.316667	-0.82	0	0.2	0.0028162
0.316667	-0.78	0	0.2	0.00342002
0.316667	-0.74	0	0.2	0.00421676
0.316667	-0.7	0	0.2	0.00478233
0.316667	-0.66	0	0.2	0.0055014
0.316667	-0.62	0	0.2	0.00634298
0.316667	-0.58	0	0.2	0.00704927
0.316667	-0.54	0	0.2	0.00737728
0.316667	-0.5	0	0.2	0.00813056
0.316667	-0.46	0	0.2	0.00851566
0.316667	-0.42	0	0.2	0.00863538
0.316667	-0.38	0	0.2	0.00862533
0.316667	-0.34	0	0.2	0.00861399
0.316667	-0.3	0	0.2	0.00815879
0.316667	-0.26	0	0.2	0.00762407
0.316667	-0.22	0	0.2	0.00702502
0.316667	-0.18	0	0.2	0.00635024
0.316667	-0.14	0	0.2	0.00547578
0.316667	-0.1	0	0.2	0.004738
0.316667	-0.06	0	0.2	0.00409426
0.316667	-0.02	0	0.2	0.0034279
0.316667	0.02	0	0.2	0.00282593
0.316667	0.06	0	0.2	0.00232266
0.316667	0.1	0	0.2	0.00181584
0.316667	0.14	0	0.2	0.00142798
0.316667	0.18	0	0.2	0.00113363
0.316667	0.22	0	0.2	0.000875159
0.316667	0.26	0	0.2	0.000657484
0.316667	0.3	0	0.2	0.000512858
0.316667	0.34	0	0.2	0.000387646
0.316667	0.38	0	0.2	0.000285833
0.316667	0.42	0	0.2	0.000210736
0.316667	0.46	0	0.2	0.00016144
0.316667	0.5	0	0.2	0.000112549
0.316667	0.54	0	0.2	8.28713e-05
0.316667	0.58	0	0.2	6.09914e-05
0.316667	0.62	0	0.2	4.39113e-05
0.316667	0.66	0	0.2	3.19918e-05
0.316667	0.7	0	0.2	2.24005e-05
0.316667	0.74	0	0.2	1.63301e-05
0.316667	0.78	0	0.2	1.15003e-05
0.316667	0.82	0	0.2	8.23326e-06
0.316667	0.86	0	0.2	5.70313e-06
0.316667	0.9	0	0.2	4.16424e-06
0.316667	0.94	0	0.2	2.88031e-06
0.316667	0.98	0	0.2	2.05213e-06
0.35	-0.98	0	0.2	1.19018e-06
0.35	-0.94	0	0.2	8.42568e-07
0.35	-0.9	0	0.2	5.92473e-07
0.35	-0.86	0	0.2	0.00171061
0.35	-0.82	0	0.2	0.0021372
0.35	-0.78	0	0.2	0.00248467
0.35	-0.74	0	0.2	0.00300836
0.35	-0.7	0	0.2	0.00350946
0.35	-0.66	0	0.2	0.00408555
0.35	-0.62	0	0.2	0.0046125
0.35	-0.58	0	0.2	0.00507521
0.35	-0.54	0	0.2	0.00551419
0.35	-0.5	0	0.2	0.0059529
0.35	-0.46	0	0.2	0.00603939
0.35	-0.42	0	0.2	0.00621185
0.35	-0.38	0	0.2	0.0061974
0.35	-0.34	0	0.2	0.00619497
0.35	-0.3	0	0.2	0.00577661
0.35	-0.26	0	0.2	0.0055906
0.35	-0.22	0	0.2	0.00512209
0.35	-0.18	0	0.2	0.00468126
0.35	-0.14	0	0.2	0.0040996
0.35	-0.1	0	0.2	0.00355838
0.35	-0.06	0	0.2	0.0030223
0.35	-0.02	0	0.2	0.00253748
0.35	0.02	0	0.2	0.00212747
0.35	0.06	0	0.2	0.00171061
0.35	0.1	0	0.2	0.00137776
0.35	0.14	0	0.2	0.00111138
0.35	0.18	0	0.2	0.000875088
0.35	0.22	0	0.2	0.000696637
0.35	0.26	0	0.2	0.000530795
0.35	0.3	0	0.2	0.000396105
0.35	0.34	0	0.2	0.000309755
0.35	0.38	0	0.2	0.000230926
0.35	0.42	0	0.2	0.000168954
0.35	0.46	0	0.2	0.00012523
0.35	0.5	0	0.2	9.33364e-05
0.35	0.54	0	0.2	6.84581e-05
0.35	0.58	0	0.2	4.90294e-05
0.35	0.62	0	0.2	3.67752e-05
0.35	0.66	0	0.2	2.63145e-05
0.35	0.7	0	0.2	1.84015e-05
0.35	0.74	0	0.2	1.3417e-05
0.35	0.78	0	0.2	9.76774e-06
0.35	0.82	0	0.2	6.92623e-06
0.35	0.86	0	0.2	4.77196e-06
0.35	0.9	0	0.2	3.4992e-06
0.35	0.94	0	0.2	2.4318e-06
0.35	0.98	0	0.2	1.76495e-06
0.383333	-0.98	0	0.2	1.0493e-06
0.383333	-0.94	0	0.2	7.39255e-07
0.383333	-0.9	0	0.2	5.1557e-07
0.383333	-0.86	0	0.2	0.00131581
0.383333	-0.82	0	0.2	0.00158003
0.383333	-0.78	0	0.2	0.00190327
0.383333	-0.74	0	0.2	0.00225866
0.383333	-0.7	0	0.2	0.0025935
0.383333	-0.66	0	0.2	0.00303099
0.383333	-0.62	0	0.2	0.00332177
0.383333	-0.58	0	0.2	0.00358521
0.383333	-0.54	0	0.2	0.00399751
0.383333	-0.5	0	0.2	0.00428008
0.383333	-0.46	0	0.2	0.00440081
0.383333	-0.42	0	0.2	0.00453771
0.383333	-0.38	0	0.2	0.00438214
0.383333	-0.34	0	0.2	0.00438557
0.383333	-0.3	0	0.2	0.00417759
0.383333	-0.26	0	0.2	0.00398832
0.383333	-0.22	0	0.2	0.00371249
0.383333	-0.18	0	0.2	0.0033679
0.383333	-0.14	0	0.2	0.00296941
0.383333	-0.1	0	0.2	0.00261743
0.383333	-0.06	0	0.2	0.00225351
0.383333	-0.02	0	0.2	0.0018706
0.383333	0.02	0	0.2	0.0015873
0.383333	0.06	0	0.2	0.00130984
0.383333	0.1	0	0.2	0.001051
0.383333	0.14	0	0.2	0.000825135
0.383333	0.18	0	0.2	0.000677902
0.383333	0.22	0	0.2	0.00052499
0.383333	0.26	0	0.2	0.000403446
0.383333	0.3	0	0.2	0.000312594
0.383333	0.34	0	0.2	0.000243722
0.383333	0.38	0	0.2	0.000180526
0.383333	0.42	0	0.2	0.000138322
0.383333	0.46	0	0.2	0.000101842
0.383333	0.5	0	0.2	7.64093e-05
0.383333	0.54	0	0.2	5.65421e-05
0.383333	0.58	0	0.2	4.12407e-05
0.383333	0.62	0	0.2	3.02723e-05
0.383333	0.66	0	0.2	2.17447e-05
0.383333	0.7	0	0.2	1.58204e-05
0.383333	0.74	0	0.2	1.1023e-05
0.383333	0.78	0	0.2	8.17361e-06
0.383333	0.82	0	0.2	5.74735e-06
0.383333	0.86	0	0.2	4.14581e-06
0.383333	0.9	0	0.2	2.93053e-06
0.383333	0.94	0	0.2	2.09672e-06
0.383333	0.98	0	0.2	1.47071e-06
0.416667	-0.98	0	0.2	8.76741e-07
0.416667	-0.94	0	0.2	6.32706e-07
0.416667	-0.9	0	0.2	4.26099e-07
0.416667	-0.86	0	0.2	0.000972513
0.416667	-0.82	0	0.2	0.00118216
0.416667	-0.78	0	0.2	0.00138178
0.416667	-0.74	0	0.2	0.00165544
0.416667	-0.7	0	0.2	0.00189084
0.416667	-0.66	0	0.2	0.00217204
0.416667	-0.62	0	0.2	0.00241667
0.416667	-0.58	0	0.2	0.00264794
0.416667	-0.54	0	0.2	0.00285891
0.416667	-0.5	0	0.2	0.00307161
0.416667	-0.46	0	0.2	0.00309112
0.416667	-0.42	0	0.2	0.00327106
0.416667	-0.38	0	0.2	0.00318547
0.416667	-0.34	0	0.2	0.00321885
0.416667	-0.3	0	0.2	0.00305757
0.416667	-0.26	0	0.2	0.00285228
0.416667	-0.22	0	0.2	0.00270931
0.416667	-0.18	0	0.2	0.00245015
0.416667	-0.14	0	0.2	0.00217204
0.416667	-0.1	0	0.2	0.00190837
0.416667	-0.06	0	0.2	0.00163649
0.416667	-0.02	0	0.2	0.0014237
0.416667	0.02	0	0.2	0.00118216
0.416667	0.06	0	0.2	0.000980347
0.416667	0.1	0	0.2	0.000793354
0.416667	0.14	0	0.2	0.000648213
0.416667	0.18	0	0.2	0.000514129
0.416667	0.22	0	0.2	0.000409949
0.416667	0.26	0	0.2	0.000319627
0.416667	0.3	0	0.2	0.000242137
0.416667	0.34	0	0.2	0.000187382
0.416667	0.38	0	0.2	0.00014089
0.416667	0.42	0	0.2	0.000108733
0.416667	0.46	0	0.2	8.17187e-05
0.416667	0.5	0	0.2	6.0329e-05
0.416667	0.54	0	0.2	4.55572e-05
0.416667	0.58	0	0.2	3.25672e-05
0.416667	0.62	0	0.2	2.40308e-05
0.416667	0.66	0	0.2	1.77484e-05
0.416667	0.7	0	0.2	1.30927e-05
0.416667	0.74	0	0.2	9.16647e-06
0.416667	0.78	0	0.2	6.77154e-06
0.416667	0.82	0	0.2	4.83721e-06
0.416667	0.86	0	0.2	3.44368e-06
0.416667	0.9	0	0.2	2.4353e-06
0.416667	0.94	0	0.2	1.76135e-06
0.416667	0.98	0	0.2	1.22855e-06
0.45	-0.98	0	0.2	7.40634e-07
0.45	-0.94	0	0.2	5.29063e-07
0.45	-0.9	0	0.2	3.74427e-07
0.45	-0.86	0	0.2	0.000732419
0.45	-0.82	0	0.2	0.000887144
0.45	-0.78	0	0.2	0.00102546
0.45	-0.74	0	0.2	0.00121502
0.45	-0.7	0	0.2	0.00136975
0.45	-0.66	0	0.2	0.00157743
0.45	-0.62	0	0.2	0.00172782
0.45	-0.58	0	0.2	0.00190429
0.45	-0.54	0	0.2	0.00205973
0.45	-0.5	0	0.2	0.00217282
0.45	-0.46	0	0.2	0.00223463
0.45	-0.42	0	0.2	0.00233832
0.45	-0.38	0	0.2	0.00233565
0.45	-0.34	0	0.2	0.00228964
0.45	-0.3	0	0.2	0.00214759
0.45	-0.26	0	0.2	0.00204541
0.45	-0.22	0	0.2	0.00189764
0.45	-0.18	0	0.2	0.00174603
0.45	-0.14	0	0.2	0.00158106
0.45	-0.1	0	0.2	0.00139859
0.45	-0.06	0	0.2	0.00120667
0.45	-0.02	0	0.2	0.00102903
0.45	0.02	0	0.2	0.000860018
0.45	0.06	0	0.2	0.000749977
0.45	0.1	0	0.2	0.000594189
0.45	0.14	0	0.2	0.000489568
0.45	0.18	0	0.2	0.000383964
0.45	0.22	0	0.2	0.000305968
0.45	0.26	0	0.2	0.000244473
0.45	0.3	0	0.2	0.000188694
0.45	0.34	0	0.2	0.000145716
0.45	0.38	0	0.2	0.00011265
0.45	0.42	0	0.2	8.5839e-05
0.45	0.46	0	0.2	6.39901e-05
0.45	0.5	0	0.2	4.93233e-05
0.45	0.54	0	0.2	3.57352e-05
0.45	0.58	0	0.2	2.67327e-05
0.45	0.62	0	0.2	1.93038e-05
0.45	0.66	0	0.2	1.46595e-05
0.45	0.7	0	0.2	1.08509e-05
0.45	0.74	0	0.2	7.51208e-06
0.45	0.78	0	0.2	5.50423e-06
0.45	0.82	0	0.2	3.98519e-06
0.45	0.86	0	0.2	2.86528e-06
0.45	0.9	0	0.2	2.04148e-06
0.45	0.94	0	0.2	1.47537e-06
0.45	0.98	0	0.2	1.04013e-06
0.483333	-0.98	0	0.2	6.24011e-07
0.483333	-0.94	0	0.2	4.47823e-07
0.483333	-0.9	0	0.2	3.11836e-07
0.483333	-0.86	0	0.2	0.00054511
0.483333	-0.82	0	0.2	0.000629852
0.483333	-0.78	0	0.2	0.000760291
0.483333	-0.74	0	0.2	0.00089425
0.483333	-0.7	0	0.2	0.00100004
0.483333	-0.66	0	0.2	0.00114285
0.483333	-0.62	0	0.2	0.00124851
0.483333	-0.58	0	0.2	0.00139561
0.483333	-0.54	0	0.2	0.00148996
0.483333	-0.5	0	0.2	0.00159943
0.483333	-0.46	0	0.2	0.00165995
0.483333	-0.42	0	0.2	0.00167106
0.483333	-0.38	0	0.2	0.00166532
0.483333	-0.34	0	0.2	0.00164491
0.483333	-0.3	0	0.2	0.00158492
0.483333	-0.26	0	0.2	0.00151058
0.483333	-0.22	0	0.2	0.00138281
0.483333	-0.18	0	0.2	0.00127781
0.483333	-0.14	0	0.2	0.00115077
0.483333	-0.1	0	0.2	0.00101642
0.483333	-0.06	0	0.2	0.000877917
0.483333	-0.02	0	0.2	0.000762047
0.483333	0.02	0	0.2	0.000637297
0.483333	0.06	0	0.2	0.000550716
0.483333	0.1	0	0.2	0.000447825
0.483333	0.14	0	0.2	0.000372345
0.483333	0.18	0	0.2	0.000295502
0.483333	0.22	0	0.2	0.000236585
0.483333	0.26	0	0.2	0.000187325
0.483333	0.3	0	0.2	0.000147616
0.483333	0.34	0	0.2	0.000113223
0.483333	0.38	0	0.2	8.64242e-05
0.483333	0.42	0	0.2	6.5845e-05
0.483333	0.46	0	0.2	5.06836e-05
0.483333	0.5	0	0.2	3.78229e-05
0.483333	0.54	0	0.2	2.91348e-05
0.483333	0.58	0	0.2	2.09206e-05
0.483333	0.62	0	0.2	1.56475e-05
0.483333	0.66	0	0.2	1.15492e-05
0.483333	0.7	0	0.2	8.70043e-06
0.483333	0.74	0	0.2	6.11821e-06
0.483333	0.78	0	0.2	4.52908e-06
0.483333	0.82	0	0.2	3.28939e-06
0.483333	0.86	0	0.2	2.37756e-06
0.483333	0.9	0	0.2	1.70277e-06
0.483333	0.94	0	0.2	1.22684e-06
0.483333	0.98	0	0.2	8.84285e-07
0.516667	-0.98	0	0.2	5.22634e-07
0.516667	-0.94	0	0.2	3.76822e-07
0.516667	-0.9	0	0.2	2.6361e-07
0.516667	-0.86	0	0.2	0.000400086
0.516667	-0.82	0	0.2	0.00047399
0.516667	-0.78	0	0.2	0.000556156
0.516667	-0.74	0	0.2	0.000648131
0.516667	-0.7	0	0.2	0.000746197
0.516667	-0.66	0	0.2	0.00082038
0.516667	-0.62	0	0.2	0.000916229
0.516667	-0.58	0	0.2	0.000980354
0.516667	-0.54	0	0.2	0.00107603
0.516667	-0.5	0	0.2	0.00113329
0.516667	-0.46	0	0.2	0.00116794
0.516667	-0.42	0	0.2	0.00121179
0.516667	-0.38	0	0.2	0.00120767
0.516667	-0.34	0	0.2	0.00118548
0.516667	-0.3	0	0.2	0.0011346
0.516667	-0.26	0	0.2	0.00107356
0.516667	-0.22	0	0.2	0.00101731
0.516667	-0.18	0	0.2	0.000905625
0.516667	-0.14	0	0.2	0.000828047
0.516667	-0.1	0	0.2	0.00074705
0.516667	-0.06	0	0.2	0.000653364
0.516667	-0.02	0	0.2	0.000574889
0.516667	0.02	0	0.2	0.000471238
0.516667	0.06	0	0.2	0.000399623
0.516667	0.1	0	0.2	0.000335824
0.516667	0.14	0	0.2	0.000273805
0.516667	0.18	0	0.2	0.000221005
0.516667	0.22	0	0.2	0.000176304
0.516667	0.26	0	0.2	0.000137773
0.516667	0.3	0	0.2	0.00011076
0.516667	0.34	0	0.2	8.7323e-05
0.516667	0.38	0	0.2	6.85098e-05
0.516667	0.42	0	0.2	5.14064e-05
0.516667	0.46	0	0.2	3.92344e-05
0.516667	0.5	0	0.2	3.04719e-05
0.516667	0.54	0	0.2	2.27442e-05
0.516667	0.58	0	0.2	1.71094e-05
0.516667	0.62	0	0.2	1.27843e-05
0.516667	0.66	0	0.2	9.39461e-06
0.516667	0.7	0	0.2	7.01302e-06
0.516667	0.74	0	0.2	4.98237e-06
0.516667	0.78	0	0.2	3.7429e-06
0.516667	0.82	0	0.2	2.62112e-06
0.516667	0.86	0	0.2	1.93176e-06
0.516667	0.9	0	0.2	1.4085e-06
0.516667	0.94	0	0.2	1.0094e-06
0.516667	0.98	0	0.2	7.27824e-07
0.55	-0.98	0	0.2	4.31689e-07
0.55	-0.94	0	0.2	3.12022e-07
0.55	-0.9	0	0.2	2.24637e-07
0.55	-0.86	0	0.2	0.000298099
0.55	-0.82	0	0.2	0.000350609
0.55	-0.78	0	0.2	0.000407549
0.55	-0.74	0	0.2	0.000471755
0.55	-0.7	0	0.2	0.000558316
0.55	-0.66	0	0.2	0.000607026
0.55	-0.62	0	0.2	0.000657184
0.55	-0.58	0	0.2	0.000718573
0.55	-0.54	0	0.2	0.000750974
0.55	-0.5	0	0.2	0.000799827
0.55	-0.46	0	0.2	0.000840641
0.55	-0.42	0	0.2	0.000873582
0.55	-0.38	0	0.2	0.000845053
0.55	-0.34	0	0.2	0.000859989
0.55	-0.3	0	0.2	0.000808246
0.55	-0.26	0	0.2	0.000778557
0.55	-0.22	0	0.2	0.000729397
0.55	-0.18	0	0.2	0.000663319
0.55	-0.14	0	0.2	0.000617456
0.55	-0.1	0	0.2	0.000533474
0.55	-0.06	0	0.2	0.000478315
0.55	-0.02	0	0.2	0.000407549
0.55	0.02	0	0.2	0.000353047
0.55	0.06	0	0.2	0.000299816
0.55	0.1	0	0.2	0.000244328
0.55	0.14	0	0.2	0.000203068
0.55	0.18	0	0.2	0.000163432
0.55	0.22	0	0.2	0.000135596
0.55	0.26	0	0.2	0.000110442
0.55	0.3	0	0.2	8.72103e-05
0.55	0.34	0	0.2	6.74851e-05
0.55	0.38	0	0.2	5.18399e-05
0.55	0.42	0	0.2	4.05807e-05
0.55	0.46	0	0.2	3.15304e-05
0.55	0.5	0	0.2	2.36164e-05
0.55	0.54	0	0.2	1.78388e-05
0.55	0.58	0	0.2	1.37048e-05
0.55	0.62	0	0.2	1.02317e-05
0.55	0.66	0	0.2	7.5113e-06
0.55	0.7	0	0.2	5.66547e-06
0.55	0.74	0	0.2	4.01977e-06
0.55	0.78	0	0.2	3.06804e-06
0.55	0.82	0	0.2	2.20152e-06
0.55	0.86	0	0.2	1.62109e-06
0.55	0.9	0	0.2	1.15028e-06
0.55	0.94	0	0.2	8.54654e-07
0.55	0.98	0	0.2	6.02452e-07
0.583333	-0.98	0	0.2	3.59935e-07
0.583333	-0.94	0	0.2	2.52111e-07
0.583333	-0.9	0	0.2	1.86029e-07
0.583333	-0.86	0	0.2	0.00021835
0.583333	-0.82	0	0.2	0.000256487
0.583333	-0.78	0	0.2	0.000303757
0.583333	-0.74	0	0.2	0.000349709
0.583333	-0.7	0	0.2	0.000405701
0.583333	-0.66	0	0.2	0.000431972
0.583333	-0.62	0	0.2	0.000479351
0.583333	-0.58	0	0.2	0.000517901
0.583333	-0.54	0	0.2	0.000556074
0.583333	-0.5	0	0.2	0.000577614
0.583333	-0.46	0	0.2	0.000597334
0.583333	-0.42	0	0.2	0.000605706
0.583333	-0.38	0	0.2	0.000615578
0.583333	-0.34	0	0.2	0.000604966
0.583333	-0.3	0	0.2	0.000580301
0.583333	-0.26	0	0.2	0.000557994
0.583333	-0.22	0	0.2	0.000517901
0.583333	-0.18	0	0.2	0.000481567
0.583333	-0.14	0	0.2	0.000441045
0.583333	-0.1	0	0.2	0.000388534
0.583333	-0.06	0	0.2	0.000345717
0.583333	-0.02	0	0.2	0.000299581
0.583333	0.02	0	0.2	0.000260078
0.583333	0.06	0	0.2	0.000214537
0.583333	0.1	0	0.2	0.000183008
0.583333	0.14	0	0.2	0.000154282
0.583333	0.18	0	0.2	0.000126727
0.583333	0.22	0	0.2	0.000100423
0.583333	0.26	0	0.2	8.26355e-05
0.583333	0.3	0	0.2	6.47662e-05
0.583333	0.34	0	0.2	5.19715e-05
0.583333	0.38	0	0.2	4.04155e-05
0.583333	0.42	0	0.2	3.1255e-05
0.583333	0.46	0	0.2	2.45798e-05
0.583333	0.5	0	0.2	1.83756e-05
0.583333	0.54	0	0.2	1.40797e-05
0.583333	0.58	0	0.2	1.0783e-05
0.583333	0.62	0	0.2	7.96845e-06
0.583333	0.66	0	0.2	5.97258e-06
0.583333	0.7	0	0.2	4.45888e-06
0.583333	0.74	0	0.2	3.35094e-06
0.583333	0.78	0	0.2	2.42759e-06
0.583333	0.82	0	0.2	1.8229e-06
0.583333	0.86	0	0.2	1.30982e-06
0.583333	0.9	0	0.2	9.20835e-07
0.583333	0.94	0	0.2	6.77719e-07
0.583333	0.98	0	0.2	4.97588e-07
0.616667	-0.98	0	0.2	2.95022e-07
0.616667	-0.94	0	0.2	2.18231e-07
0.616667	-0.9	0	0.2	1.54803e-07
0.616667	-0.86	0	0.2	0.000161124
0.616667	-0.82	0	0.2	0.000190399
0.616667	-0.78	0	0.2	0.000214555
0.616667	-0.74	0	0.2	0.000258584
0.616667	-0.7	0	0.2	0.000289266
0.616667	-0.66	0	0.2	0.000314726
0.616667	-0.62	0	0.2	0.000337399
0.616667	-0.58	0	0.2	0.000370086
0.616667	-0.54	0	0.2	0.000402557
0.616667	-0.5	0	0.2	0.000416083
0.616667	-0.46	0	0.2	0.000437795
0.616667	-0.42	0	0.2	0.000442203
0.616667	-0.38	0	0.2	0.000452815
0.616667	-0.34	0	0.2	0.000429835
0.616667	-0.3	0	0.2	0.000422351
0.616667	-0.26	0	0.2	0.000400256
0.616667	-0.22	0	0.2	0.000374841
0.616667	-0.18	0	0.2	0.000351407
0.616667	-0.14	0	0.2	0.000317282
0.616667	-0.1	0	0.2	0.000286639
0.616667	-0.06	0	0.2	0.000251595
0.616667	-0.02	0	0.2	0.000219906
0.616667	0.02	0	0.2	0.000189078
0.616667	0.06	0	0.2	0.00016657
0.616667	0.1	0	0.2	0.00013916
0.616667	0.14	0	0.2	0.000114673
0.616667	0.18	0	0.2	9.6292e-05
0.616667	0.22	0	0.2	7.77814e-05
0.616667	0.26	0	0.2	6.12772e-05
0.616667	0.3	0	0.2	5.1014e-05
0.616667	0.34	0	0.2	3.98932e-05
0.616667	0.38	0	0.2	3.01419e-05
0.616667	0.42	0	0.2	2.40697e-05
0.616667	0.46	0	0.2	1.89823e-05
0.616667	0.5	0	0.2	1.43264e-05
0.616667	0.54	0	0.2	1.11588e-05
0.616667	0.58	0	0.2	8.79009e-06
0.616667	0.62	0	0.2	6.45679e-06
0.616667	0.66	0	0.2	4.79003e-06
0.616667	0.7	0	0.2	3.52621e-06
0.616667	0.74	0	0.2	2.71116e-06
0.616667	0.78	0	0.2	1.94337e-06
0.616667	0.82	0	0.2	1.46065e-06
0.616667	0.86	0	0.2	1.07205e-06
0.616667	0.9	0	0.2	7.79284e-07
0.616667	0.94	0	0.2	5.61759e-07
0.616667	0.98	0	0.2	4.09667e-07
0.65	-0.98	0	0.2	2.45583e-07
0.65	-0.94	0	0.2	1.7674e-07
0.65	-0.9	0	0.2	1.2769e-07
0.65	-0.86	0	0.2	0.000121462
0.65	-0.82	0	0.2	0.000137075
0.65	-0.78	0	0.2	0.000163078
0.65	-0.74	0	0.2	0.000183114
0.65	-0.7	0	0.2	0.000206706
0.65	-0.66	0	0.2	0.000228345
0.65	-0.62	0	0.2	0.000246444
0.65	-0.58	0	0.2	0.00027275
0.65	-0.54	0	0.2	0.000278108
0.65	-0.5	0	0.2	0.000297945
0.65	-0.46	0	0.2	0.000306776
0.65	-0.42	0	0.2	0.000318
0.65	-0.38	0	0.2	0.000311119
0.65	-0.34	0	0.2	0.000305349
0.65	-0.3	0	0.2	0.000299329
0.65	-0.26	0	0.2	0.00028406
0.65	-0.22	0	0.2	0.000274618
0.65	-0.18	0	0.2	0.000254823
0.65	-0.14	0	0.2	0.000227816
0.65	-0.1	0	0.2	0.000208375
0.65	-0.06	0	0.2	0.000184599
0.65	-0.02	0	0.2	0.000160469
0.65	0.02	0	0.2	0.000142571
0.65	0.06	0	0.2	0.000117723
0.65	0.1	0	0.2	0.000102622
0.65	0.14	0	0.2	8.59338e-05
0.65	0.18	0	0.2	7.14359e-05
0.65	0.22	0	0.2	5.81121e-05
0.65	0.26	0	0.2	4.62708e-05
0.65	0.3	0	0.2	3.70553e-05
0.65	0.34	0	0.2	3.02844e-05
0.65	0.38	0	0.2	2.37887e-05
0.65	0.42	0	0.2	1.87544e-05
0.65	0.46	0	0.2	1.47762e-05
0.65	0.5	0	0.2	1.14674e-05
0.65	0.54	0	0.2	8.66047e-06
0.65	0.58	0	0.2	6.6272e-06
0.65	0.62	0	0.2	5.13954e-06
0.65	0.66	0	0.2	3.8743e-06
0.65	0.7	0	0.2	2.8821e-06
0.65	0.74	0	0.2	2.1233e-06
0.65	0.78	0	0.2	1.55658e-06
0.65	0.82	0	0.2	1.1843e-06
0.65	0.86	0	0.2	8.70774e-07
0.65	0.9	0	0.2	6.51535e-07
0.65	0.94	0	0.2	4.51906e-07
0.65	0.98	0	0.2	3.3276e-07
0.683333	-0.98	0	0.2	2.00796e-07
0.683333	-0.94	0	0.2	1.45526e-07
0.683333	-0.9	0	0.2	1.07688e-07
0.683333	-0.86	0	0.2	8.98471e-05
0.683333	-0.82	0	0.2	0.00010266
0.683333	-0.78	0	0.2	0.000118729
0.683333	-0.74	0	0.2	0.000138084
0.683333	-0.7	0	0.2	0.000150668
0.683333	-0.66	0	0.2	0.000166143
0.683333	-0.62	0	0.2	0.000181569
0.683333	-0.58	0	0.2	0.00019636
0.683333	-0.54	0	0.2	0.00020651
0.683333	-0.5	0	0.2	0.000212327
0.683333	-0.46	0	0.2	0.000222253
0.683333	-0.42	0	0.2	0.000224518
0.683333	-0.38	0	0.2	0.000225297
0.683333	-0.34	0	0.2	0.00022123
0.683333	-0.3	0	0.2	0.000210092
0.683333	-0.26	0	0.2	0.000203183
0.683333	-0.22	0	0.2	0.000191429
0.683333	-0.18	0	0.2	0.000178442
0.683333	-0.14	0	0.2	0.000166143
0.683333	-0.1	0	0.2	0.000152052
0.683333	-0.06	0	0.2	0.000134068
0.683333	-0.02	0	0.2	0.000118457
0.683333	0.02	0	0.2	0.000102067
0.683333	0.06	0	0.2	8.86233e-05
0.683333	0.1	0	0.2	7.66695e-05
0.683333	0.14	0	0.2	6.29538e-05
0.683333	0.18	0	0.2	5.28776e-05
0.683333	0.22	0	0.2	4.36131e-05
0.683333	0.26	0	0.2	3.64421e-05
0.683333	0.3	0	0.2	2.92639e-05
0.683333	0.34	0	0.2	2.33466e-05
0.683333	0.38	0	0.2	1.78828e-05
0.683333	0.42	0	0.2	1.42335e-05
0.683333	0.46	0	0.2	1.13602e-05
0.683333	0.5	0	0.2	8.76754e-06
0.683333	0.54	0	0.2	6.9232e-06
0.683333	0.58	0	0.2	5.13108e-06
0.683333	0.62	0	0.2	3.95737e-06
0.683333	0.66	0	0.2	2.94129e-06
0.683333	0.7	0	0.2	2.28786e-06
0.683333	0.74	0	0.2	1.68501e-06
0.683333	0.78	0	0.2	1.25208e-06
0.683333	0.82	0	0.2	9.29361e-07
0.683333	0.86	0	0.2	6.89248e-07
0.683333	0.9	0	0.2	5.138e-07
0.683333	0.94	0	0.2	3.82779e-07
0.683333	0.98	0	0.2	2.77412e-07
0.716667	-0.98	0	0.2	1.61275e-07
0.716667	-0.94	0	0.2	1.18803e-07
0.716667	-0.9	0	0.2	8.73259e-08
0.716667	-0.86	0	0.2	6.50134e-05
0.716667	-0.82	0	0.2	7.52792e-05
0.716667	-0.78	0	0.2	8.50549e-05
0.716667	-0.74	0	0.2	9.78441e-05
0.716667	-0.7	0	0.2	0.000107609
0.716667	-0.66	0	0.2	0.000121365
0.716667	-0.62	0	0.2	0.000130651
0.716667	-0.58	0	0.2	0.000141001
0.716667	-0.54	0	0.2	0.00014957
0.716667	-0.5	0	0.2	0.000155565
0.716667	-0.46	0	0.2	0.000159891
0.716667	-0.42	0	0.2	0.000161638
0.716667	-0.38	0	0.2	0.000160708
0.716667	-0.34	0	0.2	0.000160257
0.716667	-0.3	0	0.2	0.000156634
0.716667	-0.26	0	0.2	0.000148375
0.716667	-0.22	0	0.2	0.000136968
0.716667	-0.18	0	0.2	0.000128245
0.716667	-0.14	0	0.2	0.000119983
0.716667	-0.1	0	0.2	0.000108612
0.716667	-0.06	0	0.2	9.80688e-05
0.716667	-0.02	0	0.2	8.68435e-05
0.716667	0.02	0	0.2	7.5366e-05
0.716667	0.06	0	0.2	6.36636e-05
0.716667	0.1	0	0.2	5.56433e-05
0.716667	0.14	0	0.2	4.67829e-05
0.716667	0.18	0	0.2	3.91495e-05
0.716667	0.22	0	0.2	3.2248e-05
0.716667	0.26	0	0.2	2.65241e-05
0.716667	0.3	0	0.2	2.12936e-05
0.716667	0.34	0	0.2	1.76456e-05
0.716667	0.38	0	0.2	1.41858e-05
0.716667	0.42	0	0.2	1.10605e-05
0.716667	0.46	0	0.2	8.6568e-06
0.716667	0.5	0	0.2	6.83621e-06
0.716667	0.54	0	0.2	5.22858e-06
0.716667	0.58	0	0.2	4.00058e-06
0.716667	0.62	0	0.2	3.05652e-06
0.716667	0.66	0	0.2	2.37333e-06
0.716667	0.7	0	0.2	1.72941e-06
0.716667	0.74	0	0.2	1.32757e-06
0.716667	0.78	0	0.2	1.00912e-06
0.716667	0.82	0	0.2	7.59021e-07
0.716667	0.86	0	0.2	5.47141e-07
0.716667	0.9	0	0.2	4.13322e-07
0.716667	0.94	0	0.2	3.04555e-07
0.716667	0.98	0	0.2	2.25369e-07
0.75	-0.98	0	0.2	1.33291e-07
0.75	-0.94	0	0.2	9.58351e-08
0.75	-0.9	0	0.2	7.10216e-08
0.75	-0.86	0	0.2	4.71886e-05
0.75	-0.82	0	0.2	5.53911e-05
0.75	-0.78	0	0.2	6.23715e-05
0.75	-0.74	0	0.2	7.00419e-05
0.75	-0.7	0	0.2	7.86952e-05
0.75	-0.66	0	0.2	8.65037e-05
0.75	-0.62	0	0.2	9.44096e-05
0.75	-0.58	0	0.2	0.000100293
0.75	-0.54	0	0.2	0.000105116
0.75	-0.5	0	0.2	0.000109698
0.75	-0.46	0	0.2	0.000114494
0.75	-0.42	0	0.2	0.000114231
0.75	-0.38	0	0.2	0.000117163
0.75	-0.34	0	0.2	0.000114626
0.75	-0.3	0	0.2	0.000111616
0.75	-0.26	0	0.2	0.000107447
0.75	-0.22	0	0.2	9.97123e-05
0.75	-0.18	0	0.2	9.46264e-05
0.75	-0.14	0	0.2	8.71031e-05
0.75	-0.1	0	0.2	7.80591e-05
0.75	-0.06	0	0.2	7.07766e-05
0.75	-0.02	0	0.2	6.33856e-05
0.75	0.02	0	0.2	5.58357e-05
0.75	0.06	0	0.2	4.92259e-05
0.75	0.1	0	0.2	4.09235e-05
0.75	0.14	0	0.2	3.49866e-05
0.75	0.18	0	0.2	2.93668e-05
0.75	0.22	0	0.2	2.4323e-05
0.75	0.26	0	0.2	2.00469e-05
0.75	0.3	0	0.2	1.60732e-05
0.75	0.34	0	0.2	1.31208e-05
0.75	0.38	0	0.2	1.06702e-05
0.75	0.42	0	0.2	8.34613e-06
0.75	0.46	0	0.2	6.72216e-06
0.75	0.5	0	0.2	5.1397e-06
0.75	0.54	0	0.2	4.0781e-06
0.75	0.58	0	0.2	3.14516e-06
0.75	0.62	0	0.2	2.41079e-06
0.75	0.66	0	0.2	1.86477e-06
0.75	0.7	0	0.2	1.389e-06
0.75	0.74	0	0.2	1.04709e-06
0.75	0.78	0	0.2	8.09349e-07
0.75	0.82	0	0.2	5.90477e-07
0.75	0.86	0	0.2	4.51706e-07
0.75	0.9	0	0.2	3.30871e-07
0.75	0.94	0	0.2	2.42749e-07
0.75	0.98	0	0.2	1.79691e-07
0.783333	-0.98	0	0.2	1.09479e-07
0.783333	-0.94	0	0.2	8.01021e-08
0.783333	-0.9	0	0.2	5.80776e-08
0.783333	-0.86	0	0.2	3.42441e-05
0.783333	-0.82	0	0.2	3.99694e-05
0.783333	-0.78	0	0.2	4.71718e-05
0.783333	-0.74	0	0.2	5.16909e-05
0.783333	-0.7	0	0.2	5.67211e-05
0.783333	-0.66	0	0.2	6.29139e-05
0.783333	-0.62	0	0.2	6.74161e-05
0.783333	-0.58	0	0.2	7.27303e-05
0.783333	-0.54	0	0.2	7.62053e-05
0.783333	-0.5	0	0.2	8.0627e-05
0.783333	-0.46	0	0.2	8.09468e-05
0.783333	-0.42	0	0.2	8.19523e-05
0.783333	-0.38	0	0.2	8.38626e-05
0.783333	-0.34	0	0.2	8.27372e-05
0.783333	-0.3	0	0.2	7.97097e-05
0.783333	-0.26	0	0.2	7.53243e-05
0.783333	-0.22	0	0.2	7.20623e-05
0.783333	-0.18	0	0.2	6.78848e-05
0.783333	-0.14	0	0.2	6.25532e-05
0.783333	-0.1	0	0.2	5.63921e-05
0.783333	-0.06	0	0.2	5.21651e-05
0.783333	-0.02	0	0.2	4.5536e-05
0.783333	0.02	0	0.2	3.98301e-05
0.783333	0.06	0	0.2	3.54555e-05
0.783333	0.1	0	0.2	3.0055e-05
0.783333	0.14	0	0.2	2.57064e-05
0.783333	0.18	0	0.2	2.17639e-05
0.783333	0.22	0	0.2	1.8142e-05
0.783333	0.26	0	0.2	1.49471e-05
0.783333	0.3	0	0.2	1.22887e-05
0.783333	0.34	0	0.2	9.94767e-06
0.783333	0.38	0	0.2	8.10627e-06
0.783333	0.42	0	0.2	6.33933e-06
0.783333	0.46	0	0.2	5.18119e-06
0.783333	0.5	0	0.2	3.97972e-06
0.783333	0.54	0	0.2	3.1314e-06
0.783333	0.58	0	0.2	2.47309e-06
0.783333	0.62	0	0.2	1.87143e-06
0.783333	0.66	0	0.2	1.45542e-06
0.783333	0.7	0	0.2	1.08353e-06
0.783333	0.74	0	0.2	8.40405e-07
0.783333	0.78	0	0.2	6.3225e-07
0.783333	0.82	0	0.2	4.77746e-07
0.783333	0.86	0	0.2	3.4581e-07
0.783333	0.9	0	0.2	2.6942e-07
0.783333	0.94	0	0.2	1.95938e-07
0.783333	0.98	0	0.2	1.46747e-07
0.816667	-0.98	0	0.2	8.60914e-08
0.816667	-0.94	0	0.2	6.43079e-08
0.816667	-0.9	0	0.2	4.68366e-08
0.816667	-0.86	0	0.2	2.5381e-05
0.816667	-0.82	0	0.2	2.93163e-05
0.816667	-0.78	0	0.2	3.36008e-05
0.816667	-0.74	0	0.2	3.73803e-05
0.816667	-0.7	0	0.2	4.15259e-05
0.816667	-0.66	0	0.2	4.52665e-05
0.816667	-0.62	0	0.2	4.89655e-05
0.816667	-0.58	0	0.2	5.32081e-05
0.816667	-0.54	0	0.2	5.6246e-05
0.816667	-0.5	0	0.2	5.65237e-05
0.816667	-0.46	0	0.2	5.84318e-05
0.816667	-0.42	0	0.2	5.92731e-05
0.816667	-0.38	0	0.2	5.77674e-05
0.816667	-0.34	0	0.2	5.95801e-05
0.816667	-0.3	0	0.2	5.71817e-05
0.816667	-0.26	0	0.2	5.43479e-05
0.816667	-0.22	0	0.2	5.23072e-05
0.816667	-0.18	0	0.2	4.91906e-05
0.816667	-0.14	0	0.2	4.57353e-05
0.816667	-0.1	0	0.2	4.12402e-05
0.816667	-0.06	0	0.2	3.72082e-05
0.816667	-0.02	0	0.2	3.37544e-05
0.816667	0.02	0	0.2	2.9723e-05
0.816667	0.06	0	0.2	2.55585e-05
0.816667	0.1	0	0.2	2.25036e-05
0.816667	0.14	0	0.2	1.95796e-05
0.816667	0.18	0	0.2	1.62322e-05
0.816667	0.22	0	0.2	1.34456e-05
0.816667	0.26	0	0.2	1.1354e-05
0.816667	0.3	0	0.2	9.20382e-06
0.816667	0.34	0	0.2	7.50764e-06
0.816667	0.38	0	0.2	6.09495e-06
0.816667	0.42	0	0.2	4.92054e-06
0.816667	0.46	0	0.2	3.83557e-06
0.816667	0.5	0	0.2	3.00233e-06
0.816667	0.54	0	0.2	2.46134e-06
0.816667	0.58	0	0.2	1.86494e-06
0.816667	0.62	0	0.2	1.46176e-06
0.816667	0.66	0	0.2	1.12722e-06
0.816667	0.7	0	0.2	8.77248e-07
0.816667	0.74	0	0.2	6.48636e-07
0.816667	0.78	0	0.2	4.96209e-07
0.816667	0.82	0	0.2	3.79035e-07
0.816667	0.86	0	0.2	2.84243e-07
0.816667	0.9	0	0.2	2.1539e-07
0.816667	0.94	0	0.2	1.56145e-07
0.816667	0.98	0	0.2	1.16164e-07
0.85	-0.98	0	0.2	6.90281e-08
0.85	-0.94	0	0.2	5.17433e-08
0.85	-0.9	0	0.2	3.73767e-08
0.85	-0.86	0	0.2	1.85078e-05
0.85	-0.82	0	0.2	2.14576e-05
0.85	-0.78	0	0.2	2.41834e-05
0.85	-0.74	0	0.2	2.70451e-05
0.85	-0.7	0	0.2	3.01752e-05
0.85	-0.66	0	0.2	3.27063e-05
0.85	-0.62	0	0.2	3.49437e-05
0.85	-0.58	0	0.2	3.71366e-05
0.85	-0.54	0	0.2	3.87984e-05
0.85	-0.5	0	0.2	4.01211e-05
0.85	-0.46	0	0.2	4.29991e-05
0.85	-0.42	0	0.2	4.27189e-05
0.85	-0.38	0	0.2	4.18851e-05
0.85	-0.34	0	0.2	4.16917e-05
0.85	-0.3	0	0.2	4.09707e-05
0.85	-0.26	0	0.2	3.98887e-05
0.85	-0.22	0	0.2	3.77411e-05
0.85	-0.18	0	0.2	3.48627e-05
0.85	-0.14	0	0.2	3.25559e-05
0.85	-0.1	0	0.2	3.05196e-05
0.85	-0.06	0	0.2	2.67643e-05
0.85	-0.02	0	0.2	2.41834e-05
0.85	0.02	0	0.2	2.12104e-05
0.85	0.06	0	0.2	1.90923e-05
0.85	0.1	0	0.2	1.61482e-05
0.85	0.14	0	0.2	1.36396e-05
0.85	0.18	0	0.2	1.17869e-05
0.85	0.22	0	0.2	1.01204e-05
0.85	0.26	0	0.2	8.34789e-06
0.85	0.3	0	0.2	6.86393e-06
0.85	0.34	0	0.2	5.55701e-06
0.85	0.38	0	0.2	4.567e-06
0.85	0.42	0	0.2	3.63883e-06
0.85	0.46	0	0.2	2.91122e-06
0.85	0.5	0	0.2	2.28554e-06
0.85	0.54	0	0.2	1.85201e-06
0.85	0.58	0	0.2	1.43324e-06
0.85	0.62	0	0.2	1.13193e-06
0.85	0.66	0	0.2	8.68395e-07
0.85	0.7	0	0.2	6.79407e-07
0.85	0.74	0	0.2	5.2321e-07
0.85	0.78	0	0.2	3.85939e-07
0.85	0.82	0	0.2	2.94273e-07
0.85	0.86	0	0.2	2.19448e-07
0.85	0.9	0	0.2	1.71041e-07
0.85	0.94	0	0.2	1.26478e-07
0.85	0.98	0	0.2	9.62676e-08
0.883333	-0.98	0	0.2	5.62553e-08
0.883333	-0.94	0	0.2	4.08753e-08
0.883333	-0.9	0	0.2	3.0778e-08
0.883333	-0.86	0	0.2	1.38462e-05
0.883333	-0.82	0	0.2	1.54397e-05
0.883333	-0.78	0	0.2	1.75533e-05
0.883333	-0.74	0	0.2	1.97366e-05
0.883333	-0.7	0	0.2	2.20407e-05
0.883333	-0.66	0	0.2	2.32971e-05
0.883333	-0.62	0	0.2	2.56874e-05
0.883333	-0.58	0	0.2	2.71018e-05
0.883333	-0.54	0	0.2	2.8607e-05
0.883333	-0.5	0	0.2	2.91844e-05
0.883333	-0.46	0	0.2	3.03362e-05
0.883333	-0.42	0	0.2	3.09977e-05
0.883333	-0.38	0	0.2	3.09626e-05
0.883333	-0.34	0	0.2	3.03362e-05
0.883333	-0.3	0	0.2	3.01324e-05
0.883333	-0.26	0	0.2	2.79872e-05
0.883333	-0.22	0	0.2	2.70707e-05
0.883333	-0.18	0	0.2	2.52787e-05
0.883333	-0.14	0	0.2	2.33242e-05
0.883333	-0.1	0	0.2	2.17169e-05
0.883333	-0.06	0	0.2	1.96688e-05
0.883333	-0.02	0	0.2	1.78374e-05
0.883333	0.02	0	0.2	1.5872e-05
0.883333	0.06	0	0.2	1.37987e-05
0.883333	0.1	0	0.2	1.19534e-05
0.883333	0.14	0	0.2	1.03573e-05
0.883333	0.18	0	0.2	8.75567e-06
0.883333	0.22	0	0.2	7.35725e-06
0.883333	0.26	0	0.2	6.34685e-06
0.883333	0.3	0	0.2	5.02078e-06
0.883333	0.34	0	0.2	4.24493e-06
0.883333	0.38	0	0.2	3.4979e-06
0.883333	0.42	0	0.2	2.7539e-06
0.883333	0.46	0	0.2	2.25851e-06
0.883333	0.5	0	0.2	1.79103e-06
0.883333	0.54	0	0.2	1.41383e-06
0.883333	0.58	0	0.2	1.10749e-06
0.883333	0.62	0	0.2	8.88134e-07
0.883333	0.66	0	0.2	6.60836e-07
0.883333	0.7	0	0.2	5.23426e-07
0.883333	0.74	0	0.2	3.98678e-07
0.883333	0.78	0	0.2	3.08423e-07
0.883333	0.82	0	0.2	2.34426e-07
0.883333	0.86	0	0.2	1.77745e-07
0.883333	0.9	0	0.2	1.3416e-07
0.883333	0.94	0	0.2	1.00825e-07
0.883333	0.98	0	0.2	7.47708e-08
0.916667	-0.98	0	0.2	4.4507e-08
0.916667	-0.94	0	0.2	3.30541e-08
0.916667	-0.9	0	0.2	2.44304e-08
0.916667	-0.86	0	0.2	9.92762e-06
0.916667	-0.82	0	0.2	1.13612e-05
0.916667	-0.78	0	0.2	1.30419e-05
0.916667	-0.74	0	0.2	1.4198e-05
0.916667	-0.7	0	0.2	1.56584e-05
0.916667	-0.66	0	0.2	1.69777e-05
0.916667	-0.62	0	0.2	1.86183e-05
0.916667	-0.58	0	0.2	1.93915e-05
0.916667	-0.54	0	0.2	2.07246e-05
0.916667	-0.5	0	0.2	2.07866e-05
0.916667	-0.46	0	0.2	2.12223e-05
0.916667	-0.42	0	0.2	2.19349e-05
0.916667	-0.38	0	0.2	2.19097e-05
0.916667	-0.34	0	0.2	2.16203e-05
0.916667	-0.3	0	0.2	2.13936e-05
0.916667	-0.26	0	0.2	2.01392e-05
0.916667	-0.22	0	0.2	1.97262e-05
0.916667	-0.18	0	0.2	1.83241e-05
0.916667	-0.14	0	0.2	1.70363e-05
0.916667	-0.1	0	0.2	1.54424e-05
0.916667	-0.06	0	0.2	1.39687e-05
0.916667	-0.02	0	0.2	1.29387e-05
0.916667	0.02	0	0.2	1.16892e-05
0.916667	0.06	0	0.2	9.97385e-06
0.916667	0.1	0	0.2	8.828e-06
0.916667	0.14	0	0.2	7.43908e-06
0.916667	0.18	0	0.2	6.59921e-06
0.916667	0.22	0	0.2	5.45829e-06
0.916667	0.26	0	0.2	4.64089e-06
0.916667	0.3	0	0.2	3.8495e-06
0.916667	0.34	0	0.2	3.19188e-06
0.916667	0.38	0	0.2	2.53007e-06
0.916667	0.42	0	0.2	2.11845e-06
0.916667	0.46	0	0.2	1.646e-06
0.916667	0.5	0	0.2	1.36013e-06
0.916667	0.54	0	0.2	1.08786e-06
0.916667	0.58	0	0.2	8.49664e-07
0.916667	0.62	0	0.2	6.78642e-07
0.916667	0.66	0	0.2	5.07383e-07
0.916667	0.7	0	0.2	4.01633e-07
0.916667	0.74	0	0.2	3.17859e-07
0.916667	0.78	0	0.2	2.38204e-07
0.916667	0.82	0	0.2	1.83632e-07
0.916667	0.86	0	0.2	1.38626e-07
0.916667	0.9	0	0.2	1.05746e-07
0.916667	0.94	0	0.2	7.95749e-08
0.916667	0.98	0	0.2	5.95622e-08
0.95	-0.98	0	0.2	3.57538e-08
0.95	-0.94	0	0.2	2.64305e-08
0.95	-0.9	0	0.2	1.96001e-08
0.95	-0.86	0	0.2	7.37083e-06
0.95	-0.82	0	0.2	8.12383e-06
0.95	-0.78	0	0.2	9.07999e-06
0.95	-0.74	0	0.2	1.00419e-05
0.95	-0.7	0	0.2	1.12724e-05
0.95	-0.66	0	0.2	1.23108e-05
0.95	-0.62	0	0.2	1.30976e-05
0.95	-0.58	0	0.2	1.40647e-05
0.95	-0.54	0	0.2	1.46249e-05
0.95	-0.5	0	0.2	1.51172e-05
0.95	-0.46	0	0.2	1.57466e-05
0.95	-0.42	0	0.2	1.56816e-05
0.95	-0.38	0	0.2	1.5808e-05
0.95	-0.34	0	0.2	1.57288e-05
0.95	-0.3	0	0.2	1.48908e-05
0.95	-0.26	0	0.2	1.44063e-05
0.95	-0.22	0	0.2	1.39684e-05
0.95	-0.18	0	0.2	1.29766e-05
0.95	-0.14	0	0.2	1.20852e-05
0.95	-0.1	0	0.2	1.14024e-05
0.95	-0.06	0	0.2	1.05636e-05
0.95	-0.02	0	0.2	9.07999e-06
0.95	0.02	0	0.2	8.27657e-06
0.95	0.06	0	0.2	7.36239e-06
0.95	0.1	0	0.2	6.3875e-06
0.95	0.14	0	0.2	5.6216e-06
0.95	0.18	0	0.2	4.84478e-06
0.95	0.22	0	0.2	3.93668e-06
0.95	0.26	0	0.2	3.42279e-06
0.95	0.3	0	0.2	2.91489e-06
0.95	0.34	0	0.2	2.34416e-06
0.95	0.38	0	0.2	1.91089e-06
0.95	0.42	0	0.2	1.6021e-06
0.95	0.46	0	0.2	1.2822e-06
0.95	0.5	0	0.2	1.01522e-06
0.95	0.54	0	0.2	8.03846e-07
0.95	0.58	0	0.2	6.54036e-07
0.95	0.62	0	0.2	5.07787e-07
0.95	0.66	0	0.2	3.99194e-07
0.95	0.7	0	0.2	3.21034e-07
0.95	0.74	0	0.2	2.41413e-07
0.95	0.78	0	0.2	1.89891e-07
0.95	0.82	0	0.2	1.45083e-07
0.95	0.86	0	0.2	1.07667e-07
0.95	0.9	0	0.2	8.32941e-08
0.95	0.94	0	0.2	6.1529e-08
0.95	0.98	0	0.2	4.67581e-08
0.983333	-0.98	0	0.2	2.84722e-08
0.983333	-0.94	0	0.2	2.11678e-08
0.983333	-0.9	0	0.2	1.55684e-08
0.983333	-0.86	0	0.2	5.37423e-06
0.983333	-0.82	0	0.2	6.03914e-06
0.983333	-0.78	0	0.2	6.88065e-06
0.983333	-0.74	0	0.2	7.51548e-06
0.983333	-0.7	0	0.2	8.21501e-06
0.983333	-0.66	0	0.2	8.74094e-06
0.983333	-0.62	0	0.2	9.41387e-06
0.983333	-0.58	0	0.2	9.99138e-06
0.983333	-0.54	0	0.2	1.04854e-05
0.983333	-0.5	0	0.2	1.10415e-05
0.983333	-0.46	0	0.2	1.12355e-05
0.983333	-0.42	0	0.2	1.1017e-05
0.983333	-0.38	0	0.2	1.14437e-05
0.983333	-0.34	0	0.2	1.11077e-05
0.983333	-0.3	0	0.2	1.0979e-05
0.983333	-0.26	0	0.2	1.03888e-05
0.983333	-0.22	0	0.2	1.00605e-05
0.983333	-0.18	0	0.2	9.41387e-06
0.983333	-0.14	0	0.2	9.04586e-06
0.983333	-0.1	0	0.2	8.17746e-06
0.983333	-0.06	0	0.2	7.44685e-06
0.983333	-0.02	0	0.2	6.73326e-06
0.983333	0.02	0	0.2	6.0322e-06
0.983333	0.06	0	0.2	5.2943e-06
0.983333	0.1	0	0.2	4.66529e-06
0.983333	0.14	0	0.2	4.05284e-06
0.983333	0.18	0	0.2	3.53237e-06
0.983333	0.22	0	0.2	2.98512e-06
0.983333	0.26	0	0.2	2.56142e-06
0.983333	0.3	0	0.2	2.1081e-06
0.983333	0.34	0	0.2	1.77493e-06
0.983333	0.38	0	0.2	1.45564e-06
0.983333	0.42	0	0.2	1.19012e-06
0.983333	0.46	0	0.2	9.59233e-07
0.983333	0.5	0	0.2	7.89149e-07
0.983333	0.54	0	0.2	6.33077e-07
0.983333	0.58	0	0.2	4.90829e-07
0.983333	0.62	0	0.2	3.96894e-07
0.983333	0.66	0	0.2	3.12452e-07
0.983333	0.7	0	0.2	2.40104e-07
0.983333	0.74	0	0.2	1.90139e-07
0.983333	0.78	0	0.2	1.46711e-07
0.983333	0.82	0	0.2	1.10696e-07
0.983333	0.86	0	0.2	8.70256e-08
0.983333	0.9	0	0.2	6.6624e-08
0.983333	0.94	0	0.2	4.98076e-08
0.983333	0.98	0	0.2	3.81016e-08
