-0.983333	-0.98	0	1.8	0.000578548
-0.983333	-0.94	0	1.8	0.000399387
-0.983333	-0.9	0	1.8	0.000340365
-0.983333	-0.86	0	1.8	0.000226229
-0.983333	-0.82	0	1.8	0.000184858
-0.983333	-0.78	0	1.8	0.000129153
-0.983333	-0.74	0	1.8	8.85563e-05
-0.983333	-0.7	0	1.8	6.91252e-05
-0.983333	-0.66	0	1.8	4.63046e-05
-0.983333	-0.62	0	1.8	3.25806e-05
-0.983333	-0.58	0	1.8	2.48484e-05
-0.983333	-0.54	0	1.8	1.84244e-05
-0.983333	-0.5	0	1.8	1.20066e-05
-0.983333	-0.46	0	1.8	7.77613e-06
-0.983333	-0.42	0	1.8	6.33287e-06
-0.983333	-0.38	0	1.8	4.14737e-06
-0.983333	-0.34	0	1.8	3.13337e-06
-0.983333	-0.3	0	1.8	2.05152e-06
-0.983333	-0.26	0	1.8	1.402e-06
-0.983333	-0.22	0	1.8	9.81143e-07
-0.983333	-0.18	0	1.8	7.12787e-07
-0.983333	-0.14	0	1.8	5.03835e-07
-0.983333	-0.1	0	1.8	0.00142273
-0.983333	-0.06	0	1.8	0.00175694
-0.983333	-0.02	0	1.8	0.00209268
-0.983333	0.02	0	1.8	0.00253166
-0.983333	0.06	0	1.8	0.00307977
-0.983333	0.1	0	1.8	0.00406419
-0.983333	0.14	0	1.8	0.0049933
-0.983333	0.18	0	1.8	0.00479313
-0.983333	0.22	0	1.8	0.00610217
-0.983333	0.26	0	1.8	0.00617763
-0.983333	0.3	0	1.8	0.00640728
-0.983333	0.34	0	1.8	0.00760236
-0.983333	0.38	0	1.8	0.00755474
-0.983333	0.42	0	1.8	0.00720524
-0.983333	0.46	0	1.8	0.00736643
-0.983333	0.5	0	1.8	0.00718014
-0.983333	0.54	0	1.8	0.00701057
-0.983333	0.58	0	1.8	0.00597635
-0.983333	0.62	0	1.8	0.00533189
-0.983333	0.66	0	1.8	0.00449397
-0.983333	0.7	0	1.8	0.00377682
-0.983333	0.74	0	1.8	0.00325087
-0.983333	0.78	0	1.8	0.00253166
-0.983333	0.82	0	1.8	0.00230345
-0.983333	0.86	0	1.8	0.00175694
-0.983333	0.9	0	1.8	0.00130105
-0.983333	0.94	0	1.8	0.00108239
-0.983333	0.98	0	1.8	0.00082786
-0.95	-0.98	0	1.8	0.000467688
-0.95	-0.94	0	1.8	0.00036213
-0.95	-0.9	0	1.8	0.000266609
-0.95	-0.86	0	1.8	0.000200951
-0.95	-0.82	0	1.8	0.000159082
-0.95	-0.78	0	1.8	0.000102345
-0.95	-0.74	0	1.8	6.82905e-05
-0.95	-0.7	0	1.8	5.7261e-05
-0.95	-0.66	0	1.8	4.17359e-05
-0.95	-0.62	0	1.8	2.9661e-05
-0.95	-0.58	0	1.8	2.15051e-05
-0.95	-0.54	0	1.8	1.44276e-05
-0.95	-0.5	0	1.8	1.05394e-05
-0.95	-0.46	0	1.8	7.2728e-06
-0.95	-0.42	0	1.8	5.35358e-06
-0.95	-0.38	0	1.8	3.94926e-06
-0.95	-0.34	0	1.8	2.43164e-06
-0.95	-0.3	0	1.8	1.95272e-06
-0.95	-0.26	0	1.8	1.29665e-06
-0.95	-0.22	0	1.8	9.41362e-07
-0.95	-0.18	0	1.8	6.07063e-07
-0.95	-0.14	0	1.8	4.01956e-07
-0.95	-0.1	0	1.8	0.000973715
-0.95	-0.06	0	1.8	0.00127028
-0.95	-0.02	0	1.8	0.00159352
-0.95	0.02	0	1.8	0.00193453
-0.95	0.06	0	1.8	0.00226811
-0.95	0.1	0	1.8	0.00291546
-0.95	0.14	0	1.8	0.00316019
-0.95	0.18	0	1.8	0.00399154
-0.95	0.22	0	1.8	0.00480384
-0.95	0.26	0	1.8	0.00443764
-0.95	0.3	0	1.8	0.00491059
-0.95	0.34	0	1.8	0.0050763
-0.95	0.38	0	1.8	0.00566594
-0.95	0.42	0	1.8	0.00525846
-0.95	0.46	0	1.8	0.00496266
-0.95	0.5	0	1.8	0.00537998
-0.95	0.54	0	1.8	0.00479063
-0.95	0.58	0	1.8	0.00429898
-0.95	0.62	0	1.8	0.00380082
-0.95	0.66	0	1.8	0.00343344
-0.95	0.7	0	1.8	0.00299673
-0.95	0.74	0	1.8	0.00231074
-0.95	0.78	0	1.8	0.00204005
-0.95	0.82	0	1.8	0.00153641
-0.95	0.86	0	1.8	0.00128856
-0.95	0.9	0	1.8	0.00104584
-0.95	0.94	0	1.8	0.000832106
-0.95	0.98	0	1.8	0.000613145
-0.916667	-0.98	0	1.8	0.000356162
-0.916667	-0.94	0	1.8	0.000264142
-0.916667	-0.9	0	1.8	0.000195539
-0.916667	-0.86	0	1.8	0.00016079
-0.916667	-0.82	0	1.8	0.000119853
-0.916667	-0.78	0	1.8	8.35532e-05
-0.916667	-0.74	0	1.8	5.74683e-05
-0.916667	-0.7	0	1.8	4.64691e-05
-0.916667	-0.66	0	1.8	3.56003e-05
-0.916667	-0.62	0	1.8	2.39078e-05
-0.916667	-0.58	0	1.8	1.66931e-05
-0.916667	-0.54	0	1.8	1.28286e-05
-0.916667	-0.5	0	1.8	1.00267e-05
-0.916667	-0.46	0	1.8	6.90368e-06
-0.916667	-0.42	0	1.8	4.08647e-06
-0.916667	-0.38	0	1.8	3.24331e-06
-0.916667	-0.34	0	1.8	1.98644e-06
-0.916667	-0.3	0	1.8	1.56686e-06
-0.916667	-0.26	0	1.8	1.13321e-06
-0.916667	-0.22	0	1.8	7.41263e-07
-0.916667	-0.18	0	1.8	4.98556e-07
-0.916667	-0.14	0	1.8	3.8288e-07
-0.916667	-0.1	0	1.8	0.000715984
-0.916667	-0.06	0	1.8	0.000966486
-0.916667	-0.02	0	1.8	0.00117762
-0.916667	0.02	0	1.8	0.00146107
-0.916667	0.06	0	1.8	0.00193645
-0.916667	0.1	0	1.8	0.00202134
-0.916667	0.14	0	1.8	0.00238453
-0.916667	0.18	0	1.8	0.00270931
-0.916667	0.22	0	1.8	0.00329523
-0.916667	0.26	0	1.8	0.00327725
-0.916667	0.3	0	1.8	0.00388739
-0.916667	0.34	0	1.8	0.00398811
-0.916667	0.38	0	1.8	0.00426286
-0.916667	0.42	0	1.8	0.00378766
-0.916667	0.46	0	1.8	0.00404274
-0.916667	0.5	0	1.8	0.00384826
-0.916667	0.54	0	1.8	0.00352091
-0.916667	0.58	0	1.8	0.00300579
-0.916667	0.62	0	1.8	0.00271927
-0.916667	0.66	0	1.8	0.00279505
-0.916667	0.7	0	1.8	0.00203637
-0.916667	0.74	0	1.8	0.00178407
-0.916667	0.78	0	1.8	0.00157711
-0.916667	0.82	0	1.8	0.00121212
-0.916667	0.86	0	1.8	0.00097344
-0.916667	0.9	0	1.8	0.000879085
-0.916667	0.94	0	1.8	0.000629592
-0.916667	0.98	0	1.8	0.000485461
-0.883333	-0.98	0	1.8	0.000272541
-0.883333	-0.94	0	1.8	0.000234374
-0.883333	-0.9	0	1.8	0.000154503
-0.883333	-0.86	0	1.8	0.00012479
-0.883333	-0.82	0	1.8	9.72628e-05
-0.883333	-0.78	0	1.8	7.07367e-05
-0.883333	-0.74	0	1.8	5.10953e-05
-0.883333	-0.7	0	1.8	3.52132e-05
-0.883333	-0.66	0	1.8	3.00469e-05
-0.883333	-0.62	0	1.8	1.96973e-05
-0.883333	-0.58	0	1.8	1.47388e-05
-0.883333	-0.54	0	1.8	1.03836e-05
-0.883333	-0.5	0	1.8	7.23105e-06
-0.883333	-0.46	0	1.8	5.44337e-06
-0.883333	-0.42	0	1.8	3.60714e-06
-0.883333	-0.38	0	1.8	2.69091e-06
-0.883333	-0.34	0	1.8	1.82981e-06
-0.883333	-0.3	0	1.8	1.31899e-06
-0.883333	-0.26	0	1.8	9.08175e-07
-0.883333	-0.22	0	1.8	6.39837e-07
-0.883333	-0.18	0	1.8	4.59573e-07
-0.883333	-0.14	0	1.8	3.42888e-07
-0.883333	-0.1	0	1.8	0.000634806
-0.883333	-0.06	0	1.8	0.000708384
-0.883333	-0.02	0	1.8	0.000817606
-0.883333	0.02	0	1.8	0.00106383
-0.883333	0.06	0	1.8	0.00129565
-0.883333	0.1	0	1.8	0.00142971
-0.883333	0.14	0	1.8	0.00174841
-0.883333	0.18	0	1.8	0.00201987
-0.883333	0.22	0	1.8	0.00209376
-0.883333	0.26	0	1.8	0.00244146
-0.883333	0.3	0	1.8	0.00252198
-0.883333	0.34	0	1.8	0.00273366
-0.883333	0.38	0	1.8	0.00279469
-0.883333	0.42	0	1.8	0.00281479
-0.883333	0.46	0	1.8	0.002714
-0.883333	0.5	0	1.8	0.00266314
-0.883333	0.54	0	1.8	0.00236214
-0.883333	0.58	0	1.8	0.0021261
-0.883333	0.62	0	1.8	0.00191089
-0.883333	0.66	0	1.8	0.00178043
-0.883333	0.7	0	1.8	0.00151838
-0.883333	0.74	0	1.8	0.00136161
-0.883333	0.78	0	1.8	0.00122143
-0.883333	0.82	0	1.8	0.000979829
-0.883333	0.86	0	1.8	0.000732085
-0.883333	0.9	0	1.8	0.000586299
-0.883333	0.94	0	1.8	0.000487115
-0.883333	0.98	0	1.8	0.000358743
-0.85	-0.98	0	1.8	0.000216036
-0.85	-0.94	0	1.8	0.000170289
-0.85	-0.9	0	1.8	0.000124187
-0.85	-0.86	0	1.8	9.13514e-05
-0.85	-0.82	0	1.8	7.16212e-05
-0.85	-0.78	0	1.8	5.74326e-05
-0.85	-0.74	0	1.8	4.49545e-05
-0.85	-0.7	0	1.8	2.9282e-05
-0.85	-0.66	0	1.8	2.21877e-05
-0.85	-0.62	0	1.8	1.73994e-05
-0.85	-0.58	0	1.8	1.14216e-05
-0.85	-0.54	0	1.8	7.98508e-06
-0.85	-0.5	0	1.8	6.01045e-06
-0.85	-0.46	0	1.8	4.65455e-06
-0.85	-0.42	0	1.8	2.94707e-06
-0.85	-0.38	0	1.8	2.28224e-06
-0.85	-0.34	0	1.8	1.55865e-06
-0.85	-0.3	0	1.8	1.12374e-06
-0.85	-0.26	0	1.8	8.07775e-07
-0.85	-0.22	0	1.8	5.45203e-07
-0.85	-0.18	0	1.8	3.84605e-07
-0.85	-0.14	0	1.8	3.02108e-07
-0.85	-0.1	0	1.8	0.000462993
-0.85	-0.06	0	1.8	0.000552323
-0.85	-0.02	0	1.8	0.000692948
-0.85	0.02	0	1.8	0.000765643
-0.85	0.06	0	1.8	0.000972575
-0.85	0.1	0	1.8	0.00111276
-0.85	0.14	0	1.8	0.00123691
-0.85	0.18	0	1.8	0.0014176
-0.85	0.22	0	1.8	0.00165853
-0.85	0.26	0	1.8	0.00180835
-0.85	0.3	0	1.8	0.00189842
-0.85	0.34	0	1.8	0.00200841
-0.85	0.38	0	1.8	0.00189245
-0.85	0.42	0	1.8	0.00205858
-0.85	0.46	0	1.8	0.00209328
-0.85	0.5	0	1.8	0.00175604
-0.85	0.54	0	1.8	0.00182745
-0.85	0.58	0	1.8	0.00165853
-0.85	0.62	0	1.8	0.00140702
-0.85	0.66	0	1.8	0.00135404
-0.85	0.7	0	1.8	0.00106792
-0.85	0.74	0	1.8	0.000962117
-0.85	0.78	0	1.8	0.000806712
-0.85	0.82	0	1.8	0.000666203
-0.85	0.86	0	1.8	0.000556297
-0.85	0.9	0	1.8	0.000456585
-0.85	0.94	0	1.8	0.000336858
-0.85	0.98	0	1.8	0.000301408
-0.816667	-0.98	0	1.8	0.000167344
-0.816667	-0.94	0	1.8	0.000125725
-0.816667	-0.9	0	1.8	9.63773e-05
-0.816667	-0.86	0	1.8	7.18773e-05
-0.816667	-0.82	0	1.8	5.87857e-05
-0.816667	-0.78	0	1.8	4.22954e-05
-0.816667	-0.74	0	1.8	3.14528e-05
-0.816667	-0.7	0	1.8	2.44579e-05
-0.816667	-0.66	0	1.8	1.77174e-05
-0.816667	-0.62	0	1.8	1.32777e-05
-0.816667	-0.58	0	1.8	1.03761e-05
-0.816667	-0.54	0	1.8	6.74236e-06
-0.816667	-0.5	0	1.8	5.03948e-06
-0.816667	-0.46	0	1.8	3.57923e-06
-0.816667	-0.42	0	1.8	2.53214e-06
-0.816667	-0.38	0	1.8	1.93132e-06
-0.816667	-0.34	0	1.8	1.36294e-06
-0.816667	-0.3	0	1.8	8.98064e-07
-0.816667	-0.26	0	1.8	6.34282e-07
-0.816667	-0.22	0	1.8	4.72184e-07
-0.816667	-0.18	0	1.8	3.10372e-07
-0.816667	-0.14	0	1.8	2.20936e-07
-0.816667	-0.1	0	1.8	0.000351545
-0.816667	-0.06	0	1.8	0.000462998
-0.816667	-0.02	0	1.8	0.000486723
-0.816667	0.02	0	1.8	0.000587966
-0.816667	0.06	0	1.8	0.000689431
-0.816667	0.1	0	1.8	0.00082262
-0.816667	0.14	0	1.8	0.000916823
-0.816667	0.18	0	1.8	0.00105343
-0.816667	0.22	0	1.8	0.00129407
-0.816667	0.26	0	1.8	0.00130493
-0.816667	0.3	0	1.8	0.00130306
-0.816667	0.34	0	1.8	0.00146863
-0.816667	0.38	0	1.8	0.00154542
-0.816667	0.42	0	1.8	0.001478
-0.816667	0.46	0	1.8	0.00162617
-0.816667	0.5	0	1.8	0.00134698
-0.816667	0.54	0	1.8	0.00128655
-0.816667	0.58	0	1.8	0.00114981
-0.816667	0.62	0	1.8	0.00110726
-0.816667	0.66	0	1.8	0.00103314
-0.816667	0.7	0	1.8	0.000786724
-0.816667	0.74	0	1.8	0.000728018
-0.816667	0.78	0	1.8	0.000583611
-0.816667	0.82	0	1.8	0.00053031
-0.816667	0.86	0	1.8	0.000421179
-0.816667	0.9	0	1.8	0.00033821
-0.816667	0.94	0	1.8	0.000248804
-0.816667	0.98	0	1.8	0.000206452
-0.783333	-0.98	0	1.8	0.000125352
-0.783333	-0.94	0	1.8	0.000104487
-0.783333	-0.9	0	1.8	7.61244e-05
-0.783333	-0.86	0	1.8	5.69263e-05
-0.783333	-0.82	0	1.8	4.35151e-05
-0.783333	-0.78	0	1.8	3.5003e-05
-0.783333	-0.74	0	1.8	2.3854e-05
-0.783333	-0.7	0	1.8	2.0434e-05
-0.783333	-0.66	0	1.8	1.37599e-05
-0.783333	-0.62	0	1.8	1.08684e-05
-0.783333	-0.58	0	1.8	7.69431e-06
-0.783333	-0.54	0	1.8	5.94326e-06
-0.783333	-0.5	0	1.8	3.86124e-06
-0.783333	-0.46	0	1.8	2.86988e-06
-0.783333	-0.42	0	1.8	2.20056e-06
-0.783333	-0.38	0	1.8	1.56987e-06
-0.783333	-0.34	0	1.8	1.04065e-06
-0.783333	-0.3	0	1.8	8.24995e-07
-0.783333	-0.26	0	1.8	5.56854e-07
-0.783333	-0.22	0	1.8	4.05221e-07
-0.783333	-0.18	0	1.8	2.93936e-07
-0.783333	-0.14	0	1.8	2.02552e-07
-0.783333	-0.1	0	1.8	0.000283341
-0.783333	-0.06	0	1.8	0.000313353
-0.783333	-0.02	0	1.8	0.000373313
-0.783333	0.02	0	1.8	0.000417597
-0.783333	0.06	0	1.8	0.000490569
-0.783333	0.1	0	1.8	0.000580618
-0.783333	0.14	0	1.8	0.000630915
-0.783333	0.18	0	1.8	0.000770207
-0.783333	0.22	0	1.8	0.000764007
-0.783333	0.26	0	1.8	0.000874568
-0.783333	0.3	0	1.8	0.00100398
-0.783333	0.34	0	1.8	0.001062
-0.783333	0.38	0	1.8	0.000974992
-0.783333	0.42	0	1.8	0.0010643
-0.783333	0.46	0	1.8	0.000981714
-0.783333	0.5	0	1.8	0.00101802
-0.783333	0.54	0	1.8	0.000841441
-0.783333	0.58	0	1.8	0.000911285
-0.783333	0.62	0	1.8	0.00078137
-0.783333	0.66	0	1.8	0.000673308
-0.783333	0.7	0	1.8	0.00062882
-0.783333	0.74	0	1.8	0.000536028
-0.783333	0.78	0	1.8	0.00046113
-0.783333	0.82	0	1.8	0.000376018
-0.783333	0.86	0	1.8	0.000283137
-0.783333	0.9	0	1.8	0.000261405
-0.783333	0.94	0	1.8	0.000213121
-0.783333	0.98	0	1.8	0.000184122
-0.75	-0.98	0	1.8	0.000104832
-0.75	-0.94	0	1.8	8.10254e-05
-0.75	-0.9	0	1.8	5.98509e-05
-0.75	-0.86	0	1.8	4.6387e-05
-0.75	-0.82	0	1.8	3.69492e-05
-0.75	-0.78	0	1.8	2.77973e-05
-0.75	-0.74	0	1.8	1.92857e-05
-0.75	-0.7	0	1.8	1.585e-05
-0.75	-0.66	0	1.8	1.19393e-05
-0.75	-0.62	0	1.8	7.90039e-06
-0.75	-0.58	0	1.8	6.36686e-06
-0.75	-0.54	0	1.8	4.60492e-06
-0.75	-0.5	0	1.8	3.20568e-06
-0.75	-0.46	0	1.8	2.3926e-06
-0.75	-0.42	0	1.8	1.76467e-06
-0.75	-0.38	0	1.8	1.25485e-06
-0.75	-0.34	0	1.8	9.81534e-07
-0.75	-0.3	0	1.8	6.84439e-07
-0.75	-0.26	0	1.8	4.28061e-07
-0.75	-0.22	0	1.8	3.30238e-07
-0.75	-0.18	0	1.8	2.24331e-07
-0.75	-0.14	0	1.8	1.68062e-07
-0.75	-0.1	0	1.8	0.000207451
-0.75	-0.06	0	1.8	0.000245812
-0.75	-0.02	0	1.8	0.0002783
-0.75	0.02	0	1.8	0.000334672
-0.75	0.06	0	1.8	0.000384129
-0.75	0.1	0	1.8	0.000487024
-0.75	0.14	0	1.8	0.00048648
-0.75	0.18	0	1.8	0.000513894
-0.75	0.22	0	1.8	0.000618507
-0.75	0.26	0	1.8	0.000651571
-0.75	0.3	0	1.8	0.000686421
-0.75	0.34	0	1.8	0.000654932
-0.75	0.38	0	1.8	0.000771433
-0.75	0.42	0	1.8	0.000763425
-0.75	0.46	0	1.8	0.000715186
-0.75	0.5	0	1.8	0.000673803
-0.75	0.54	0	1.8	0.000670664
-0.75	0.58	0	1.8	0.00061629
-0.75	0.62	0	1.8	0.000540195
-0.75	0.66	0	1.8	0.000535491
-0.75	0.7	0	1.8	0.000443768
-0.75	0.74	0	1.8	0.000418923
-0.75	0.78	0	1.8	0.000346582
-0.75	0.82	0	1.8	0.000281314
-0.75	0.86	0	1.8	0.000228254
-0.75	0.9	0	1.8	0.000190965
-0.75	0.94	0	1.8	0.000166721
-0.75	0.98	0	1.8	0.000141861
-0.716667	-0.98	0	1.8	7.96746e-05
-0.716667	-0.94	0	1.8	5.80835e-05
-0.716667	-0.9	0	1.8	4.85336e-05
-0.716667	-0.86	0	1.8	3.78279e-05
-0.716667	-0.82	0	1.8	2.58268e-05
-0.716667	-0.78	0	1.8	2.18971e-05
-0.716667	-0.74	0	1.8	1.73806e-05
-0.716667	-0.7	0	1.8	1.12589e-05
-0.716667	-0.66	0	1.8	8.66793e-06
-0.716667	-0.62	0	1.8	6.48244e-06
-0.716667	-0.58	0	1.8	4.91259e-06
-0.716667	-0.54	0	1.8	4.14485e-06
-0.716667	-0.5	0	1.8	2.57863e-06
-0.716667	-0.46	0	1.8	1.92677e-06
-0.716667	-0.42	0	1.8	1.48529e-06
-0.716667	-0.38	0	1.8	9.89091e-07
-0.716667	-0.34	0	1.8	7.25033e-07
-0.716667	-0.3	0	1.8	5.88587e-07
-0.716667	-0.26	0	1.8	3.99536e-07
-0.716667	-0.22	0	1.8	3.05866e-07
-0.716667	-0.18	0	1.8	2.13762e-07
-0.716667	-0.14	0	1.8	1.35115e-07
-0.716667	-0.1	0	1.8	0.000142583
-0.716667	-0.06	0	1.8	0.000188141
-0.716667	-0.02	0	1.8	0.000208462
-0.716667	0.02	0	1.8	0.000226507
-0.716667	0.06	0	1.8	0.000292979
-0.716667	0.1	0	1.8	0.000331008
-0.716667	0.14	0	1.8	0.000391948
-0.716667	0.18	0	1.8	0.000375138
-0.716667	0.22	0	1.8	0.000444932
-0.716667	0.26	0	1.8	0.000460565
-0.716667	0.3	0	1.8	0.000529517
-0.716667	0.34	0	1.8	0.000537652
-0.716667	0.38	0	1.8	0.000514908
-0.716667	0.42	0	1.8	0.000499595
-0.716667	0.46	0	1.8	0.000543291
-0.716667	0.5	0	1.8	0.000482368
-0.716667	0.54	0	1.8	0.000503528
-0.716667	0.58	0	1.8	0.000428927
-0.716667	0.62	0	1.8	0.000400049
-0.716667	0.66	0	1.8	0.00038403
-0.716667	0.7	0	1.8	0.000346213
-0.716667	0.74	0	1.8	0.000283792
-0.716667	0.78	0	1.8	0.000252845
-0.716667	0.82	0	1.8	0.00021144
-0.716667	0.86	0	1.8	0.000161352
-0.716667	0.9	0	1.8	0.000142069
-0.716667	0.94	0	1.8	0.00011599
-0.716667	0.98	0	1.8	9.90661e-05
-0.683333	-0.98	0	1.8	5.82874e-05
-0.683333	-0.94	0	1.8	4.88186e-05
-0.683333	-0.9	0	1.8	3.64035e-05
-0.683333	-0.86	0	1.8	2.87379e-05
-0.683333	-0.82	0	1.8	2.20294e-05
-0.683333	-0.78	0	1.8	1.64549e-05
-0.683333	-0.74	0	1.8	1.26962e-05
-0.683333	-0.7	0	1.8	9.93726e-06
-0.683333	-0.66	0	1.8	7.4331e-06
-0.683333	-0.62	0	1.8	5.87952e-06
-0.683333	-0.58	0	1.8	4.48034e-06
-0.683333	-0.54	0	1.8	3.05946e-06
-0.683333	-0.5	0	1.8	2.32705e-06
-0.683333	-0.46	0	1.8	1.72512e-06
-0.683333	-0.42	0	1.8	1.32027e-06
-0.683333	-0.38	0	1.8	8.95473e-07
-0.683333	-0.34	0	1.8	6.31147e-07
-0.683333	-0.3	0	1.8	4.70586e-07
-0.683333	-0.26	0	1.8	3.42327e-07
-0.683333	-0.22	0	1.8	2.21292e-07
-0.683333	-0.18	0	1.8	1.73409e-07
-0.683333	-0.14	0	1.8	1.21597e-07
-0.683333	-0.1	0	1.8	0.000118866
-0.683333	-0.06	0	1.8	0.000138456
-0.683333	-0.02	0	1.8	0.00016185
-0.683333	0.02	0	1.8	0.000186677
-0.683333	0.06	0	1.8	0.000192869
-0.683333	0.1	0	1.8	0.000243047
-0.683333	0.14	0	1.8	0.000244389
-0.683333	0.18	0	1.8	0.000325558
-0.683333	0.22	0	1.8	0.000324475
-0.683333	0.26	0	1.8	0.000354967
-0.683333	0.3	0	1.8	0.000396001
-0.683333	0.34	0	1.8	0.000370883
-0.683333	0.38	0	1.8	0.000399355
-0.683333	0.42	0	1.8	0.000381514
-0.683333	0.46	0	1.8	0.000385718
-0.683333	0.5	0	1.8	0.00031654
-0.683333	0.54	0	1.8	0.000332704
-0.683333	0.58	0	1.8	0.000309464
-0.683333	0.62	0	1.8	0.000331921
-0.683333	0.66	0	1.8	0.000257806
-0.683333	0.7	0	1.8	0.000221727
-0.683333	0.74	0	1.8	0.000199597
-0.683333	0.78	0	1.8	0.000185385
-0.683333	0.82	0	1.8	0.000170658
-0.683333	0.86	0	1.8	0.000134288
-0.683333	0.9	0	1.8	0.000105402
-0.683333	0.94	0	1.8	9.31633e-05
-0.683333	0.98	0	1.8	7.07626e-05
-0.65	-0.98	0	1.8	4.55629e-05
-0.65	-0.94	0	1.8	3.66892e-05
-0.65	-0.9	0	1.8	2.73892e-05
-0.65	-0.86	0	1.8	2.2055e-05
-0.65	-0.82	0	1.8	1.53644e-05
-0.65	-0.78	0	1.8	1.42126e-05
-0.65	-0.74	0	1.8	9.97207e-06
-0.65	-0.7	0	1.8	6.99744e-06
-0.65	-0.66	0	1.8	5.87728e-06
-0.65	-0.62	0	1.8	4.40733e-06
-0.65	-0.58	0	1.8	3.26294e-06
-0.65	-0.54	0	1.8	2.43727e-06
-0.65	-0.5	0	1.8	1.6187e-06
-0.65	-0.46	0	1.8	1.20262e-06
-0.65	-0.42	0	1.8	1.04237e-06
-0.65	-0.38	0	1.8	7.38917e-07
-0.65	-0.34	0	1.8	5.60081e-07
-0.65	-0.3	0	1.8	3.64658e-07
-0.65	-0.26	0	1.8	2.76164e-07
-0.65	-0.22	0	1.8	1.96862e-07
-0.65	-0.18	0	1.8	1.54425e-07
-0.65	-0.14	0	1.8	9.87413e-08
-0.65	-0.1	0	1.8	7.31263e-05
-0.65	-0.06	0	1.8	9.58175e-05
-0.65	-0.02	0	1.8	0.000120662
-0.65	0.02	0	1.8	0.000139013
-0.65	0.06	0	1.8	0.000138301
-0.65	0.1	0	1.8	0.000186312
-0.65	0.14	0	1.8	0.000197475
-0.65	0.18	0	1.8	0.000200913
-0.65	0.22	0	1.8	0.000228977
-0.65	0.26	0	1.8	0.000269603
-0.65	0.3	0	1.8	0.000267544
-0.65	0.34	0	1.8	0.000287308
-0.65	0.38	0	1.8	0.000270535
-0.65	0.42	0	1.8	0.000281356
-0.65	0.46	0	1.8	0.000279569
-0.65	0.5	0	1.8	0.000274093
-0.65	0.54	0	1.8	0.00024291
-0.65	0.58	0	1.8	0.000233141
-0.65	0.62	0	1.8	0.000228519
-0.65	0.66	0	1.8	0.000206514
-0.65	0.7	0	1.8	0.000162713
-0.65	0.74	0	1.8	0.000143221
-0.65	0.78	0	1.8	0.000131896
-0.65	0.82	0	1.8	0.000104005
-0.65	0.86	0	1.8	8.89489e-05
-0.65	0.9	0	1.8	7.80014e-05
-0.65	0.94	0	1.8	6.31926e-05
-0.65	0.98	0	1.8	4.63637e-05
-0.616667	-0.98	0	1.8	3.6303e-05
-0.616667	-0.94	0	1.8	2.57762e-05
-0.616667	-0.9	0	1.8	2.30984e-05
-0.616667	-0.86	0	1.8	1.72841e-05
-0.616667	-0.82	0	1.8	1.30674e-05
-0.616667	-0.78	0	1.8	1.02975e-05
-0.616667	-0.74	0	1.8	7.49419e-06
-0.616667	-0.7	0	1.8	6.0181e-06
-0.616667	-0.66	0	1.8	4.3673e-06
-0.616667	-0.62	0	1.8	3.48754e-06
-0.616667	-0.58	0	1.8	2.52952e-06
-0.616667	-0.54	0	1.8	1.91926e-06
-0.616667	-0.5	0	1.8	1.38148e-06
-0.616667	-0.46	0	1.8	9.84673e-07
-0.616667	-0.42	0	1.8	7.36998e-07
-0.616667	-0.38	0	1.8	5.98688e-07
-0.616667	-0.34	0	1.8	4.01398e-07
-0.616667	-0.3	0	1.8	2.91195e-07
-0.616667	-0.26	0	1.8	2.2883e-07
-0.616667	-0.22	0	1.8	1.54523e-07
-0.616667	-0.18	0	1.8	1.15129e-07
-0.616667	-0.14	0	1.8	7.91581e-08
-0.616667	-0.1	0	1.8	6.31357e-05
-0.616667	-0.06	0	1.8	7.85451e-05
-0.616667	-0.02	0	1.8	9.15811e-05
-0.616667	0.02	0	1.8	9.22056e-05
-0.616667	0.06	0	1.8	0.000108985
-0.616667	0.1	0	1.8	0.000126951
-0.616667	0.14	0	1.8	0.000150207
-0.616667	0.18	0	1.8	0.00015572
-0.616667	0.22	0	1.8	0.000172233
-0.616667	0.26	0	1.8	0.000186211
-0.616667	0.3	0	1.8	0.000199478
-0.616667	0.34	0	1.8	0.000183849
-0.616667	0.38	0	1.8	0.00019109
-0.616667	0.42	0	1.8	0.000188975
-0.616667	0.46	0	1.8	0.000195643
-0.616667	0.5	0	1.8	0.000204852
-0.616667	0.54	0	1.8	0.000181092
-0.616667	0.58	0	1.8	0.000171033
-0.616667	0.62	0	1.8	0.000147407
-0.616667	0.66	0	1.8	0.00013559
-0.616667	0.7	0	1.8	0.000128758
-0.616667	0.74	0	1.8	0.000108586
-0.616667	0.78	0	1.8	9.6033e-05
-0.616667	0.82	0	1.8	8.76904e-05
-0.616667	0.86	0	1.8	7.5749e-05
-0.616667	0.9	0	1.8	5.84432e-05
-0.616667	0.94	0	1.8	5.0071e-05
-0.616667	0.98	0	1.8	4.05004e-05
-0.583333	-0.98	0	1.8	2.53056e-05
-0.583333	-0.94	0	1.8	1.81536e-05
-0.583333	-0.9	0	1.8	1.58557e-05
-0.583333	-0.86	0	1.8	1.18996e-05
-0.583333	-0.82	0	1.8	1.02267e-05
-0.583333	-0.78	0	1.8	8.54627e-06
-0.583333	-0.74	0	1.8	5.75551e-06
-0.583333	-0.7	0	1.8	4.36311e-06
-0.583333	-0.66	0	1.8	3.25945e-06
-0.583333	-0.62	0	1.8	2.64188e-06
-0.583333	-0.58	0	1.8	2.25254e-06
-0.583333	-0.54	0	1.8	1.4552e-06
-0.583333	-0.5	0	1.8	1.12872e-06
-0.583333	-0.46	0	1.8	9.19038e-07
-0.583333	-0.42	0	1.8	6.50813e-07
-0.583333	-0.38	0	1.8	4.37861e-07
-0.583333	-0.34	0	1.8	3.4958e-07
-0.583333	-0.3	0	1.8	2.88757e-07
-0.583333	-0.26	0	1.8	1.69834e-07
-0.583333	-0.22	0	1.8	1.34185e-07
-0.583333	-0.18	0	1.8	9.60538e-08
-0.583333	-0.14	0	1.8	7.00218e-08
-0.583333	-0.1	0	1.8	4.7495e-05
-0.583333	-0.06	0	1.8	5.01399e-05
-0.583333	-0.02	0	1.8	6.31728e-05
-0.583333	0.02	0	1.8	7.31323e-05
-0.583333	0.06	0	1.8	8.41563e-05
-0.583333	0.1	0	1.8	8.7338e-05
-0.583333	0.14	0	1.8	0.000104422
-0.583333	0.18	0	1.8	0.00011887
-0.583333	0.22	0	1.8	0.00011068
-0.583333	0.26	0	1.8	0.000126058
-0.583333	0.3	0	1.8	0.000123427
-0.583333	0.34	0	1.8	0.000136313
-0.583333	0.38	0	1.8	0.000135946
-0.583333	0.42	0	1.8	0.00014858
-0.583333	0.46	0	1.8	0.000142781
-0.583333	0.5	0	1.8	0.000143676
-0.583333	0.54	0	1.8	0.000132959
-0.583333	0.58	0	1.8	0.000143106
-0.583333	0.62	0	1.8	0.000123273
-0.583333	0.66	0	1.8	9.45638e-05
-0.583333	0.7	0	1.8	8.5368e-05
-0.583333	0.74	0	1.8	8.24091e-05
-0.583333	0.78	0	1.8	7.59352e-05
-0.583333	0.82	0	1.8	6.25124e-05
-0.583333	0.86	0	1.8	5.23934e-05
-0.583333	0.9	0	1.8	4.36954e-05
-0.583333	0.94	0	1.8	3.78724e-05
-0.583333	0.98	0	1.8	3.09005e-05
-0.55	-0.98	0	1.8	1.66797e-05
-0.55	-0.94	0	1.8	1.4358e-05
-0.55	-0.9	0	1.8	1.18141e-05
-0.55	-0.86	0	1.8	8.72719e-06
-0.55	-0.82	0	1.8	7.7554e-06
-0.55	-0.78	0	1.8	5.78388e-06
-0.55	-0.74	0	1.8	4.63962e-06
-0.55	-0.7	0	1.8	3.54943e-06
-0.55	-0.66	0	1.8	2.77694e-06
-0.55	-0.62	0	1.8	2.08196e-06
-0.55	-0.58	0	1.8	1.58585e-06
-0.55	-0.54	0	1.8	1.20116e-06
-0.55	-0.5	0	1.8	9.50865e-07
-0.55	-0.46	0	1.8	6.61236e-07
-0.55	-0.42	0	1.8	5.27963e-07
-0.55	-0.38	0	1.8	3.786e-07
-0.55	-0.34	0	1.8	2.87941e-07
-0.55	-0.3	0	1.8	2.02602e-07
-0.55	-0.26	0	1.8	1.35891e-07
-0.55	-0.22	0	1.8	1.01342e-07
-0.55	-0.18	0	1.8	7.92294e-08
-0.55	-0.14	0	1.8	5.28588e-08
-0.55	-0.1	0	1.8	3.28392e-05
-0.55	-0.06	0	1.8	3.98873e-05
-0.55	-0.02	0	1.8	4.39675e-05
-0.55	0.02	0	1.8	4.95757e-05
-0.55	0.06	0	1.8	5.94111e-05
-0.55	0.1	0	1.8	6.43722e-05
-0.55	0.14	0	1.8	7.32078e-05
-0.55	0.18	0	1.8	8.63856e-05
-0.55	0.22	0	1.8	8.56235e-05
-0.55	0.26	0	1.8	9.85447e-05
-0.55	0.3	0	1.8	8.72033e-05
-0.55	0.34	0	1.8	9.88105e-05
-0.55	0.38	0	1.8	0.000102861
-0.55	0.42	0	1.8	0.000102861
-0.55	0.46	0	1.8	0.000104875
-0.55	0.5	0	1.8	9.62005e-05
-0.55	0.54	0	1.8	8.89548e-05
-0.55	0.58	0	1.8	8.87371e-05
-0.55	0.62	0	1.8	8.29186e-05
-0.55	0.66	0	1.8	7.9815e-05
-0.55	0.7	0	1.8	6.84253e-05
-0.55	0.74	0	1.8	5.30457e-05
-0.55	0.78	0	1.8	5.05076e-05
-0.55	0.82	0	1.8	4.34826e-05
-0.55	0.86	0	1.8	4.04413e-05
-0.55	0.9	0	1.8	3.35429e-05
-0.55	0.94	0	1.8	2.99541e-05
-0.55	0.98	0	1.8	2.20491e-05
-0.516667	-0.98	0	1.8	1.38541e-05
-0.516667	-0.94	0	1.8	1.15897e-05
-0.516667	-0.9	0	1.8	9.43571e-06
-0.516667	-0.86	0	1.8	7.21815e-06
-0.516667	-0.82	0	1.8	5.90489e-06
-0.516667	-0.78	0	1.8	4.78869e-06
-0.516667	-0.74	0	1.8	4.04608e-06
-0.516667	-0.7	0	1.8	3.03337e-06
-0.516667	-0.66	0	1.8	2.18586e-06
-0.516667	-0.62	0	1.8	1.65865e-06
-0.516667	-0.58	0	1.8	1.22815e-06
-0.516667	-0.54	0	1.8	1.031e-06
-0.516667	-0.5	0	1.8	7.61753e-07
-0.516667	-0.46	0	1.8	5.42167e-07
-0.516667	-0.42	0	1.8	4.49874e-07
-0.516667	-0.38	0	1.8	2.95362e-07
-0.516667	-0.34	0	1.8	2.11337e-07
-0.516667	-0.3	0	1.8	1.693e-07
-0.516667	-0.26	0	1.8	1.20809e-07
-0.516667	-0.22	0	1.8	9.34208e-08
-0.516667	-0.18	0	1.8	6.99325e-08
-0.516667	-0.14	0	1.8	4.39259e-08
-0.516667	-0.1	0	1.8	2.32437e-05
-0.516667	-0.06	0	1.8	2.68215e-05
-0.516667	-0.02	0	1.8	3.59191e-05
-0.516667	0.02	0	1.8	3.59454e-05
-0.516667	0.06	0	1.8	4.17033e-05
-0.516667	0.1	0	1.8	4.73974e-05
-0.516667	0.14	0	1.8	5.81212e-05
-0.516667	0.18	0	1.8	5.85772e-05
-0.516667	0.22	0	1.8	6.3436e-05
-0.516667	0.26	0	1.8	6.48759e-05
-0.516667	0.3	0	1.8	7.1024e-05
-0.516667	0.34	0	1.8	6.87986e-05
-0.516667	0.38	0	1.8	6.9302e-05
-0.516667	0.42	0	1.8	6.67065e-05
-0.516667	0.46	0	1.8	7.51926e-05
-0.516667	0.5	0	1.8	6.40706e-05
-0.516667	0.54	0	1.8	6.13113e-05
-0.516667	0.58	0	1.8	6.23152e-05
-0.516667	0.62	0	1.8	5.62842e-05
-0.516667	0.66	0	1.8	5.31503e-05
-0.516667	0.7	0	1.8	5.29329e-05
-0.516667	0.74	0	1.8	4.30934e-05
-0.516667	0.78	0	1.8	3.77155e-05
-0.516667	0.82	0	1.8	3.21257e-05
-0.516667	0.86	0	1.8	2.91672e-05
-0.516667	0.9	0	1.8	2.49783e-05
-0.516667	0.94	0	1.8	1.9477e-05
-0.516667	0.98	0	1.8	1.74842e-05
-0.483333	-0.98	0	1.8	9.50231e-06
-0.483333	-0.94	0	1.8	8.00322e-06
-0.483333	-0.9	0	1.8	7.04804e-06
-0.483333	-0.86	0	1.8	5.63457e-06
-0.483333	-0.82	0	1.8	5.20361e-06
-0.483333	-0.78	0	1.8	3.9828e-06
-0.483333	-0.74	0	1.8	2.94211e-06
-0.483333	-0.7	0	1.8	2.09446e-06
-0.483333	-0.66	0	1.8	1.7328e-06
-0.483333	-0.62	0	1.8	1.2653e-06
-0.483333	-0.58	0	1.8	1.00459e-06
-0.483333	-0.54	0	1.8	7.67603e-07
-0.483333	-0.5	0	1.8	5.68939e-07
-0.483333	-0.46	0	1.8	4.34788e-07
-0.483333	-0.42	0	1.8	2.94616e-07
-0.483333	-0.38	0	1.8	2.47526e-07
-0.483333	-0.34	0	1.8	1.86452e-07
-0.483333	-0.3	0	1.8	1.31274e-07
-0.483333	-0.26	0	1.8	9.39249e-08
-0.483333	-0.22	0	1.8	7.07494e-08
-0.483333	-0.18	0	1.8	5.32564e-08
-0.483333	-0.14	0	1.8	4.04699e-08
-0.483333	-0.1	0	1.8	1.74806e-05
-0.483333	-0.06	0	1.8	1.97965e-05
-0.483333	-0.02	0	1.8	2.49194e-05
-0.483333	0.02	0	1.8	2.86166e-05
-0.483333	0.06	0	1.8	3.40376e-05
-0.483333	0.1	0	1.8	3.54933e-05
-0.483333	0.14	0	1.8	3.73219e-05
-0.483333	0.18	0	1.8	4.45025e-05
-0.483333	0.22	0	1.8	4.54945e-05
-0.483333	0.26	0	1.8	5.01983e-05
-0.483333	0.3	0	1.8	5.25677e-05
-0.483333	0.34	0	1.8	4.71238e-05
-0.483333	0.38	0	1.8	5.65454e-05
-0.483333	0.42	0	1.8	5.05932e-05
-0.483333	0.46	0	1.8	5.46415e-05
-0.483333	0.5	0	1.8	5.52407e-05
-0.483333	0.54	0	1.8	5.00276e-05
-0.483333	0.58	0	1.8	4.53332e-05
-0.483333	0.62	0	1.8	3.96914e-05
-0.483333	0.66	0	1.8	3.71837e-05
-0.483333	0.7	0	1.8	3.47408e-05
-0.483333	0.74	0	1.8	3.17909e-05
-0.483333	0.78	0	1.8	2.9809e-05
-0.483333	0.82	0	1.8	2.50062e-05
-0.483333	0.86	0	1.8	2.03214e-05
-0.483333	0.9	0	1.8	1.91454e-05
-0.483333	0.94	0	1.8	1.60089e-05
-0.483333	0.98	0	1.8	1.28389e-05
-0.45	-0.98	0	1.8	7.45608e-06
-0.45	-0.94	0	1.8	6.66699e-06
-0.45	-0.9	0	1.8	5.2327e-06
-0.45	-0.86	0	1.8	4.12585e-06
-0.45	-0.82	0	1.8	3.17552e-06
-0.45	-0.78	0	1.8	2.67231e-06
-0.45	-0.74	0	1.8	2.34014e-06
-0.45	-0.7	0	1.8	1.72123e-06
-0.45	-0.66	0	1.8	1.27995e-06
-0.45	-0.62	0	1.8	9.68855e-07
-0.45	-0.58	0	1.8	8.17499e-07
-0.45	-0.54	0	1.8	5.95365e-07
-0.45	-0.5	0	1.8	4.23652e-07
-0.45	-0.46	0	1.8	3.35167e-07
-0.45	-0.42	0	1.8	2.56892e-07
-0.45	-0.38	0	1.8	1.83489e-07
-0.45	-0.34	0	1.8	1.44052e-07
-0.45	-0.3	0	1.8	1.14239e-07
-0.45	-0.26	0	1.8	7.85612e-08
-0.45	-0.22	0	1.8	5.51775e-08
-0.45	-0.18	0	1.8	4.27998e-08
-0.45	-0.14	0	1.8	3.11995e-08
-0.45	-0.1	0	1.8	1.43964e-05
-0.45	-0.06	0	1.8	1.72896e-05
-0.45	-0.02	0	1.8	1.81037e-05
-0.45	0.02	0	1.8	1.7748e-05
-0.45	0.06	0	1.8	2.35922e-05
-0.45	0.1	0	1.8	2.48989e-05
-0.45	0.14	0	1.8	2.91675e-05
-0.45	0.18	0	1.8	3.08918e-05
-0.45	0.22	0	1.8	3.14576e-05
-0.45	0.26	0	1.8	3.49569e-05
-0.45	0.3	0	1.8	3.74611e-05
-0.45	0.34	0	1.8	3.5229e-05
-0.45	0.38	0	1.8	3.46558e-05
-0.45	0.42	0	1.8	3.79881e-05
-0.45	0.46	0	1.8	3.25999e-05
-0.45	0.5	0	1.8	3.6694e-05
-0.45	0.54	0	1.8	3.67968e-05
-0.45	0.58	0	1.8	3.23862e-05
-0.45	0.62	0	1.8	3.23009e-05
-0.45	0.66	0	1.8	2.59711e-05
-0.45	0.7	0	1.8	2.58076e-05
-0.45	0.74	0	1.8	2.15513e-05
-0.45	0.78	0	1.8	2.04283e-05
-0.45	0.82	0	1.8	1.84213e-05
-0.45	0.86	0	1.8	1.55827e-05
-0.45	0.9	0	1.8	1.3358e-05
-0.45	0.94	0	1.8	1.13686e-05
-0.45	0.98	0	1.8	9.37453e-06
-0.416667	-0.98	0	1.8	6.07509e-06
-0.416667	-0.94	0	1.8	5.2289e-06
-0.416667	-0.9	0	1.8	3.70635e-06
-0.416667	-0.86	0	1.8	3.09076e-06
-0.416667	-0.82	0	1.8	2.70209e-06
-0.416667	-0.78	0	1.8	2.01974e-06
-0.416667	-0.74	0	1.8	1.66079e-06
-0.416667	-0.7	0	1.8	1.34039e-06
-0.416667	-0.66	0	1.8	9.62122e-07
-0.416667	-0.62	0	1.8	7.45009e-07
-0.416667	-0.58	0	1.8	6.10108e-07
-0.416667	-0.54	0	1.8	4.66863e-07
-0.416667	-0.5	0	1.8	3.75555e-07
-0.416667	-0.46	0	1.8	2.64072e-07
-0.416667	-0.42	0	1.8	2.09779e-07
-0.416667	-0.38	0	1.8	1.62718e-07
-0.416667	-0.34	0	1.8	1.13219e-07
-0.416667	-0.3	0	1.8	8.22633e-08
-0.416667	-0.26	0	1.8	6.31178e-08
-0.416667	-0.22	0	1.8	4.78522e-08
-0.416667	-0.18	0	1.8	3.53796e-08
-0.416667	-0.14	0	1.8	2.7064e-08
-0.416667	-0.1	0	1.8	8.96438e-06
-0.416667	-0.06	0	1.8	1.1307e-05
-0.416667	-0.02	0	1.8	1.36945e-05
-0.416667	0.02	0	1.8	1.46686e-05
-0.416667	0.06	0	1.8	1.73093e-05
-0.416667	0.1	0	1.8	1.69768e-05
-0.416667	0.14	0	1.8	2.09954e-05
-0.416667	0.18	0	1.8	2.10138e-05
-0.416667	0.22	0	1.8	2.24621e-05
-0.416667	0.26	0	1.8	2.29937e-05
-0.416667	0.3	0	1.8	2.34818e-05
-0.416667	0.34	0	1.8	2.51604e-05
-0.416667	0.38	0	1.8	2.69354e-05
-0.416667	0.42	0	1.8	2.65533e-05
-0.416667	0.46	0	1.8	2.75163e-05
-0.416667	0.5	0	1.8	2.48577e-05
-0.416667	0.54	0	1.8	2.53724e-05
-0.416667	0.58	0	1.8	2.1794e-05
-0.416667	0.62	0	1.8	2.29668e-05
-0.416667	0.66	0	1.8	2.07068e-05
-0.416667	0.7	0	1.8	1.69768e-05
-0.416667	0.74	0	1.8	1.60052e-05
-0.416667	0.78	0	1.8	1.48269e-05
-0.416667	0.82	0	1.8	1.37409e-05
-0.416667	0.86	0	1.8	1.06205e-05
-0.416667	0.9	0	1.8	9.24234e-06
-0.416667	0.94	0	1.8	7.80954e-06
-0.416667	0.98	0	1.8	6.75602e-06
-0.383333	-0.98	0	1.8	4.3942e-06
-0.383333	-0.94	0	1.8	3.72472e-06
-0.383333	-0.9	0	1.8	2.97988e-06
-0.383333	-0.86	0	1.8	2.56001e-06
-0.383333	-0.82	0	1.8	2.02235e-06
-0.383333	-0.78	0	1.8	1.5842e-06
-0.383333	-0.74	0	1.8	1.25771e-06
-0.383333	-0.7	0	1.8	9.45506e-07
-0.383333	-0.66	0	1.8	7.37294e-07
-0.383333	-0.62	0	1.8	5.97127e-07
-0.383333	-0.58	0	1.8	4.78303e-07
-0.383333	-0.54	0	1.8	3.36482e-07
-0.383333	-0.5	0	1.8	3.01678e-07
-0.383333	-0.46	0	1.8	2.17978e-07
-0.383333	-0.42	0	1.8	1.73443e-07
-0.383333	-0.38	0	1.8	1.25333e-07
-0.383333	-0.34	0	1.8	9.45305e-08
-0.383333	-0.3	0	1.8	7.02519e-08
-0.383333	-0.26	0	1.8	5.30783e-08
-0.383333	-0.22	0	1.8	3.4269e-08
-0.383333	-0.18	0	1.8	2.99275e-08
-0.383333	-0.14	0	1.8	1.98436e-08
-0.383333	-0.1	0	1.8	6.87114e-06
-0.383333	-0.06	0	1.8	8.22369e-06
-0.383333	-0.02	0	1.8	9.08297e-06
-0.383333	0.02	0	1.8	1.11363e-05
-0.383333	0.06	0	1.8	1.18292e-05
-0.383333	0.1	0	1.8	1.27149e-05
-0.383333	0.14	0	1.8	1.54187e-05
-0.383333	0.18	0	1.8	1.55902e-05
-0.383333	0.22	0	1.8	1.59144e-05
-0.383333	0.26	0	1.8	1.96133e-05
-0.383333	0.3	0	1.8	1.88193e-05
-0.383333	0.34	0	1.8	1.76984e-05
-0.383333	0.38	0	1.8	1.90961e-05
-0.383333	0.42	0	1.8	2.12179e-05
-0.383333	0.46	0	1.8	1.76309e-05
-0.383333	0.5	0	1.8	1.84903e-05
-0.383333	0.54	0	1.8	1.84112e-05
-0.383333	0.58	0	1.8	1.63948e-05
-0.383333	0.62	0	1.8	1.5759e-05
-0.383333	0.66	0	1.8	1.44811e-05
-0.383333	0.7	0	1.8	1.37626e-05
-0.383333	0.74	0	1.8	1.20013e-05
-0.383333	0.78	0	1.8	1.01378e-05
-0.383333	0.82	0	1.8	8.67627e-06
-0.383333	0.86	0	1.8	8.31243e-06
-0.383333	0.9	0	1.8	7.25429e-06
-0.383333	0.94	0	1.8	5.74074e-06
-0.383333	0.98	0	1.8	5.24452e-06
-0.35	-0.98	0	1.8	3.25094e-06
-0.35	-0.94	0	1.8	2.6518e-06
-0.35	-0.9	0	1.8	2.2458e-06
-0.35	-0.86	0	1.8	1.88472e-06
-0.35	-0.82	0	1.8	1.54163e-06
-0.35	-0.78	0	1.8	1.16629e-06
-0.35	-0.74	0	1.8	9.63622e-07
-0.35	-0.7	0	1.8	7.25011e-07
-0.35	-0.66	0	1.8	5.91113e-07
-0.35	-0.62	0	1.8	4.39971e-07
-0.35	-0.58	0	1.8	3.94619e-07
-0.35	-0.54	0	1.8	2.76399e-07
-0.35	-0.5	0	1.8	2.07382e-07
-0.35	-0.46	0	1.8	1.62948e-07
-0.35	-0.42	0	1.8	1.31806e-07
-0.35	-0.38	0	1.8	1.06075e-07
-0.35	-0.34	0	1.8	7.90013e-08
-0.35	-0.3	0	1.8	5.66258e-08
-0.35	-0.26	0	1.8	4.07573e-08
-0.35	-0.22	0	1.8	3.05766e-08
-0.35	-0.18	0	1.8	2.22077e-08
-0.35	-0.14	0	1.8	1.80775e-08
-0.35	-0.1	0	1.8	5.49527e-06
-0.35	-0.06	0	1.8	6.08268e-06
-0.35	-0.02	0	1.8	6.62515e-06
-0.35	0.02	0	1.8	7.67948e-06
-0.35	0.06	0	1.8	8.54712e-06
-0.35	0.1	0	1.8	9.54169e-06
-0.35	0.14	0	1.8	1.00374e-05
-0.35	0.18	0	1.8	1.26073e-05
-0.35	0.22	0	1.8	1.22637e-05
-0.35	0.26	0	1.8	1.29025e-05
-0.35	0.3	0	1.8	1.3594e-05
-0.35	0.34	0	1.8	1.46236e-05
-0.35	0.38	0	1.8	1.53023e-05
-0.35	0.42	0	1.8	1.43214e-05
-0.35	0.46	0	1.8	1.4672e-05
-0.35	0.5	0	1.8	1.24139e-05
-0.35	0.54	0	1.8	1.24936e-05
-0.35	0.58	0	1.8	1.17023e-05
-0.35	0.62	0	1.8	1.06615e-05
-0.35	0.66	0	1.8	1.03006e-05
-0.35	0.7	0	1.8	8.57719e-06
-0.35	0.74	0	1.8	8.95264e-06
-0.35	0.78	0	1.8	7.20475e-06
-0.35	0.82	0	1.8	6.77348e-06
-0.35	0.86	0	1.8	6.53726e-06
-0.35	0.9	0	1.8	5.12017e-06
-0.35	0.94	0	1.8	4.10153e-06
-0.35	0.98	0	1.8	3.79694e-06
-0.316667	-0.98	0	1.8	2.67381e-06
-0.316667	-0.94	0	1.8	2.01589e-06
-0.316667	-0.9	0	1.8	1.77795e-06
-0.316667	-0.86	0	1.8	1.43764e-06
-0.316667	-0.82	0	1.8	1.10919e-06
-0.316667	-0.78	0	1.8	8.36749e-07
-0.316667	-0.74	0	1.8	7.13349e-07
-0.316667	-0.7	0	1.8	5.42238e-07
-0.316667	-0.66	0	1.8	4.45787e-07
-0.316667	-0.62	0	1.8	3.87943e-07
-0.316667	-0.58	0	1.8	2.77354e-07
-0.316667	-0.54	0	1.8	2.34289e-07
-0.316667	-0.5	0	1.8	1.58833e-07
-0.316667	-0.46	0	1.8	1.40138e-07
-0.316667	-0.42	0	1.8	1.01157e-07
-0.316667	-0.38	0	1.8	7.5899e-08
-0.316667	-0.34	0	1.8	5.38127e-08
-0.316667	-0.3	0	1.8	4.19537e-08
-0.316667	-0.26	0	1.8	3.28777e-08
-0.316667	-0.22	0	1.8	2.43199e-08
-0.316667	-0.18	0	1.8	1.8816e-08
-0.316667	-0.14	0	1.8	1.39586e-08
-0.316667	-0.1	0	1.8	4.1266e-06
-0.316667	-0.06	0	1.8	4.25671e-06
-0.316667	-0.02	0	1.8	5.02644e-06
-0.316667	0.02	0	1.8	5.74288e-06
-0.316667	0.06	0	1.8	6.14932e-06
-0.316667	0.1	0	1.8	6.89862e-06
-0.316667	0.14	0	1.8	7.32271e-06
-0.316667	0.18	0	1.8	8.20245e-06
-0.316667	0.22	0	1.8	8.97184e-06
-0.316667	0.26	0	1.8	1.0275e-05
-0.316667	0.3	0	1.8	1.04955e-05
-0.316667	0.34	0	1.8	9.30218e-06
-0.316667	0.38	0	1.8	1.00163e-05
-0.316667	0.42	0	1.8	1.01217e-05
-0.316667	0.46	0	1.8	9.54514e-06
-0.316667	0.5	0	1.8	9.91998e-06
-0.316667	0.54	0	1.8	8.57883e-06
-0.316667	0.58	0	1.8	9.56168e-06
-0.316667	0.62	0	1.8	7.93974e-06
-0.316667	0.66	0	1.8	7.59392e-06
-0.316667	0.7	0	1.8	7.12276e-06
-0.316667	0.74	0	1.8	5.67455e-06
-0.316667	0.78	0	1.8	5.60083e-06
-0.316667	0.82	0	1.8	5.00843e-06
-0.316667	0.86	0	1.8	4.46243e-06
-0.316667	0.9	0	1.8	4.07158e-06
-0.316667	0.94	0	1.8	3.33802e-06
-0.316667	0.98	0	1.8	3.10685e-06
-0.283333	-0.98	0	1.8	1.69547e-06
-0.283333	-0.94	0	1.8	1.44995e-06
-0.283333	-0.9	0	1.8	1.31253e-06
-0.283333	-0.86	0	1.8	1.007e-06
-0.283333	-0.82	0	1.8	8.0367e-07
-0.283333	-0.78	0	1.8	6.86805e-07
-0.283333	-0.74	0	1.8	5.42167e-07
-0.283333	-0.7	0	1.8	3.99764e-07
-0.283333	-0.66	0	1.8	3.76281e-07
-0.283333	-0.62	0	1.8	2.66869e-07
-0.283333	-0.58	0	1.8	2.17998e-07
-0.283333	-0.54	0	1.8	1.67725e-07
-0.283333	-0.5	0	1.8	1.25481e-07
-0.283333	-0.46	0	1.8	1.01153e-07
-0.283333	-0.42	0	1.8	7.59931e-08
-0.283333	-0.38	0	1.8	5.93109e-08
-0.283333	-0.34	0	1.8	4.68506e-08
-0.283333	-0.3	0	1.8	3.56938e-08
-0.283333	-0.26	0	1.8	2.29578e-08
-0.283333	-0.22	0	1.8	1.78412e-08
-0.283333	-0.18	0	1.8	1.29214e-08
-0.283333	-0.14	0	1.8	1.00384e-08
-0.283333	-0.1	0	1.8	2.58995e-06
-0.283333	-0.06	0	1.8	3.34003e-06
-0.283333	-0.02	0	1.8	3.56841e-06
-0.283333	0.02	0	1.8	4.40623e-06
-0.283333	0.06	0	1.8	4.42151e-06
-0.283333	0.1	0	1.8	4.98549e-06
-0.283333	0.14	0	1.8	5.26151e-06
-0.283333	0.18	0	1.8	5.69475e-06
-0.283333	0.22	0	1.8	6.13654e-06
-0.283333	0.26	0	1.8	6.83796e-06
-0.283333	0.3	0	1.8	6.58079e-06
-0.283333	0.34	0	1.8	6.86676e-06
-0.283333	0.38	0	1.8	6.49736e-06
-0.283333	0.42	0	1.8	7.40397e-06
-0.283333	0.46	0	1.8	6.6926e-06
-0.283333	0.5	0	1.8	7.26072e-06
-0.283333	0.54	0	1.8	6.79112e-06
-0.283333	0.58	0	1.8	6.27042e-06
-0.283333	0.62	0	1.8	5.69475e-06
-0.283333	0.66	0	1.8	5.53534e-06
-0.283333	0.7	0	1.8	4.39155e-06
-0.283333	0.74	0	1.8	4.37238e-06
-0.283333	0.78	0	1.8	4.2294e-06
-0.283333	0.82	0	1.8	3.96198e-06
-0.283333	0.86	0	1.8	3.17823e-06
-0.283333	0.9	0	1.8	2.84189e-06
-0.283333	0.94	0	1.8	2.68851e-06
-0.283333	0.98	0	1.8	2.00134e-06
-0.25	-0.98	0	1.8	1.28583e-06
-0.25	-0.94	0	1.8	1.06373e-06
-0.25	-0.9	0	1.8	9.11519e-07
-0.25	-0.86	0	1.8	6.95371e-07
-0.25	-0.82	0	1.8	6.60775e-07
-0.25	-0.78	0	1.8	5.38887e-07
-0.25	-0.74	0	1.8	4.14135e-07
-0.25	-0.7	0	1.8	3.19846e-07
-0.25	-0.66	0	1.8	2.95059e-07
-0.25	-0.62	0	1.8	2.26513e-07
-0.25	-0.58	0	1.8	1.63745e-07
-0.25	-0.54	0	1.8	1.30132e-07
-0.25	-0.5	0	1.8	1.03164e-07
-0.25	-0.46	0	1.8	8.01915e-08
-0.25	-0.42	0	1.8	6.04981e-08
-0.25	-0.38	0	1.8	4.29142e-08
-0.25	-0.34	0	1.8	3.6015e-08
-0.25	-0.3	0	1.8	2.68721e-08
-0.25	-0.26	0	1.8	2.04615e-08
-0.25	-0.22	0	1.8	1.52957e-08
-0.25	-0.18	0	1.8	1.15098e-08
-0.25	-0.14	0	1.8	8.44436e-09
-0.25	-0.1	0	1.8	2.16113e-06
-0.25	-0.06	0	1.8	2.46256e-06
-0.25	-0.02	0	1.8	2.59657e-06
-0.25	0.02	0	1.8	2.90902e-06
-0.25	0.06	0	1.8	3.18923e-06
-0.25	0.1	0	1.8	3.38041e-06
-0.25	0.14	0	1.8	3.49723e-06
-0.25	0.18	0	1.8	4.37092e-06
-0.25	0.22	0	1.8	4.26591e-06
-0.25	0.26	0	1.8	5.22797e-06
-0.25	0.3	0	1.8	4.71978e-06
-0.25	0.34	0	1.8	5.0646e-06
-0.25	0.38	0	1.8	5.03472e-06
-0.25	0.42	0	1.8	5.05277e-06
-0.25	0.46	0	1.8	4.72578e-06
-0.25	0.5	0	1.8	4.9636e-06
-0.25	0.54	0	1.8	4.43789e-06
-0.25	0.58	0	1.8	4.58665e-06
-0.25	0.62	0	1.8	4.28017e-06
-0.25	0.66	0	1.8	3.96258e-06
-0.25	0.7	0	1.8	3.60144e-06
-0.25	0.74	0	1.8	3.0351e-06
-0.25	0.78	0	1.8	2.93041e-06
-0.25	0.82	0	1.8	2.97842e-06
-0.25	0.86	0	1.8	2.50473e-06
-0.25	0.9	0	1.8	2.139e-06
-0.25	0.94	0	1.8	1.87174e-06
-0.25	0.98	0	1.8	1.5181e-06
-0.216667	-0.98	0	1.8	1.03516e-06
-0.216667	-0.94	0	1.8	9.1874e-07
-0.216667	-0.9	0	1.8	7.092e-07
-0.216667	-0.86	0	1.8	5.36937e-07
-0.216667	-0.82	0	1.8	4.77971e-07
-0.216667	-0.78	0	1.8	3.74821e-07
-0.216667	-0.74	0	1.8	2.87881e-07
-0.216667	-0.7	0	1.8	2.86066e-07
-0.216667	-0.66	0	1.8	1.81084e-07
-0.216667	-0.62	0	1.8	1.39583e-07
-0.216667	-0.58	0	1.8	1.29432e-07
-0.216667	-0.54	0	1.8	9.60843e-08
-0.216667	-0.5	0	1.8	7.65107e-08
-0.216667	-0.46	0	1.8	6.03511e-08
-0.216667	-0.42	0	1.8	4.75097e-08
-0.216667	-0.38	0	1.8	3.28228e-08
-0.216667	-0.34	0	1.8	2.81872e-08
-0.216667	-0.3	0	1.8	2.25335e-08
-0.216667	-0.26	0	1.8	1.70395e-08
-0.216667	-0.22	0	1.8	1.23561e-08
-0.216667	-0.18	0	1.8	9.6527e-09
-0.216667	-0.14	0	1.8	7.01546e-09
-0.216667	-0.1	0	1.8	1.54251e-06
-0.216667	-0.06	0	1.8	1.76477e-06
-0.216667	-0.02	0	1.8	1.96445e-06
-0.216667	0.02	0	1.8	2.07893e-06
-0.216667	0.06	0	1.8	2.55664e-06
-0.216667	0.1	0	1.8	2.77902e-06
-0.216667	0.14	0	1.8	3.00851e-06
-0.216667	0.18	0	1.8	3.0908e-06
-0.216667	0.22	0	1.8	3.08846e-06
-0.216667	0.26	0	1.8	3.47501e-06
-0.216667	0.3	0	1.8	3.4973e-06
-0.216667	0.34	0	1.8	3.70682e-06
-0.216667	0.38	0	1.8	3.37493e-06
-0.216667	0.42	0	1.8	3.37493e-06
-0.216667	0.46	0	1.8	3.46396e-06
-0.216667	0.5	0	1.8	3.3724e-06
-0.216667	0.54	0	1.8	3.53534e-06
-0.216667	0.58	0	1.8	3.43418e-06
-0.216667	0.62	0	1.8	3.01461e-06
-0.216667	0.66	0	1.8	2.76458e-06
-0.216667	0.7	0	1.8	2.60064e-06
-0.216667	0.74	0	1.8	2.40221e-06
-0.216667	0.78	0	1.8	2.09445e-06
-0.216667	0.82	0	1.8	2.0894e-06
-0.216667	0.86	0	1.8	1.77706e-06
-0.216667	0.9	0	1.8	1.46161e-06
-0.216667	0.94	0	1.8	1.36813e-06
-0.216667	0.98	0	1.8	1.04439e-06
-0.183333	-0.98	0	1.8	6.74466e-07
-0.183333	-0.94	0	1.8	5.87119e-07
-0.183333	-0.9	0	1.8	5.3722e-07
-0.183333	-0.86	0	1.8	4.08943e-07
-0.183333	-0.82	0	1.8	3.43485e-07
-0.183333	-0.78	0	1.8	2.9447e-07
-0.183333	-0.74	0	1.8	2.20049e-07
-0.183333	-0.7	0	1.8	1.78858e-07
-0.183333	-0.66	0	1.8	1.44936e-07
-0.183333	-0.62	0	1.8	1.27561e-07
-0.183333	-0.58	0	1.8	9.74815e-08
-0.183333	-0.54	0	1.8	7.22972e-08
-0.183333	-0.5	0	1.8	5.73713e-08
-0.183333	-0.46	0	1.8	4.87765e-08
-0.183333	-0.42	0	1.8	3.55243e-08
-0.183333	-0.38	0	1.8	2.72312e-08
-0.183333	-0.34	0	1.8	2.18476e-08
-0.183333	-0.3	0	1.8	1.50614e-08
-0.183333	-0.26	0	1.8	1.27211e-08
-0.183333	-0.22	0	1.8	9.20181e-09
-0.183333	-0.18	0	1.8	7.3054e-09
-0.183333	-0.14	0	1.8	5.10754e-09
-0.183333	-0.1	0	1.8	1.06783e-06
-0.183333	-0.06	0	1.8	1.29471e-06
-0.183333	-0.02	0	1.8	1.41239e-06
-0.183333	0.02	0	1.8	1.55768e-06
-0.183333	0.06	0	1.8	1.74375e-06
-0.183333	0.1	0	1.8	1.82307e-06
-0.183333	0.14	0	1.8	2.02134e-06
-0.183333	0.18	0	1.8	2.0592e-06
-0.183333	0.22	0	1.8	2.42601e-06
-0.183333	0.26	0	1.8	2.36419e-06
-0.183333	0.3	0	1.8	2.66033e-06
-0.183333	0.34	0	1.8	2.44616e-06
-0.183333	0.38	0	1.8	2.71483e-06
-0.183333	0.42	0	1.8	2.51099e-06
-0.183333	0.46	0	1.8	2.60191e-06
-0.183333	0.5	0	1.8	2.47223e-06
-0.183333	0.54	0	1.8	2.52007e-06
-0.183333	0.58	0	1.8	2.35977e-06
-0.183333	0.62	0	1.8	2.16099e-06
-0.183333	0.66	0	1.8	2.06528e-06
-0.183333	0.7	0	1.8	1.80951e-06
-0.183333	0.74	0	1.8	1.63205e-06
-0.183333	0.78	0	1.8	1.56892e-06
-0.183333	0.82	0	1.8	1.38717e-06
-0.183333	0.86	0	1.8	1.24095e-06
-0.183333	0.9	0	1.8	1.15058e-06
-0.183333	0.94	0	1.8	1.06768e-06
-0.183333	0.98	0	1.8	8.35741e-07
-0.15	-0.98	0	1.8	5.13506e-07
-0.15	-0.94	0	1.8	4.44866e-07
-0.15	-0.9	0	1.8	3.63317e-07
-0.15	-0.86	0	1.8	3.26554e-07
-0.15	-0.82	0	1.8	2.61895e-07
-0.15	-0.78	0	1.8	2.13575e-07
-0.15	-0.74	0	1.8	1.64086e-07
-0.15	-0.7	0	1.8	1.40999e-07
-0.15	-0.66	0	1.8	1.18338e-07
-0.15	-0.62	0	1.8	8.1336e-08
-0.15	-0.58	0	1.8	7.40343e-08
-0.15	-0.54	0	1.8	5.88481e-08
-0.15	-0.5	0	1.8	4.35476e-08
-0.15	-0.46	0	1.8	3.77049e-08
-0.15	-0.42	0	1.8	2.72635e-08
-0.15	-0.38	0	1.8	2.34567e-08
-0.15	-0.34	0	1.8	1.72485e-08
-0.15	-0.3	0	1.8	1.29153e-08
-0.15	-0.26	0	1.8	1.04986e-08
-0.15	-0.22	0	1.8	7.34433e-09
-0.15	-0.18	0	1.8	5.76506e-09
-0.15	-0.14	0	1.8	4.44062e-09
-0.15	-0.1	0	1.8	7.91007e-07
-0.15	-0.06	0	1.8	8.9369e-07
-0.15	-0.02	0	1.8	1.03306e-06
-0.15	0.02	0	1.8	1.05528e-06
-0.15	0.06	0	1.8	1.30113e-06
-0.15	0.1	0	1.8	1.38402e-06
-0.15	0.14	0	1.8	1.45613e-06
-0.15	0.18	0	1.8	1.59383e-06
-0.15	0.22	0	1.8	1.64172e-06
-0.15	0.26	0	1.8	1.67805e-06
-0.15	0.3	0	1.8	1.93345e-06
-0.15	0.34	0	1.8	1.91086e-06
-0.15	0.38	0	1.8	1.89222e-06
-0.15	0.42	0	1.8	1.8059e-06
-0.15	0.46	0	1.8	1.85176e-06
-0.15	0.5	0	1.8	1.83068e-06
-0.15	0.54	0	1.8	1.69048e-06
-0.15	0.58	0	1.8	1.79042e-06
-0.15	0.62	0	1.8	1.65578e-06
-0.15	0.66	0	1.8	1.51944e-06
-0.15	0.7	0	1.8	1.36935e-06
-0.15	0.74	0	1.8	1.22935e-06
-0.15	0.78	0	1.8	1.26715e-06
-0.15	0.82	0	1.8	9.81771e-07
-0.15	0.86	0	1.8	9.36092e-07
-0.15	0.9	0	1.8	7.6512e-07
-0.15	0.94	0	1.8	7.51418e-07
-0.15	0.98	0	1.8	6.35349e-07
-0.116667	-0.98	0	1.8	3.59894e-07
-0.116667	-0.94	0	1.8	3.34121e-07
-0.116667	-0.9	0	1.8	2.98701e-07
-0.116667	-0.86	0	1.8	2.28333e-07
-0.116667	-0.82	0	1.8	2.08319e-07
-0.116667	-0.78	0	1.8	1.61957e-07
-0.116667	-0.74	0	1.8	1.38644e-07
-0.116667	-0.7	0	1.8	1.07282e-07
-0.116667	-0.66	0	1.8	9.34297e-08
-0.116667	-0.62	0	1.8	6.74115e-08
-0.116667	-0.58	0	1.8	5.37049e-08
-0.116667	-0.54	0	1.8	4.3005e-08
-0.116667	-0.5	0	1.8	3.13406e-08
-0.116667	-0.46	0	1.8	2.77933e-08
-0.116667	-0.42	0	1.8	2.211e-08
-0.116667	-0.38	0	1.8	1.66513e-08
-0.116667	-0.34	0	1.8	1.23719e-08
-0.116667	-0.3	0	1.8	1.04222e-08
-0.116667	-0.26	0	1.8	7.98873e-09
-0.116667	-0.22	0	1.8	5.94987e-09
-0.116667	-0.18	0	1.8	4.44181e-09
-0.116667	-0.14	0	1.8	3.60269e-09
-0.116667	-0.1	0	1.8	5.2033e-07
-0.116667	-0.06	0	1.8	6.59708e-07
-0.116667	-0.02	0	1.8	7.3918e-07
-0.116667	0.02	0	1.8	8.29159e-07
-0.116667	0.06	0	1.8	9.14426e-07
-0.116667	0.1	0	1.8	1.03723e-06
-0.116667	0.14	0	1.8	1.06392e-06
-0.116667	0.18	0	1.8	1.1017e-06
-0.116667	0.22	0	1.8	1.23054e-06
-0.116667	0.26	0	1.8	1.32907e-06
-0.116667	0.3	0	1.8	1.30815e-06
-0.116667	0.34	0	1.8	1.41193e-06
-0.116667	0.38	0	1.8	1.38918e-06
-0.116667	0.42	0	1.8	1.39394e-06
-0.116667	0.46	0	1.8	1.29898e-06
-0.116667	0.5	0	1.8	1.35421e-06
-0.116667	0.54	0	1.8	1.23987e-06
-0.116667	0.58	0	1.8	1.18781e-06
-0.116667	0.62	0	1.8	1.18675e-06
-0.116667	0.66	0	1.8	9.87922e-07
-0.116667	0.7	0	1.8	9.87842e-07
-0.116667	0.74	0	1.8	8.52815e-07
-0.116667	0.78	0	1.8	8.7342e-07
-0.116667	0.82	0	1.8	7.55134e-07
-0.116667	0.86	0	1.8	6.66827e-07
-0.116667	0.9	0	1.8	5.28723e-07
-0.116667	0.94	0	1.8	5.12821e-07
-0.116667	0.98	0	1.8	4.22918e-07
-0.0833333	-0.98	0	1.8	0.00128425
-0.0833333	-0.94	0	1.8	0.000993395
-0.0833333	-0.9	0	1.8	0.000810753
-0.0833333	-0.86	0	1.8	0.000555344
-0.0833333	-0.82	0	1.8	0.000373305
-0.0833333	-0.78	0	1.8	0.000269053
-0.0833333	-0.74	0	1.8	0.000185487
-0.0833333	-0.7	0	1.8	0.000144159
-0.0833333	-0.66	0	1.8	9.5094e-05
-0.0833333	-0.62	0	1.8	6.44021e-05
-0.0833333	-0.58	0	1.8	4.55898e-05
-0.0833333	-0.54	0	1.8	3.1032e-05
-0.0833333	-0.5	0	1.8	2.20197e-05
-0.0833333	-0.46	0	1.8	1.53624e-05
-0.0833333	-0.42	0	1.8	1.09254e-05
-0.0833333	-0.38	0	1.8	7.56522e-06
-0.0833333	-0.34	0	1.8	4.73946e-06
-0.0833333	-0.3	0	1.8	3.64719e-06
-0.0833333	-0.26	0	1.8	2.35931e-06
-0.0833333	-0.22	0	1.8	1.67731e-06
-0.0833333	-0.18	0	1.8	1.09278e-06
-0.0833333	-0.14	0	1.8	7.23065e-07
-0.0833333	-0.1	0	1.8	0.0036323
-0.0833333	-0.06	0	1.8	0.00501027
-0.0833333	-0.02	0	1.8	0.00635623
-0.0833333	0.02	0	1.8	0.00719416
-0.0833333	0.06	0	1.8	0.00883056
-0.0833333	0.1	0	1.8	0.0121677
-0.0833333	0.14	0	1.8	0.0138041
-0.0833333	0.18	0	1.8	0.0156007
-0.0833333	0.22	0	1.8	0.019639
-0.0833333	0.26	0	1.8	0.0238272
-0.0833333	0.3	0	1.8	0.0229938
-0.0833333	0.34	0	1.8	0.0251518
-0.0833333	0.38	0	1.8	0.0268734
-0.0833333	0.42	0	1.8	0.02897
-0.0833333	0.46	0	1.8	0.0238572
-0.0833333	0.5	0	1.8	0.0229067
-0.0833333	0.54	0	1.8	0.0215162
-0.0833333	0.58	0	1.8	0.0193554
-0.0833333	0.62	0	1.8	0.0175662
-0.0833333	0.66	0	1.8	0.0146345
-0.0833333	0.7	0	1.8	0.0119534
-0.0833333	0.74	0	1.8	0.00948852
-0.0833333	0.78	0	1.8	0.00760604
-0.0833333	0.82	0	1.8	0.00582119
-0.0833333	0.86	0	1.8	0.00445175
-0.0833333	0.9	0	1.8	0.00373181
-0.0833333	0.94	0	1.8	0.00270859
-0.0833333	0.98	0	1.8	0.00192973
-0.05	-0.98	0	1.8	0.0018145
-0.05	-0.94	0	1.8	0.00128798
-0.05	-0.9	0	1.8	0.000914173
-0.05	-0.86	0	1.8	0.000651774
-0.05	-0.82	0	1.8	0.000460651
-0.05	-0.78	0	1.8	0.000311517
-0.05	-0.74	0	1.8	0.000212608
-0.05	-0.7	0	1.8	0.000151751
-0.05	-0.66	0	1.8	0.000111065
-0.05	-0.62	0	1.8	7.59617e-05
-0.05	-0.58	0	1.8	5.29389e-05
-0.05	-0.54	0	1.8	3.6412e-05
-0.05	-0.5	0	1.8	2.48989e-05
-0.05	-0.46	0	1.8	1.64895e-05
-0.05	-0.42	0	1.8	1.29114e-05
-0.05	-0.38	0	1.8	6.94817e-06
-0.05	-0.34	0	1.8	5.66771e-06
-0.05	-0.3	0	1.8	4.03999e-06
-0.05	-0.26	0	1.8	2.59436e-06
-0.05	-0.22	0	1.8	1.89905e-06
-0.05	-0.18	0	1.8	1.23052e-06
-0.05	-0.14	0	1.8	8.94986e-07
-0.05	-0.1	0	1.8	0.00435957
-0.05	-0.06	0	1.8	0.0059741
-0.05	-0.02	0	1.8	0.00815252
-0.05	0.02	0	1.8	0.0108347
-0.05	0.06	0	1.8	0.0123899
-0.05	0.1	0	1.8	0.0161254
-0.05	0.14	0	1.8	0.018175
-0.05	0.18	0	1.8	0.0226307
-0.05	0.22	0	1.8	0.0274999
-0.05	0.26	0	1.8	0.027957
-0.05	0.3	0	1.8	0.0327679
-0.05	0.34	0	1.8	0.0357405
-0.05	0.38	0	1.8	0.0341767
-0.05	0.42	0	1.8	0.0352046
-0.05	0.46	0	1.8	0.0348688
-0.05	0.5	0	1.8	0.0294911
-0.05	0.54	0	1.8	0.0306246
-0.05	0.58	0	1.8	0.0243813
-0.05	0.62	0	1.8	0.0227121
-0.05	0.66	0	1.8	0.0191316
-0.05	0.7	0	1.8	0.0159014
-0.05	0.74	0	1.8	0.0134224
-0.05	0.78	0	1.8	0.00938775
-0.05	0.82	0	1.8	0.00798893
-0.05	0.86	0	1.8	0.00587039
-0.05	0.9	0	1.8	0.00432843
-0.05	0.94	0	1.8	0.00296836
-0.05	0.98	0	1.8	0.00222195
-0.0166667	-0.98	0	1.8	0.0020369
-0.0166667	-0.94	0	1.8	0.0014971
-0.0166667	-0.9	0	1.8	0.00102413
-0.0166667	-0.86	0	1.8	0.000800685
-0.0166667	-0.82	0	1.8	0.000526245
-0.0166667	-0.78	0	1.8	0.000386606
-0.0166667	-0.74	0	1.8	0.000259095
-0.0166667	-0.7	0	1.8	0.000176643
-0.0166667	-0.66	0	1.8	0.000118665
-0.0166667	-0.62	0	1.8	8.97333e-05
-0.0166667	-0.58	0	1.8	6.0955e-05
-0.0166667	-0.54	0	1.8	4.08586e-05
-0.0166667	-0.5	0	1.8	2.96742e-05
-0.0166667	-0.46	0	1.8	1.86331e-05
-0.0166667	-0.42	0	1.8	1.39506e-05
-0.0166667	-0.38	0	1.8	1.02912e-05
-0.0166667	-0.34	0	1.8	6.61199e-06
-0.0166667	-0.3	0	1.8	3.69687e-06
-0.0166667	-0.26	0	1.8	2.70483e-06
-0.0166667	-0.22	0	1.8	1.91034e-06
-0.0166667	-0.18	0	1.8	1.44503e-06
-0.0166667	-0.14	0	1.8	9.26928e-07
-0.0166667	-0.1	0	1.8	0.00511451
-0.0166667	-0.06	0	1.8	0.00775649
-0.0166667	-0.02	0	1.8	0.00932337
-0.0166667	0.02	0	1.8	0.0131181
-0.0166667	0.06	0	1.8	0.0167133
-0.0166667	0.1	0	1.8	0.0189844
-0.0166667	0.14	0	1.8	0.0246724
-0.0166667	0.18	0	1.8	0.0309711
-0.0166667	0.22	0	1.8	0.0327801
-0.0166667	0.26	0	1.8	0.038018
-0.0166667	0.3	0	1.8	0.0405811
-0.0166667	0.34	0	1.8	0.0447622
-0.0166667	0.38	0	1.8	0.051194
-0.0166667	0.42	0	1.8	0.0477696
-0.0166667	0.46	0	1.8	0.0450938
-0.0166667	0.5	0	1.8	0.0455566
-0.0166667	0.54	0	1.8	0.0399966
-0.0166667	0.58	0	1.8	0.0350237
-0.0166667	0.62	0	1.8	0.0290487
-0.0166667	0.66	0	1.8	0.0249396
-0.0166667	0.7	0	1.8	0.0213031
-0.0166667	0.74	0	1.8	0.0168862
-0.0166667	0.78	0	1.8	0.0126239
-0.0166667	0.82	0	1.8	0.0095298
-0.0166667	0.86	0	1.8	0.00703013
-0.0166667	0.9	0	1.8	0.00513381
-0.0166667	0.94	0	1.8	0.00398845
-0.0166667	0.98	0	1.8	0.00301784
0.0166667	-0.98	0	1.8	0.00240123
0.0166667	-0.94	0	1.8	0.00186661
0.0166667	-0.9	0	1.8	0.00122996
0.0166667	-0.86	0	1.8	0.000921998
0.0166667	-0.82	0	1.8	0.000555016
0.0166667	-0.78	0	1.8	0.000410325
0.0166667	-0.74	0	1.8	0.000309956
0.0166667	-0.7	0	1.8	0.000191078
0.0166667	-0.66	0	1.8	0.000147537
0.0166667	-0.62	0	1.8	9.43272e-05
0.0166667	-0.58	0	1.8	6.9817e-05
0.0166667	-0.54	0	1.8	4.89794e-05
0.0166667	-0.5	0	1.8	3.19881e-05
0.0166667	-0.46	0	1.8	2.29349e-05
0.0166667	-0.42	0	1.8	1.52566e-05
0.0166667	-0.38	0	1.8	1.07543e-05
0.0166667	-0.34	0	1.8	7.26333e-06
0.0166667	-0.3	0	1.8	4.67724e-06
0.0166667	-0.26	0	1.8	3.33712e-06
0.0166667	-0.22	0	1.8	2.31046e-06
0.0166667	-0.18	0	1.8	1.43595e-06
0.0166667	-0.14	0	1.8	9.97598e-07
0.0166667	-0.1	0	1.8	0.00624868
0.0166667	-0.06	0	1.8	0.00876174
0.0166667	-0.02	0	1.8	0.0120663
0.0166667	0.02	0	1.8	0.0164593
0.0166667	0.06	0	1.8	0.0209254
0.0166667	0.1	0	1.8	0.02642
0.0166667	0.14	0	1.8	0.032127
0.0166667	0.18	0	1.8	0.0370869
0.0166667	0.22	0	1.8	0.0512775
0.0166667	0.26	0	1.8	0.0485667
0.0166667	0.3	0	1.8	0.0604898
0.0166667	0.34	0	1.8	0.0589446
0.0166667	0.38	0	1.8	0.0631694
0.0166667	0.42	0	1.8	0.0631694
0.0166667	0.46	0	1.8	0.0589446
0.0166667	0.5	0	1.8	0.0582495
0.0166667	0.54	0	1.8	0.0504133
0.0166667	0.58	0	1.8	0.0467339
0.0166667	0.62	0	1.8	0.0341808
0.0166667	0.66	0	1.8	0.0292585
0.0166667	0.7	0	1.8	0.0258638
0.0166667	0.74	0	1.8	0.0202669
0.0166667	0.78	0	1.8	0.0172512
0.0166667	0.82	0	1.8	0.0123669
0.0166667	0.86	0	1.8	0.00872965
0.0166667	0.9	0	1.8	0.00639069
0.0166667	0.94	0	1.8	0.00502219
0.0166667	0.98	0	1.8	0.00332762
0.05	-0.98	0	1.8	0.00284085
0.05	-0.94	0	1.8	0.00205061
0.05	-0.9	0	1.8	0.00145561
0.05	-0.86	0	1.8	0.000999011
0.05	-0.82	0	1.8	0.000659741
0.05	-0.78	0	1.8	0.000462959
0.05	-0.74	0	1.8	0.000307972
0.05	-0.7	0	1.8	0.000238581
0.05	-0.66	0	1.8	0.000161882
0.05	-0.62	0	1.8	0.000113183
0.05	-0.58	0	1.8	8.22463e-05
0.05	-0.54	0	1.8	5.23722e-05
0.05	-0.5	0	1.8	3.54154e-05
0.05	-0.46	0	1.8	2.4526e-05
0.05	-0.42	0	1.8	1.79138e-05
0.05	-0.38	0	1.8	1.20398e-05
0.05	-0.34	0	1.8	7.83432e-06
0.05	-0.3	0	1.8	5.27021e-06
0.05	-0.26	0	1.8	3.17256e-06
0.05	-0.22	0	1.8	2.38718e-06
0.05	-0.18	0	1.8	1.8013e-06
0.05	-0.14	0	1.8	1.13766e-06
0.05	-0.1	0	1.8	0.00886475
0.05	-0.06	0	1.8	0.0117313
0.05	-0.02	0	1.8	0.014137
0.05	0.02	0	1.8	0.0214508
0.05	0.06	0	1.8	0.0253097
0.05	0.1	0	1.8	0.0334701
0.05	0.14	0	1.8	0.0378961
0.05	0.18	0	1.8	0.0489419
0.05	0.22	0	1.8	0.0567797
0.05	0.26	0	1.8	0.0685873
0.05	0.3	0	1.8	0.0731539
0.05	0.34	0	1.8	0.0776387
0.05	0.38	0	1.8	0.0878107
0.05	0.42	0	1.8	0.078537
0.05	0.46	0	1.8	0.0776387
0.05	0.5	0	1.8	0.0707941
0.05	0.54	0	1.8	0.0659767
0.05	0.58	0	1.8	0.0580276
0.05	0.62	0	1.8	0.0491186
0.05	0.66	0	1.8	0.0406655
0.05	0.7	0	1.8	0.0319487
0.05	0.74	0	1.8	0.0275106
0.05	0.78	0	1.8	0.0189189
0.05	0.82	0	1.8	0.0138723
0.05	0.86	0	1.8	0.010672
0.05	0.9	0	1.8	0.00817623
0.05	0.94	0	1.8	0.00566295
0.05	0.98	0	1.8	0.00426452
0.0833333	-0.98	0	1.8	0.00367895
0.0833333	-0.94	0	1.8	0.00243232
0.0833333	-0.9	0	1.8	0.00168464
0.0833333	-0.86	0	1.8	0.00123306
0.0833333	-0.82	0	1.8	0.000833089
0.0833333	-0.78	0	1.8	0.000588845
0.0833333	-0.74	0	1.8	0.000352857
0.0833333	-0.7	0	1.8	0.000275406
0.0833333	-0.66	0	1.8	0.000190025
0.0833333	-0.62	0	1.8	0.000141529
0.0833333	-0.58	0	1.8	7.72755e-05
0.0833333	-0.54	0	1.8	6.42863e-05
0.0833333	-0.5	0	1.8	4.06991e-05
0.0833333	-0.46	0	1.8	2.41514e-05
0.0833333	-0.42	0	1.8	1.64199e-05
0.0833333	-0.38	0	1.8	1.26584e-05
0.0833333	-0.34	0	1.8	8.77175e-06
0.0833333	-0.3	0	1.8	5.94918e-06
0.0833333	-0.26	0	1.8	3.74216e-06
0.0833333	-0.22	0	1.8	2.63763e-06
0.0833333	-0.18	0	1.8	1.6906e-06
0.0833333	-0.14	0	1.8	1.30667e-06
0.0833333	-0.1	0	1.8	0.00992097
0.0833333	-0.06	0	1.8	0.0138227
0.0833333	-0.02	0	1.8	0.0181635
0.0833333	0.02	0	1.8	0.0244914
0.0833333	0.06	0	1.8	0.03149
0.0833333	0.1	0	1.8	0.0373929
0.0833333	0.14	0	1.8	0.0526502
0.0833333	0.18	0	1.8	0.0654108
0.0833333	0.22	0	1.8	0.0709249
0.0833333	0.26	0	1.8	0.0894308
0.0833333	0.3	0	1.8	0.0968882
0.0833333	0.34	0	1.8	0.110308
0.0833333	0.38	0	1.8	0.104185
0.0833333	0.42	0	1.8	0.0924871
0.0833333	0.46	0	1.8	0.109954
0.0833333	0.5	0	1.8	0.091928
0.0833333	0.54	0	1.8	0.0846452
0.0833333	0.58	0	1.8	0.0735421
0.0833333	0.62	0	1.8	0.0662977
0.0833333	0.66	0	1.8	0.0515572
0.0833333	0.7	0	1.8	0.0417578
0.0833333	0.74	0	1.8	0.0352281
0.0833333	0.78	0	1.8	0.0232841
0.0833333	0.82	0	1.8	0.0179702
0.0833333	0.86	0	1.8	0.0129232
0.0833333	0.9	0	1.8	0.00998963
0.0833333	0.94	0	1.8	0.00659852
0.0833333	0.98	0	1.8	0.0049699
0.116667	-0.98	0	1.8	0.00404662
0.116667	-0.94	0	1.8	0.00274898
0.116667	-0.9	0	1.8	0.00194011
0.116667	-0.86	0	1.8	0.00134931
0.116667	-0.82	0	1.8	0.000896129
0.116667	-0.78	0	1.8	0.000624211
0.116667	-0.74	0	1.8	0.000410658
0.116667	-0.7	0	1.8	0.000268133
0.116667	-0.66	0	1.8	0.000183006
0.116667	-0.62	0	1.8	0.000133038
0.116667	-0.58	0	1.8	9.7211e-05
0.116667	-0.54	0	1.8	6.15655e-05
0.116667	-0.5	0	1.8	4.21229e-05
0.116667	-0.46	0	1.8	3.00448e-05
0.116667	-0.42	0	1.8	1.78252e-05
0.116667	-0.38	0	1.8	1.36111e-05
0.116667	-0.34	0	1.8	8.53465e-06
0.116667	-0.3	0	1.8	5.8632e-06
0.116667	-0.26	0	1.8	3.90601e-06
0.116667	-0.22	0	1.8	2.75084e-06
0.116667	-0.18	0	1.8	1.91971e-06
0.116667	-0.14	0	1.8	1.20492e-06
0.116667	-0.1	0	1.8	0.0115449
0.116667	-0.06	0	1.8	0.0162699
0.116667	-0.02	0	1.8	0.021691
0.116667	0.02	0	1.8	0.0276937
0.116667	0.06	0	1.8	0.0399207
0.116667	0.1	0	1.8	0.0497845
0.116667	0.14	0	1.8	0.0603635
0.116667	0.18	0	1.8	0.074488
0.116667	0.22	0	1.8	0.0983568
0.116667	0.26	0	1.8	0.0939995
0.116667	0.3	0	1.8	0.11243
0.116667	0.34	0	1.8	0.115777
0.116667	0.38	0	1.8	0.121007
0.116667	0.42	0	1.8	0.135402
0.116667	0.46	0	1.8	0.131881
0.116667	0.5	0	1.8	0.111208
0.116667	0.54	0	1.8	0.100266
0.116667	0.58	0	1.8	0.0854576
0.116667	0.62	0	1.8	0.0774893
0.116667	0.66	0	1.8	0.0648349
0.116667	0.7	0	1.8	0.0494289
0.116667	0.74	0	1.8	0.0395078
0.116667	0.78	0	1.8	0.0267567
0.116667	0.82	0	1.8	0.0223857
0.116667	0.86	0	1.8	0.0152565
0.116667	0.9	0	1.8	0.0116664
0.116667	0.94	0	1.8	0.00752497
0.116667	0.98	0	1.8	0.00555294
0.15	-0.98	0	1.8	0.00416952
0.15	-0.94	0	1.8	0.0032904
0.15	-0.9	0	1.8	0.00205116
0.15	-0.86	0	1.8	0.00139294
0.15	-0.82	0	1.8	0.000866703
0.15	-0.78	0	1.8	0.000644542
0.15	-0.74	0	1.8	0.000480352
0.15	-0.7	0	1.8	0.000305135
0.15	-0.66	0	1.8	0.000209065
0.15	-0.62	0	1.8	0.000159612
0.15	-0.58	0	1.8	0.000100688
0.15	-0.54	0	1.8	6.62886e-05
0.15	-0.5	0	1.8	4.83904e-05
0.15	-0.46	0	1.8	2.96005e-05
0.15	-0.42	0	1.8	2.30666e-05
0.15	-0.38	0	1.8	1.48725e-05
0.15	-0.34	0	1.8	9.28351e-06
0.15	-0.3	0	1.8	6.71546e-06
0.15	-0.26	0	1.8	4.10516e-06
0.15	-0.22	0	1.8	2.98388e-06
0.15	-0.18	0	1.8	2.06316e-06
0.15	-0.14	0	1.8	1.38143e-06
0.15	-0.1	0	1.8	0.0123367
0.15	-0.06	0	1.8	0.0177966
0.15	-0.02	0	1.8	0.0253027
0.15	0.02	0	1.8	0.0381815
0.15	0.06	0	1.8	0.0420636
0.15	0.1	0	1.8	0.0554256
0.15	0.14	0	1.8	0.0763493
0.15	0.18	0	1.8	0.0893607
0.15	0.22	0	1.8	0.105216
0.15	0.26	0	1.8	0.138311
0.15	0.3	0	1.8	0.132548
0.15	0.34	0	1.8	0.140376
0.15	0.38	0	1.8	0.14927
0.15	0.42	0	1.8	0.146037
0.15	0.46	0	1.8	0.140376
0.15	0.5	0	1.8	0.133037
0.15	0.54	0	1.8	0.114815
0.15	0.58	0	1.8	0.104828
0.15	0.62	0	1.8	0.0982311
0.15	0.66	0	1.8	0.0798442
0.15	0.7	0	1.8	0.0616076
0.15	0.74	0	1.8	0.0414064
0.15	0.78	0	1.8	0.0345981
0.15	0.82	0	1.8	0.0267589
0.15	0.86	0	1.8	0.0177966
0.15	0.9	0	1.8	0.0117245
0.15	0.94	0	1.8	0.00968279
0.15	0.98	0	1.8	0.00671415
0.183333	-0.98	0	1.8	0.00500785
0.183333	-0.94	0	1.8	0.00358475
0.183333	-0.9	0	1.8	0.00249216
0.183333	-0.86	0	1.8	0.00164471
0.183333	-0.82	0	1.8	0.00121359
0.183333	-0.78	0	1.8	0.00073865
0.183333	-0.74	0	1.8	0.000561118
0.183333	-0.7	0	1.8	0.000345546
0.183333	-0.66	0	1.8	0.000237602
0.183333	-0.62	0	1.8	0.000174721
0.183333	-0.58	0	1.8	0.000105333
0.183333	-0.54	0	1.8	7.64863e-05
0.183333	-0.5	0	1.8	4.77564e-05
0.183333	-0.46	0	1.8	3.44137e-05
0.183333	-0.42	0	1.8	2.3795e-05
0.183333	-0.38	0	1.8	1.53403e-05
0.183333	-0.34	0	1.8	9.86437e-06
0.183333	-0.3	0	1.8	6.92352e-06
0.183333	-0.26	0	1.8	4.78307e-06
0.183333	-0.22	0	1.8	3.25614e-06
0.183333	-0.18	0	1.8	2.06351e-06
0.183333	-0.14	0	1.8	1.46117e-06
0.183333	-0.1	0	1.8	0.0146491
0.183333	-0.06	0	1.8	0.0205647
0.183333	-0.02	0	1.8	0.0302626
0.183333	0.02	0	1.8	0.0394469
0.183333	0.06	0	1.8	0.0555858
0.183333	0.1	0	1.8	0.0766102
0.183333	0.14	0	1.8	0.087917
0.183333	0.18	0	1.8	0.114005
0.183333	0.22	0	1.8	0.121765
0.183333	0.26	0	1.8	0.152218
0.183333	0.3	0	1.8	0.155521
0.183333	0.34	0	1.8	0.166202
0.183333	0.38	0	1.8	0.183366
0.183333	0.42	0	1.8	0.176458
0.183333	0.46	0	1.8	0.169855
0.183333	0.5	0	1.8	0.174389
0.183333	0.54	0	1.8	0.130918
0.183333	0.58	0	1.8	0.114468
0.183333	0.62	0	1.8	0.108981
0.183333	0.66	0	1.8	0.087917
0.183333	0.7	0	1.8	0.0736059
0.183333	0.74	0	1.8	0.051739
0.183333	0.78	0	1.8	0.0407426
0.183333	0.82	0	1.8	0.0310007
0.183333	0.86	0	1.8	0.0201852
0.183333	0.9	0	1.8	0.0161571
0.183333	0.94	0	1.8	0.0118351
0.183333	0.98	0	1.8	0.00834515
0.216667	-0.98	0	1.8	0.00569834
0.216667	-0.94	0	1.8	0.00395764
0.216667	-0.9	0	1.8	0.00255962
0.216667	-0.86	0	1.8	0.00184447
0.216667	-0.82	0	1.8	0.00133529
0.216667	-0.78	0	1.8	0.000846366
0.216667	-0.74	0	1.8	0.000573087
0.216667	-0.7	0	1.8	0.000380876
0.216667	-0.66	0	1.8	0.00024735
0.216667	-0.62	0	1.8	0.00018429
0.216667	-0.58	0	1.8	0.000116882
0.216667	-0.54	0	1.8	8.27634e-05
0.216667	-0.5	0	1.8	5.40944e-05
0.216667	-0.46	0	1.8	3.3777e-05
0.216667	-0.42	0	1.8	2.32688e-05
0.216667	-0.38	0	1.8	1.70574e-05
0.216667	-0.34	0	1.8	1.07828e-05
0.216667	-0.3	0	1.8	7.30965e-06
0.216667	-0.26	0	1.8	4.58357e-06
0.216667	-0.22	0	1.8	3.16653e-06
0.216667	-0.18	0	1.8	2.23349e-06
0.216667	-0.14	0	1.8	1.33567e-06
0.216667	-0.1	0	1.8	0.0176213
0.216667	-0.06	0	1.8	0.0236837
0.216667	-0.02	0	1.8	0.0347664
0.216667	0.02	0	1.8	0.0473639
0.216667	0.06	0	1.8	0.0639496
0.216667	0.1	0	1.8	0.0825586
0.216667	0.14	0	1.8	0.103243
0.216667	0.18	0	1.8	0.125126
0.216667	0.22	0	1.8	0.146248
0.216667	0.26	0	1.8	0.162525
0.216667	0.3	0	1.8	0.198513
0.216667	0.34	0	1.8	0.189455
0.216667	0.38	0	1.8	0.203733
0.216667	0.42	0	1.8	0.19091
0.216667	0.46	0	1.8	0.203284
0.216667	0.5	0	1.8	0.174431
0.216667	0.54	0	1.8	0.160746
0.216667	0.58	0	1.8	0.141024
0.216667	0.62	0	1.8	0.123795
0.216667	0.66	0	1.8	0.10906
0.216667	0.7	0	1.8	0.0802573
0.216667	0.74	0	1.8	0.0573341
0.216667	0.78	0	1.8	0.0521332
0.216667	0.82	0	1.8	0.0333278
0.216667	0.86	0	1.8	0.0271162
0.216667	0.9	0	1.8	0.0156836
0.216667	0.94	0	1.8	0.011751
0.216667	0.98	0	1.8	0.0088964
0.25	-0.98	0	1.8	0.00622472
0.25	-0.94	0	1.8	0.00381117
0.25	-0.9	0	1.8	0.00267166
0.25	-0.86	0	1.8	0.00171508
0.25	-0.82	0	1.8	0.00129132
0.25	-0.78	0	1.8	0.000891682
0.25	-0.74	0	1.8	0.000585001
0.25	-0.7	0	1.8	0.000440549
0.25	-0.66	0	1.8	0.000265058
0.25	-0.62	0	1.8	0.000173366
0.25	-0.58	0	1.8	0.000125089
0.25	-0.54	0	1.8	8.39096e-05
0.25	-0.5	0	1.8	5.30857e-05
0.25	-0.46	0	1.8	3.49103e-05
0.25	-0.42	0	1.8	2.47389e-05
0.25	-0.38	0	1.8	1.66952e-05
0.25	-0.34	0	1.8	1.06138e-05
0.25	-0.3	0	1.8	6.80611e-06
0.25	-0.26	0	1.8	5.16182e-06
0.25	-0.22	0	1.8	3.57953e-06
0.25	-0.18	0	1.8	2.31369e-06
0.25	-0.14	0	1.8	1.47627e-06
0.25	-0.1	0	1.8	0.0180541
0.25	-0.06	0	1.8	0.0282792
0.25	-0.02	0	1.8	0.036479
0.25	0.02	0	1.8	0.0535435
0.25	0.06	0	1.8	0.0749545
0.25	0.1	0	1.8	0.0836781
0.25	0.14	0	1.8	0.100803
0.25	0.18	0	1.8	0.151126
0.25	0.22	0	1.8	0.170355
0.25	0.26	0	1.8	0.187523
0.25	0.3	0	1.8	0.191428
0.25	0.34	0	1.8	0.221327
0.25	0.38	0	1.8	0.212823
0.25	0.42	0	1.8	0.204153
0.25	0.46	0	1.8	0.206776
0.25	0.5	0	1.8	0.21021
0.25	0.54	0	1.8	0.20337
0.25	0.58	0	1.8	0.162187
0.25	0.62	0	1.8	0.137703
0.25	0.66	0	1.8	0.112638
0.25	0.7	0	1.8	0.0988629
0.25	0.74	0	1.8	0.0655543
0.25	0.78	0	1.8	0.0544635
0.25	0.82	0	1.8	0.0400869
0.25	0.86	0	1.8	0.0278983
0.25	0.9	0	1.8	0.0179872
0.25	0.94	0	1.8	0.0137018
0.25	0.98	0	1.8	0.00848053
0.283333	-0.98	0	1.8	0.0064554
0.283333	-0.94	0	1.8	0.00432251
0.283333	-0.9	0	1.8	0.00283103
0.283333	-0.86	0	1.8	0.00189183
0.283333	-0.82	0	1.8	0.00134092
0.283333	-0.78	0	1.8	0.000837498
0.283333	-0.74	0	1.8	0.000620061
0.283333	-0.7	0	1.8	0.000449009
0.283333	-0.66	0	1.8	0.000280789
0.283333	-0.62	0	1.8	0.000197007
0.283333	-0.58	0	1.8	0.000121443
0.283333	-0.54	0	1.8	8.74725e-05
0.283333	-0.5	0	1.8	6.08455e-05
0.283333	-0.46	0	1.8	4.03203e-05
0.283333	-0.42	0	1.8	2.63359e-05
0.283333	-0.38	0	1.8	1.77499e-05
0.283333	-0.34	0	1.8	1.20877e-05
0.283333	-0.3	0	1.8	7.38089e-06
0.283333	-0.26	0	1.8	5.48689e-06
0.283333	-0.22	0	1.8	3.59417e-06
0.283333	-0.18	0	1.8	2.18159e-06
0.283333	-0.14	0	1.8	1.66526e-06
0.283333	-0.1	0	1.8	0.020506
0.283333	-0.06	0	1.8	0.026621
0.283333	-0.02	0	1.8	0.0427437
0.283333	0.02	0	1.8	0.0539904
0.283333	0.06	0	1.8	0.0786878
0.283333	0.1	0	1.8	0.101043
0.283333	0.14	0	1.8	0.128398
0.283333	0.18	0	1.8	0.153865
0.283333	0.22	0	1.8	0.173013
0.283333	0.26	0	1.8	0.203811
0.283333	0.3	0	1.8	0.214602
0.283333	0.34	0	1.8	0.223913
0.283333	0.38	0	1.8	0.244043
0.283333	0.42	0	1.8	0.213324
0.283333	0.46	0	1.8	0.245475
0.283333	0.5	0	1.8	0.207553
0.283333	0.54	0	1.8	0.196634
0.283333	0.58	0	1.8	0.185098
0.283333	0.62	0	1.8	0.150059
0.283333	0.66	0	1.8	0.131529
0.283333	0.7	0	1.8	0.0953704
0.283333	0.74	0	1.8	0.0786878
0.283333	0.78	0	1.8	0.0554006
0.283333	0.82	0	1.8	0.0392425
0.283333	0.86	0	1.8	0.0284855
0.283333	0.9	0	1.8	0.0213755
0.283333	0.94	0	1.8	0.0142369
0.283333	0.98	0	1.8	0.0100459
0.316667	-0.98	0	1.8	0.00739251
0.316667	-0.94	0	1.8	0.005177
0.316667	-0.9	0	1.8	0.00312472
0.316667	-0.86	0	1.8	0.00223716
0.316667	-0.82	0	1.8	0.00153239
0.316667	-0.78	0	1.8	0.000954901
0.316667	-0.74	0	1.8	0.000648995
0.316667	-0.7	0	1.8	0.000403292
0.316667	-0.66	0	1.8	0.000292955
0.316667	-0.62	0	1.8	0.000179808
0.316667	-0.58	0	1.8	0.00015102
0.316667	-0.54	0	1.8	8.42151e-05
0.316667	-0.5	0	1.8	5.90831e-05
0.316667	-0.46	0	1.8	3.9794e-05
0.316667	-0.42	0	1.8	2.7856e-05
0.316667	-0.38	0	1.8	1.73375e-05
0.316667	-0.34	0	1.8	1.23242e-05
0.316667	-0.3	0	1.8	7.77508e-06
0.316667	-0.26	0	1.8	5.68308e-06
0.316667	-0.22	0	1.8	3.60346e-06
0.316667	-0.18	0	1.8	2.49601e-06
0.316667	-0.14	0	1.8	1.62138e-06
0.316667	-0.1	0	1.8	0.0228701
0.316667	-0.06	0	1.8	0.0321278
0.316667	-0.02	0	1.8	0.041313
0.316667	0.02	0	1.8	0.0632072
0.316667	0.06	0	1.8	0.0808653
0.316667	0.1	0	1.8	0.101479
0.316667	0.14	0	1.8	0.127419
0.316667	0.18	0	1.8	0.171354
0.316667	0.22	0	1.8	0.17621
0.316667	0.26	0	1.8	0.207472
0.316667	0.3	0	1.8	0.224446
0.316667	0.34	0	1.8	0.239445
0.316667	0.38	0	1.8	0.234842
0.316667	0.42	0	1.8	0.223961
0.316667	0.46	0	1.8	0.262333
0.316667	0.5	0	1.8	0.23359
0.316667	0.54	0	1.8	0.20137
0.316667	0.58	0	1.8	0.190442
0.316667	0.62	0	1.8	0.161479
0.316667	0.66	0	1.8	0.133647
0.316667	0.7	0	1.8	0.10756
0.316667	0.74	0	1.8	0.0808653
0.316667	0.78	0	1.8	0.0560883
0.316667	0.82	0	1.8	0.0417807
0.316667	0.86	0	1.8	0.0304717
0.316667	0.9	0	1.8	0.0225621
0.316667	0.94	0	1.8	0.0159335
0.316667	0.98	0	1.8	0.0103933
0.35	-0.98	0	1.8	0.00714227
0.35	-0.94	0	1.8	0.00479639
0.35	-0.9	0	1.8	0.0030604
0.35	-0.86	0	1.8	0.00246188
0.35	-0.82	0	1.8	0.00135942
0.35	-0.78	0	1.8	0.0009774
0.35	-0.74	0	1.8	0.00063009
0.35	-0.7	0	1.8	0.000456585
0.35	-0.66	0	1.8	0.000310688
0.35	-0.62	0	1.8	0.000193295
0.35	-0.58	0	1.8	0.000134985
0.35	-0.54	0	1.8	9.57303e-05
0.35	-0.5	0	1.8	5.61511e-05
0.35	-0.46	0	1.8	4.27651e-05
0.35	-0.42	0	1.8	2.78952e-05
0.35	-0.38	0	1.8	1.97559e-05
0.35	-0.34	0	1.8	1.2015e-05
0.35	-0.3	0	1.8	9.05986e-06
0.35	-0.26	0	1.8	5.38223e-06
0.35	-0.22	0	1.8	3.8211e-06
0.35	-0.18	0	1.8	2.42858e-06
0.35	-0.14	0	1.8	1.66411e-06
0.35	-0.1	0	1.8	0.0197324
0.35	-0.06	0	1.8	0.032726
0.35	-0.02	0	1.8	0.0440089
0.35	0.02	0	1.8	0.063234
0.35	0.06	0	1.8	0.0813572
0.35	0.1	0	1.8	0.114642
0.35	0.14	0	1.8	0.145842
0.35	0.18	0	1.8	0.183222
0.35	0.22	0	1.8	0.207005
0.35	0.26	0	1.8	0.2215
0.35	0.3	0	1.8	0.246502
0.35	0.34	0	1.8	0.250506
0.35	0.38	0	1.8	0.293135
0.35	0.42	0	1.8	0.245702
0.35	0.46	0	1.8	0.255094
0.35	0.5	0	1.8	0.242177
0.35	0.54	0	1.8	0.23976
0.35	0.58	0	1.8	0.181571
0.35	0.62	0	1.8	0.163201
0.35	0.66	0	1.8	0.131308
0.35	0.7	0	1.8	0.104292
0.35	0.74	0	1.8	0.084709
0.35	0.78	0	1.8	0.0641374
0.35	0.82	0	1.8	0.0466169
0.35	0.86	0	1.8	0.0350307
0.35	0.9	0	1.8	0.0227003
0.35	0.94	0	1.8	0.0152936
0.35	0.98	0	1.8	0.0110839
0.383333	-0.98	0	1.8	0.00758069
0.383333	-0.94	0	1.8	0.00473553
0.383333	-0.9	0	1.8	0.00325115
0.383333	-0.86	0	1.8	0.00233913
0.383333	-0.82	0	1.8	0.00142709
0.383333	-0.78	0	1.8	0.00107353
0.383333	-0.74	0	1.8	0.000713205
0.383333	-0.7	0	1.8	0.00047684
0.383333	-0.66	0	1.8	0.000298059
0.383333	-0.62	0	1.8	0.000223216
0.383333	-0.58	0	1.8	0.000137929
0.383333	-0.54	0	1.8	9.11633e-05
0.383333	-0.5	0	1.8	5.89192e-05
0.383333	-0.46	0	1.8	4.34785e-05
0.383333	-0.42	0	1.8	2.65781e-05
0.383333	-0.38	0	1.8	1.82807e-05
0.383333	-0.34	0	1.8	1.15886e-05
0.383333	-0.3	0	1.8	7.91726e-06
0.383333	-0.26	0	1.8	5.70636e-06
0.383333	-0.22	0	1.8	4.1596e-06
0.383333	-0.18	0	1.8	2.59111e-06
0.383333	-0.14	0	1.8	1.8992e-06
0.383333	-0.1	0	1.8	0.0236618
0.383333	-0.06	0	1.8	0.033319
0.383333	-0.02	0	1.8	0.0513368
0.383333	0.02	0	1.8	0.0616984
0.383333	0.06	0	1.8	0.0838931
0.383333	0.1	0	1.8	0.125465
0.383333	0.14	0	1.8	0.151722
0.383333	0.18	0	1.8	0.183498
0.383333	0.22	0	1.8	0.20698
0.383333	0.26	0	1.8	0.237282
0.383333	0.3	0	1.8	0.242674
0.383333	0.34	0	1.8	0.302194
0.383333	0.38	0	1.8	0.259154
0.383333	0.42	0	1.8	0.281647
0.383333	0.46	0	1.8	0.289994
0.383333	0.5	0	1.8	0.256793
0.383333	0.54	0	1.8	0.215416
0.383333	0.58	0	1.8	0.208423
0.383333	0.62	0	1.8	0.176679
0.383333	0.66	0	1.8	0.148646
0.383333	0.7	0	1.8	0.114874
0.383333	0.74	0	1.8	0.086388
0.383333	0.78	0	1.8	0.0628538
0.383333	0.82	0	1.8	0.0423362
0.383333	0.86	0	1.8	0.0343786
0.383333	0.9	0	1.8	0.0207961
0.383333	0.94	0	1.8	0.0163262
0.383333	0.98	0	1.8	0.00998459
0.416667	-0.98	0	1.8	0.00760674
0.416667	-0.94	0	1.8	0.00484116
0.416667	-0.9	0	1.8	0.00332234
0.416667	-0.86	0	1.8	0.00234712
0.416667	-0.82	0	1.8	0.00148074
0.416667	-0.78	0	1.8	0.000987074
0.416667	-0.74	0	1.8	0.000681776
0.416667	-0.7	0	1.8	0.000463865
0.416667	-0.66	0	1.8	0.000343746
0.416667	-0.62	0	1.8	0.000202061
0.416667	-0.58	0	1.8	0.000138418
0.416667	-0.54	0	1.8	9.14913e-05
0.416667	-0.5	0	1.8	5.89192e-05
0.416667	-0.46	0	1.8	4.11203e-05
0.416667	-0.42	0	1.8	2.48985e-05
0.416667	-0.38	0	1.8	1.80158e-05
0.416667	-0.34	0	1.8	1.37198e-05
0.416667	-0.3	0	1.8	8.18514e-06
0.416667	-0.26	0	1.8	5.5667e-06
0.416667	-0.22	0	1.8	3.45073e-06
0.416667	-0.18	0	1.8	2.52835e-06
0.416667	-0.14	0	1.8	1.67081e-06
0.416667	-0.1	0	1.8	0.0232524
0.416667	-0.06	0	1.8	0.0330835
0.416667	-0.02	0	1.8	0.0508368
0.416667	0.02	0	1.8	0.0649335
0.416667	0.06	0	1.8	0.0838931
0.416667	0.1	0	1.8	0.10469
0.416667	0.14	0	1.8	0.154284
0.416667	0.18	0	1.8	0.158081
0.416667	0.22	0	1.8	0.196884
0.416667	0.26	0	1.8	0.221085
0.416667	0.3	0	1.8	0.258558
0.416667	0.34	0	1.8	0.266531
0.416667	0.38	0	1.8	0.25622
0.416667	0.42	0	1.8	0.279691
0.416667	0.46	0	1.8	0.256208
0.416667	0.5	0	1.8	0.256793
0.416667	0.54	0	1.8	0.221895
0.416667	0.58	0	1.8	0.178133
0.416667	0.62	0	1.8	0.181639
0.416667	0.66	0	1.8	0.145571
0.416667	0.7	0	1.8	0.117318
0.416667	0.74	0	1.8	0.0823337
0.416667	0.78	0	1.8	0.063547
0.416667	0.82	0	1.8	0.0476699
0.416667	0.86	0	1.8	0.0349673
0.416667	0.9	0	1.8	0.0222699
0.416667	0.94	0	1.8	0.0160447
0.416667	0.98	0	1.8	0.0109446
0.45	-0.98	0	1.8	0.00706547
0.45	-0.94	0	1.8	0.00503881
0.45	-0.9	0	1.8	0.00304872
0.45	-0.86	0	1.8	0.00215513
0.45	-0.82	0	1.8	0.00154455
0.45	-0.78	0	1.8	0.0010236
0.45	-0.74	0	1.8	0.000668278
0.45	-0.7	0	1.8	0.000440564
0.45	-0.66	0	1.8	0.000313913
0.45	-0.62	0	1.8	0.000210605
0.45	-0.58	0	1.8	0.000142242
0.45	-0.54	0	1.8	8.30744e-05
0.45	-0.5	0	1.8	6.20273e-05
0.45	-0.46	0	1.8	4.21813e-05
0.45	-0.42	0	1.8	2.59377e-05
0.45	-0.38	0	1.8	1.6146e-05
0.45	-0.34	0	1.8	1.24111e-05
0.45	-0.3	0	1.8	7.61382e-06
0.45	-0.26	0	1.8	5.10521e-06
0.45	-0.22	0	1.8	3.71496e-06
0.45	-0.18	0	1.8	2.45527e-06
0.45	-0.14	0	1.8	1.69394e-06
0.45	-0.1	0	1.8	0.0230212
0.45	-0.06	0	1.8	0.0323803
0.45	-0.02	0	1.8	0.0477578
0.45	0.02	0	1.8	0.0580398
0.45	0.06	0	1.8	0.0865373
0.45	0.1	0	1.8	0.108273
0.45	0.14	0	1.8	0.14083
0.45	0.18	0	1.8	0.189896
0.45	0.22	0	1.8	0.180864
0.45	0.26	0	1.8	0.226264
0.45	0.3	0	1.8	0.2638
0.45	0.34	0	1.8	0.249588
0.45	0.38	0	1.8	0.245702
0.45	0.42	0	1.8	0.269419
0.45	0.46	0	1.8	0.271611
0.45	0.5	0	1.8	0.228338
0.45	0.54	0	1.8	0.234203
0.45	0.58	0	1.8	0.178038
0.45	0.62	0	1.8	0.164415
0.45	0.66	0	1.8	0.139828
0.45	0.7	0	1.8	0.107079
0.45	0.74	0	1.8	0.0770913
0.45	0.78	0	1.8	0.0668474
0.45	0.82	0	1.8	0.0474318
0.45	0.86	0	1.8	0.032726
0.45	0.9	0	1.8	0.022219
0.45	0.94	0	1.8	0.0166739
0.45	0.98	0	1.8	0.00991521
0.483333	-0.98	0	1.8	0.00716999
0.483333	-0.94	0	1.8	0.0049927
0.483333	-0.9	0	1.8	0.00304547
0.483333	-0.86	0	1.8	0.00222952
0.483333	-0.82	0	1.8	0.00125985
0.483333	-0.78	0	1.8	0.00106215
0.483333	-0.74	0	1.8	0.000693191
0.483333	-0.7	0	1.8	0.000426739
0.483333	-0.66	0	1.8	0.000263555
0.483333	-0.62	0	1.8	0.000210834
0.483333	-0.58	0	1.8	0.00013161
0.483333	-0.54	0	1.8	9.31133e-05
0.483333	-0.5	0	1.8	5.50305e-05
0.483333	-0.46	0	1.8	3.63586e-05
0.483333	-0.42	0	1.8	2.77599e-05
0.483333	-0.38	0	1.8	1.8562e-05
0.483333	-0.34	0	1.8	1.2281e-05
0.483333	-0.3	0	1.8	7.80409e-06
0.483333	-0.26	0	1.8	5.44953e-06
0.483333	-0.22	0	1.8	3.53818e-06
0.483333	-0.18	0	1.8	2.56608e-06
0.483333	-0.14	0	1.8	1.65075e-06
0.483333	-0.1	0	1.8	0.0221001
0.483333	-0.06	0	1.8	0.0315758
0.483333	-0.02	0	1.8	0.0466135
0.483333	0.02	0	1.8	0.0560883
0.483333	0.06	0	1.8	0.0802836
0.483333	0.1	0	1.8	0.1068
0.483333	0.14	0	1.8	0.119755
0.483333	0.18	0	1.8	0.14812
0.483333	0.22	0	1.8	0.180954
0.483333	0.26	0	1.8	0.208997
0.483333	0.3	0	1.8	0.256034
0.483333	0.34	0	1.8	0.242086
0.483333	0.38	0	1.8	0.25207
0.483333	0.42	0	1.8	0.26023
0.483333	0.46	0	1.8	0.247368
0.483333	0.5	0	1.8	0.244396
0.483333	0.54	0	1.8	0.196793
0.483333	0.58	0	1.8	0.187054
0.483333	0.62	0	1.8	0.160318
0.483333	0.66	0	1.8	0.141311
0.483333	0.7	0	1.8	0.10376
0.483333	0.74	0	1.8	0.0823197
0.483333	0.78	0	1.8	0.060187
0.483333	0.82	0	1.8	0.0403776
0.483333	0.86	0	1.8	0.033011
0.483333	0.9	0	1.8	0.0222541
0.483333	0.94	0	1.8	0.0135966
0.483333	0.98	0	1.8	0.00981185
0.516667	-0.98	0	1.8	0.00657277
0.516667	-0.94	0	1.8	0.00449797
0.516667	-0.9	0	1.8	0.0031552
0.516667	-0.86	0	1.8	0.00199409
0.516667	-0.82	0	1.8	0.00136557
0.516667	-0.78	0	1.8	0.000977081
0.516667	-0.74	0	1.8	0.000557383
0.516667	-0.7	0	1.8	0.000426408
0.516667	-0.66	0	1.8	0.00027572
0.516667	-0.62	0	1.8	0.000190191
0.516667	-0.58	0	1.8	0.000126943
0.516667	-0.54	0	1.8	8.50085e-05
0.516667	-0.5	0	1.8	5.71203e-05
0.516667	-0.46	0	1.8	3.83738e-05
0.516667	-0.42	0	1.8	2.71764e-05
0.516667	-0.38	0	1.8	1.83143e-05
0.516667	-0.34	0	1.8	1.20456e-05
0.516667	-0.3	0	1.8	7.69196e-06
0.516667	-0.26	0	1.8	5.39196e-06
0.516667	-0.22	0	1.8	3.75986e-06
0.516667	-0.18	0	1.8	2.38692e-06
0.516667	-0.14	0	1.8	1.53893e-06
0.516667	-0.1	0	1.8	0.0189844
0.516667	-0.06	0	1.8	0.0284855
0.516667	-0.02	0	1.8	0.0409931
0.516667	0.02	0	1.8	0.0517744
0.516667	0.06	0	1.8	0.0803158
0.516667	0.1	0	1.8	0.0957249
0.516667	0.14	0	1.8	0.131082
0.516667	0.18	0	1.8	0.160389
0.516667	0.22	0	1.8	0.188915
0.516667	0.26	0	1.8	0.195199
0.516667	0.3	0	1.8	0.219301
0.516667	0.34	0	1.8	0.241329
0.516667	0.38	0	1.8	0.250016
0.516667	0.42	0	1.8	0.23295
0.516667	0.46	0	1.8	0.242158
0.516667	0.5	0	1.8	0.217734
0.516667	0.54	0	1.8	0.21314
0.516667	0.58	0	1.8	0.190823
0.516667	0.62	0	1.8	0.147341
0.516667	0.66	0	1.8	0.111845
0.516667	0.7	0	1.8	0.0989158
0.516667	0.74	0	1.8	0.0719044
0.516667	0.78	0	1.8	0.055602
0.516667	0.82	0	1.8	0.0412849
0.516667	0.86	0	1.8	0.0290035
0.516667	0.9	0	1.8	0.0181149
0.516667	0.94	0	1.8	0.0133847
0.516667	0.98	0	1.8	0.00932337
0.55	-0.98	0	1.8	0.0065535
0.55	-0.94	0	1.8	0.00402041
0.55	-0.9	0	1.8	0.00281388
0.55	-0.86	0	1.8	0.00195616
0.55	-0.82	0	1.8	0.00125869
0.55	-0.78	0	1.8	0.000831816
0.55	-0.74	0	1.8	0.000614783
0.55	-0.7	0	1.8	0.000375974
0.55	-0.66	0	1.8	0.000268928
0.55	-0.62	0	1.8	0.00018575
0.55	-0.58	0	1.8	0.000122455
0.55	-0.54	0	1.8	8.77505e-05
0.55	-0.5	0	1.8	5.14952e-05
0.55	-0.46	0	1.8	3.5044e-05
0.55	-0.42	0	1.8	2.50088e-05
0.55	-0.38	0	1.8	1.58484e-05
0.55	-0.34	0	1.8	1.17118e-05
0.55	-0.3	0	1.8	8.4188e-06
0.55	-0.26	0	1.8	5.54758e-06
0.55	-0.22	0	1.8	3.40673e-06
0.55	-0.18	0	1.8	2.21418e-06
0.55	-0.14	0	1.8	1.67125e-06
0.55	-0.1	0	1.8	0.0203276
0.55	-0.06	0	1.8	0.0264701
0.55	-0.02	0	1.8	0.0406213
0.55	0.02	0	1.8	0.0529915
0.55	0.06	0	1.8	0.0756966
0.55	0.1	0	1.8	0.0778626
0.55	0.14	0	1.8	0.1208
0.55	0.18	0	1.8	0.127264
0.55	0.22	0	1.8	0.15927
0.55	0.26	0	1.8	0.198088
0.55	0.3	0	1.8	0.202986
0.55	0.34	0	1.8	0.233581
0.55	0.38	0	1.8	0.213612
0.55	0.42	0	1.8	0.232529
0.55	0.46	0	1.8	0.235878
0.55	0.5	0	1.8	0.193595
0.55	0.54	0	1.8	0.194786
0.55	0.58	0	1.8	0.173272
0.55	0.62	0	1.8	0.129749
0.55	0.66	0	1.8	0.114678
0.55	0.7	0	1.8	0.0920782
0.55	0.74	0	1.8	0.0672859
0.55	0.78	0	1.8	0.0487596
0.55	0.82	0	1.8	0.0374144
0.55	0.86	0	1.8	0.0292313
0.55	0.9	0	1.8	0.0197926
0.55	0.94	0	1.8	0.0133303
0.55	0.98	0	1.8	0.0100806
0.583333	-0.98	0	1.8	0.00602051
0.583333	-0.94	0	1.8	0.00383353
0.583333	-0.9	0	1.8	0.00272901
0.583333	-0.86	0	1.8	0.00185728
0.583333	-0.82	0	1.8	0.001257
0.583333	-0.78	0	1.8	0.000728405
0.583333	-0.74	0	1.8	0.000531154
0.583333	-0.7	0	1.8	0.000363317
0.583333	-0.66	0	1.8	0.00026378
0.583333	-0.62	0	1.8	0.000157786
0.583333	-0.58	0	1.8	0.000112722
0.583333	-0.54	0	1.8	7.5469e-05
0.583333	-0.5	0	1.8	4.99333e-05
0.583333	-0.46	0	1.8	3.18651e-05
0.583333	-0.42	0	1.8	2.25819e-05
0.583333	-0.38	0	1.8	1.57275e-05
0.583333	-0.34	0	1.8	1.01599e-05
0.583333	-0.3	0	1.8	6.99526e-06
0.583333	-0.26	0	1.8	4.97141e-06
0.583333	-0.22	0	1.8	3.60534e-06
0.583333	-0.18	0	1.8	2.30529e-06
0.583333	-0.14	0	1.8	1.45905e-06
0.583333	-0.1	0	1.8	0.0170158
0.583333	-0.06	0	1.8	0.0260864
0.583333	-0.02	0	1.8	0.0316494
0.583333	0.02	0	1.8	0.048844
0.583333	0.06	0	1.8	0.0617445
0.583333	0.1	0	1.8	0.0894624
0.583333	0.14	0	1.8	0.108696
0.583333	0.18	0	1.8	0.119358
0.583333	0.22	0	1.8	0.154605
0.583333	0.26	0	1.8	0.147696
0.583333	0.3	0	1.8	0.174431
0.583333	0.34	0	1.8	0.194986
0.583333	0.38	0	1.8	0.180937
0.583333	0.42	0	1.8	0.19376
0.583333	0.46	0	1.8	0.185306
0.583333	0.5	0	1.8	0.189401
0.583333	0.54	0	1.8	0.134054
0.583333	0.58	0	1.8	0.129011
0.583333	0.62	0	1.8	0.126013
0.583333	0.66	0	1.8	0.0999715
0.583333	0.7	0	1.8	0.0799696
0.583333	0.74	0	1.8	0.0637291
0.583333	0.78	0	1.8	0.0457193
0.583333	0.82	0	1.8	0.0351261
0.583333	0.86	0	1.8	0.0239412
0.583333	0.9	0	1.8	0.0171975
0.583333	0.94	0	1.8	0.0118355
0.583333	0.98	0	1.8	0.00898419
0.616667	-0.98	0	1.8	0.00511711
0.616667	-0.94	0	1.8	0.00358475
0.616667	-0.9	0	1.8	0.002432
0.616667	-0.86	0	1.8	0.00156248
0.616667	-0.82	0	1.8	0.00120558
0.616667	-0.78	0	1.8	0.000768632
0.616667	-0.74	0	1.8	0.000490747
0.616667	-0.7	0	1.8	0.000360624
0.616667	-0.66	0	1.8	0.000248673
0.616667	-0.62	0	1.8	0.000149926
0.616667	-0.58	0	1.8	0.000106893
0.616667	-0.54	0	1.8	7.75413e-05
0.616667	-0.5	0	1.8	5.04294e-05
0.616667	-0.46	0	1.8	3.51357e-05
0.616667	-0.42	0	1.8	2.33889e-05
0.616667	-0.38	0	1.8	1.51211e-05
0.616667	-0.34	0	1.8	9.6427e-06
0.616667	-0.3	0	1.8	6.276e-06
0.616667	-0.26	0	1.8	5.01803e-06
0.616667	-0.22	0	1.8	3.39181e-06
0.616667	-0.18	0	1.8	2.14727e-06
0.616667	-0.14	0	1.8	1.57909e-06
0.616667	-0.1	0	1.8	0.0155647
0.616667	-0.06	0	1.8	0.0209441
0.616667	-0.02	0	1.8	0.0320551
0.616667	0.02	0	1.8	0.0417504
0.616667	0.06	0	1.8	0.0542394
0.616667	0.1	0	1.8	0.071603
0.616667	0.14	0	1.8	0.0939257
0.616667	0.18	0	1.8	0.112073
0.616667	0.22	0	1.8	0.125413
0.616667	0.26	0	1.8	0.146503
0.616667	0.3	0	1.8	0.155521
0.616667	0.34	0	1.8	0.163767
0.616667	0.38	0	1.8	0.17269
0.616667	0.42	0	1.8	0.187761
0.616667	0.46	0	1.8	0.163158
0.616667	0.5	0	1.8	0.158951
0.616667	0.54	0	1.8	0.157932
0.616667	0.58	0	1.8	0.129061
0.616667	0.62	0	1.8	0.097001
0.616667	0.66	0	1.8	0.0920282
0.616667	0.7	0	1.8	0.0703512
0.616667	0.74	0	1.8	0.0523161
0.616667	0.78	0	1.8	0.039015
0.616667	0.82	0	1.8	0.0259394
0.616667	0.86	0	1.8	0.0227653
0.616667	0.9	0	1.8	0.0155108
0.616667	0.94	0	1.8	0.0103226
0.616667	0.98	0	1.8	0.00697623
0.65	-0.98	0	1.8	0.00416952
0.65	-0.94	0	1.8	0.00316687
0.65	-0.9	0	1.8	0.00220597
0.65	-0.86	0	1.8	0.00145674
0.65	-0.82	0	1.8	0.00101965
0.65	-0.78	0	1.8	0.000686848
0.65	-0.74	0	1.8	0.000509207
0.65	-0.7	0	1.8	0.000342121
0.65	-0.66	0	1.8	0.000231858
0.65	-0.62	0	1.8	0.000143597
0.65	-0.58	0	1.8	9.63418e-05
0.65	-0.54	0	1.8	7.2672e-05
0.65	-0.5	0	1.8	4.4732e-05
0.65	-0.46	0	1.8	2.94879e-05
0.65	-0.42	0	1.8	2.10111e-05
0.65	-0.38	0	1.8	1.48725e-05
0.65	-0.34	0	1.8	1.07786e-05
0.65	-0.3	0	1.8	6.50414e-06
0.65	-0.26	0	1.8	4.39046e-06
0.65	-0.22	0	1.8	3.24056e-06
0.65	-0.18	0	1.8	2.07759e-06
0.65	-0.14	0	1.8	1.34738e-06
0.65	-0.1	0	1.8	0.013608
0.65	-0.06	0	1.8	0.0184557
0.65	-0.02	0	1.8	0.0221171
0.65	0.02	0	1.8	0.0347217
0.65	0.06	0	1.8	0.0415707
0.65	0.1	0	1.8	0.063313
0.65	0.14	0	1.8	0.0814572
0.65	0.18	0	1.8	0.0956028
0.65	0.22	0	1.8	0.109875
0.65	0.26	0	1.8	0.132548
0.65	0.3	0	1.8	0.127656
0.65	0.34	0	1.8	0.148204
0.65	0.38	0	1.8	0.152504
0.65	0.42	0	1.8	0.144959
0.65	0.46	0	1.8	0.140376
0.65	0.5	0	1.8	0.130591
0.65	0.54	0	1.8	0.129444
0.65	0.58	0	1.8	0.0974508
0.65	0.62	0	1.8	0.0893607
0.65	0.66	0	1.8	0.0725856
0.65	0.7	0	1.8	0.0680029
0.65	0.74	0	1.8	0.0425566
0.65	0.78	0	1.8	0.0365751
0.65	0.82	0	1.8	0.0253937
0.65	0.86	0	1.8	0.0183898
0.65	0.9	0	1.8	0.0123367
0.65	0.94	0	1.8	0.00888421
0.65	0.98	0	1.8	0.00582825
0.683333	-0.98	0	1.8	0.00391838
0.683333	-0.94	0	1.8	0.00264974
0.683333	-0.9	0	1.8	0.00196075
0.683333	-0.86	0	1.8	0.00135881
0.683333	-0.82	0	1.8	0.000873236
0.683333	-0.78	0	1.8	0.000684836
0.683333	-0.74	0	1.8	0.000375283
0.683333	-0.7	0	1.8	0.000291266
0.683333	-0.66	0	1.8	0.00021243
0.683333	-0.62	0	1.8	0.000130592
0.683333	-0.58	0	1.8	9.75439e-05
0.683333	-0.54	0	1.8	6.15655e-05
0.683333	-0.5	0	1.8	4.10468e-05
0.683333	-0.46	0	1.8	2.91059e-05
0.683333	-0.42	0	1.8	1.93814e-05
0.683333	-0.38	0	1.8	1.39466e-05
0.683333	-0.34	0	1.8	9.34593e-06
0.683333	-0.3	0	1.8	6.5659e-06
0.683333	-0.26	0	1.8	3.99512e-06
0.683333	-0.22	0	1.8	2.68056e-06
0.683333	-0.18	0	1.8	2.05538e-06
0.683333	-0.14	0	1.8	1.25073e-06
0.683333	-0.1	0	1.8	0.0109778
0.683333	-0.06	0	1.8	0.0152565
0.683333	-0.02	0	1.8	0.0221542
0.683333	0.02	0	1.8	0.0282143
0.683333	0.06	0	1.8	0.0359287
0.683333	0.1	0	1.8	0.0508513
0.683333	0.14	0	1.8	0.0603635
0.683333	0.18	0	1.8	0.0728509
0.683333	0.22	0	1.8	0.0832002
0.683333	0.26	0	1.8	0.105058
0.683333	0.3	0	1.8	0.113245
0.683333	0.34	0	1.8	0.120129
0.683333	0.38	0	1.8	0.116959
0.683333	0.42	0	1.8	0.129104
0.683333	0.46	0	1.8	0.117518
0.683333	0.5	0	1.8	0.117318
0.683333	0.54	0	1.8	0.0998975
0.683333	0.58	0	1.8	0.0902948
0.683333	0.62	0	1.8	0.0747608
0.683333	0.66	0	1.8	0.0596928
0.683333	0.7	0	1.8	0.0471175
0.683333	0.74	0	1.8	0.0378559
0.683333	0.78	0	1.8	0.0315458
0.683333	0.82	0	1.8	0.0240068
0.683333	0.86	0	1.8	0.0174521
0.683333	0.9	0	1.8	0.0113829
0.683333	0.94	0	1.8	0.0084764
0.683333	0.98	0	1.8	0.0056343
0.716667	-0.98	0	1.8	0.00330859
0.716667	-0.94	0	1.8	0.00231114
0.716667	-0.9	0	1.8	0.00181748
0.716667	-0.86	0	1.8	0.00107369
0.716667	-0.82	0	1.8	0.000879533
0.716667	-0.78	0	1.8	0.000540776
0.716667	-0.74	0	1.8	0.000403856
0.716667	-0.7	0	1.8	0.000286763
0.716667	-0.66	0	1.8	0.000171866
0.716667	-0.62	0	1.8	0.000127332
0.716667	-0.58	0	1.8	8.42454e-05
0.716667	-0.54	0	1.8	5.99454e-05
0.716667	-0.5	0	1.8	3.71784e-05
0.716667	-0.46	0	1.8	2.59723e-05
0.716667	-0.42	0	1.8	1.9352e-05
0.716667	-0.38	0	1.8	1.20387e-05
0.716667	-0.34	0	1.8	8.26106e-06
0.716667	-0.3	0	1.8	5.5417e-06
0.716667	-0.26	0	1.8	3.94929e-06
0.716667	-0.22	0	1.8	2.58151e-06
0.716667	-0.18	0	1.8	1.8109e-06
0.716667	-0.14	0	1.8	1.31524e-06
0.716667	-0.1	0	1.8	0.0099553
0.716667	-0.06	0	1.8	0.0135386
0.716667	-0.02	0	1.8	0.0170685
0.716667	0.02	0	1.8	0.0241464
0.716667	0.06	0	1.8	0.0294511
0.716667	0.1	0	1.8	0.0401573
0.716667	0.14	0	1.8	0.0486423
0.716667	0.18	0	1.8	0.0594241
0.716667	0.22	0	1.8	0.0685695
0.716667	0.26	0	1.8	0.0969083
0.716667	0.3	0	1.8	0.0945734
0.716667	0.34	0	1.8	0.104651
0.716667	0.38	0	1.8	0.102723
0.716667	0.42	0	1.8	0.106378
0.716667	0.46	0	1.8	0.0922767
0.716667	0.5	0	1.8	0.0998642
0.716667	0.54	0	1.8	0.0861407
0.716667	0.58	0	1.8	0.0727569
0.716667	0.62	0	1.8	0.0638587
0.716667	0.66	0	1.8	0.0539255
0.716667	0.7	0	1.8	0.0400118
0.716667	0.74	0	1.8	0.0293378
0.716667	0.78	0	1.8	0.0256125
0.716667	0.82	0	1.8	0.0173261
0.716667	0.86	0	1.8	0.0136333
0.716667	0.9	0	1.8	0.00940604
0.716667	0.94	0	1.8	0.00664777
0.716667	0.98	0	1.8	0.00449741
0.75	-0.98	0	1.8	0.00292533
0.75	-0.94	0	1.8	0.00212518
0.75	-0.9	0	1.8	0.00152891
0.75	-0.86	0	1.8	0.00111245
0.75	-0.82	0	1.8	0.000692855
0.75	-0.78	0	1.8	0.000505368
0.75	-0.74	0	1.8	0.000343414
0.75	-0.7	0	1.8	0.000237738
0.75	-0.66	0	1.8	0.000154919
0.75	-0.62	0	1.8	9.764e-05
0.75	-0.58	0	1.8	7.32293e-05
0.75	-0.54	0	1.8	5.21852e-05
0.75	-0.5	0	1.8	3.29862e-05
0.75	-0.46	0	1.8	2.54861e-05
0.75	-0.42	0	1.8	1.76163e-05
0.75	-0.38	0	1.8	1.03777e-05
0.75	-0.34	0	1.8	7.8895e-06
0.75	-0.3	0	1.8	5.51403e-06
0.75	-0.26	0	1.8	3.73317e-06
0.75	-0.22	0	1.8	2.7072e-06
0.75	-0.18	0	1.8	1.66048e-06
0.75	-0.14	0	1.8	1.10584e-06
0.75	-0.1	0	1.8	0.00768852
0.75	-0.06	0	1.8	0.0112997
0.75	-0.02	0	1.8	0.0146665
0.75	0.02	0	1.8	0.0190595
0.75	0.06	0	1.8	0.025218
0.75	0.1	0	1.8	0.0315976
0.75	0.14	0	1.8	0.040374
0.75	0.18	0	1.8	0.0494719
0.75	0.22	0	1.8	0.0590675
0.75	0.26	0	1.8	0.0650274
0.75	0.3	0	1.8	0.0760381
0.75	0.34	0	1.8	0.0709119
0.75	0.38	0	1.8	0.0857821
0.75	0.42	0	1.8	0.0791166
0.75	0.46	0	1.8	0.0745556
0.75	0.5	0	1.8	0.0700075
0.75	0.54	0	1.8	0.067638
0.75	0.58	0	1.8	0.0576116
0.75	0.62	0	1.8	0.0492952
0.75	0.66	0	1.8	0.0392079
0.75	0.7	0	1.8	0.0348744
0.75	0.74	0	1.8	0.0260433
0.75	0.78	0	1.8	0.0210288
0.75	0.82	0	1.8	0.0160431
0.75	0.86	0	1.8	0.0122021
0.75	0.9	0	1.8	0.00765984
0.75	0.94	0	1.8	0.00605708
0.75	0.98	0	1.8	0.00368502
0.783333	-0.98	0	1.8	0.00262439
0.783333	-0.94	0	1.8	0.00182217
0.783333	-0.9	0	1.8	0.00126138
0.783333	-0.86	0	1.8	0.000887265
0.783333	-0.82	0	1.8	0.00061693
0.783333	-0.78	0	1.8	0.000430379
0.783333	-0.74	0	1.8	0.000275636
0.783333	-0.7	0	1.8	0.000216356
0.783333	-0.66	0	1.8	0.000151135
0.783333	-0.62	0	1.8	8.82988e-05
0.783333	-0.58	0	1.8	6.59112e-05
0.783333	-0.54	0	1.8	5.06568e-05
0.783333	-0.5	0	1.8	3.29086e-05
0.783333	-0.46	0	1.8	2.33289e-05
0.783333	-0.42	0	1.8	1.53644e-05
0.783333	-0.38	0	1.8	1.16382e-05
0.783333	-0.34	0	1.8	7.33872e-06
0.783333	-0.3	0	1.8	5.27689e-06
0.783333	-0.26	0	1.8	3.87385e-06
0.783333	-0.22	0	1.8	2.18342e-06
0.783333	-0.18	0	1.8	1.55471e-06
0.783333	-0.14	0	1.8	1.0086e-06
0.783333	-0.1	0	1.8	0.00650904
0.783333	-0.06	0	1.8	0.00872965
0.783333	-0.02	0	1.8	0.0118516
0.783333	0.02	0	1.8	0.0157806
0.783333	0.06	0	1.8	0.0201937
0.783333	0.1	0	1.8	0.0266981
0.783333	0.14	0	1.8	0.0293732
0.783333	0.18	0	1.8	0.0394394
0.783333	0.22	0	1.8	0.0426771
0.783333	0.26	0	1.8	0.0526293
0.783333	0.3	0	1.8	0.0574348
0.783333	0.34	0	1.8	0.0637298
0.783333	0.38	0	1.8	0.0609214
0.783333	0.42	0	1.8	0.0656422
0.783333	0.46	0	1.8	0.0576396
0.783333	0.5	0	1.8	0.0584531
0.783333	0.54	0	1.8	0.0509673
0.783333	0.58	0	1.8	0.0465716
0.783333	0.62	0	1.8	0.0376404
0.783333	0.66	0	1.8	0.0323565
0.783333	0.7	0	1.8	0.0249368
0.783333	0.74	0	1.8	0.0196816
0.783333	0.78	0	1.8	0.0153281
0.783333	0.82	0	1.8	0.0131827
0.783333	0.86	0	1.8	0.0100134
0.783333	0.9	0	1.8	0.00679307
0.783333	0.94	0	1.8	0.00502219
0.783333	0.98	0	1.8	0.00352702
0.816667	-0.98	0	1.8	0.00211897
0.816667	-0.94	0	1.8	0.00133135
0.816667	-0.9	0	1.8	0.00108885
0.816667	-0.86	0	1.8	0.000741375
0.816667	-0.82	0	1.8	0.000535744
0.816667	-0.78	0	1.8	0.000367943
0.816667	-0.74	0	1.8	0.000260959
0.816667	-0.7	0	1.8	0.000193528
0.816667	-0.66	0	1.8	0.000133555
0.816667	-0.62	0	1.8	9.06713e-05
0.816667	-0.58	0	1.8	6.31165e-05
0.816667	-0.54	0	1.8	4.02621e-05
0.816667	-0.5	0	1.8	2.65938e-05
0.816667	-0.46	0	1.8	1.91977e-05
0.816667	-0.42	0	1.8	1.31271e-05
0.816667	-0.38	0	1.8	9.62722e-06
0.816667	-0.34	0	1.8	6.203e-06
0.816667	-0.3	0	1.8	4.50459e-06
0.816667	-0.26	0	1.8	2.77908e-06
0.816667	-0.22	0	1.8	2.01888e-06
0.816667	-0.18	0	1.8	1.46475e-06
0.816667	-0.14	0	1.8	9.13495e-07
0.816667	-0.1	0	1.8	0.00519171
0.816667	-0.06	0	1.8	0.00723766
0.816667	-0.02	0	1.8	0.00873851
0.816667	0.02	0	1.8	0.0126239
0.816667	0.06	0	1.8	0.0174625
0.816667	0.1	0	1.8	0.0202162
0.816667	0.14	0	1.8	0.0244942
0.816667	0.18	0	1.8	0.033107
0.816667	0.22	0	1.8	0.0351483
0.816667	0.26	0	1.8	0.0390073
0.816667	0.3	0	1.8	0.041825
0.816667	0.34	0	1.8	0.0437675
0.816667	0.38	0	1.8	0.0475984
0.816667	0.42	0	1.8	0.0475984
0.816667	0.46	0	1.8	0.047249
0.816667	0.5	0	1.8	0.0380934
0.816667	0.54	0	1.8	0.0361807
0.816667	0.58	0	1.8	0.0352729
0.816667	0.62	0	1.8	0.0303303
0.816667	0.66	0	1.8	0.0258303
0.816667	0.7	0	1.8	0.0197814
0.816667	0.74	0	1.8	0.0156759
0.816667	0.78	0	1.8	0.0123544
0.816667	0.82	0	1.8	0.0095986
0.816667	0.86	0	1.8	0.00741925
0.816667	0.9	0	1.8	0.00569351
0.816667	0.94	0	1.8	0.00380393
0.816667	0.98	0	1.8	0.00273879
0.85	-0.98	0	1.8	0.00191942
0.85	-0.94	0	1.8	0.00119884
0.85	-0.9	0	1.8	0.000853441
0.85	-0.86	0	1.8	0.000699631
0.85	-0.82	0	1.8	0.000455802
0.85	-0.78	0	1.8	0.000317222
0.85	-0.74	0	1.8	0.000209399
0.85	-0.7	0	1.8	0.00016524
0.85	-0.66	0	1.8	0.000107926
0.85	-0.62	0	1.8	7.6235e-05
0.85	-0.58	0	1.8	4.95235e-05
0.85	-0.54	0	1.8	3.77266e-05
0.85	-0.5	0	1.8	2.63529e-05
0.85	-0.46	0	1.8	1.6803e-05
0.85	-0.42	0	1.8	1.23501e-05
0.85	-0.38	0	1.8	7.92803e-06
0.85	-0.34	0	1.8	6.32011e-06
0.85	-0.3	0	1.8	4.12387e-06
0.85	-0.26	0	1.8	2.52734e-06
0.85	-0.22	0	1.8	1.63711e-06
0.85	-0.18	0	1.8	1.22157e-06
0.85	-0.14	0	1.8	8.67495e-07
0.85	-0.1	0	1.8	0.00398589
0.85	-0.06	0	1.8	0.00545552
0.85	-0.02	0	1.8	0.00820705
0.85	0.02	0	1.8	0.0095995
0.85	0.06	0	1.8	0.0131531
0.85	0.1	0	1.8	0.0156214
0.85	0.14	0	1.8	0.0197465
0.85	0.18	0	1.8	0.0225493
0.85	0.22	0	1.8	0.0250428
0.85	0.26	0	1.8	0.0307313
0.85	0.3	0	1.8	0.0312465
0.85	0.34	0	1.8	0.0336235
0.85	0.38	0	1.8	0.0317355
0.85	0.42	0	1.8	0.0343052
0.85	0.46	0	1.8	0.0368613
0.85	0.5	0	1.8	0.0327679
0.85	0.54	0	1.8	0.0276369
0.85	0.58	0	1.8	0.0275944
0.85	0.62	0	1.8	0.0233634
0.85	0.66	0	1.8	0.0189949
0.85	0.7	0	1.8	0.0151175
0.85	0.74	0	1.8	0.0126593
0.85	0.78	0	1.8	0.0100583
0.85	0.82	0	1.8	0.00757994
0.85	0.86	0	1.8	0.00618154
0.85	0.9	0	1.8	0.00490452
0.85	0.94	0	1.8	0.00344191
0.85	0.98	0	1.8	0.00234068
0.883333	-0.98	0	1.8	0.00148649
0.883333	-0.94	0	1.8	0.00109273
0.883333	-0.9	0	1.8	0.000725691
0.883333	-0.86	0	1.8	0.000461833
0.883333	-0.82	0	1.8	0.000378755
0.883333	-0.78	0	1.8	0.000256472
0.883333	-0.74	0	1.8	0.000191647
0.883333	-0.7	0	1.8	0.000140784
0.883333	-0.66	0	1.8	0.000103893
0.883333	-0.62	0	1.8	6.62963e-05
0.883333	-0.58	0	1.8	4.74067e-05
0.883333	-0.54	0	1.8	3.34456e-05
0.883333	-0.5	0	1.8	2.25781e-05
0.883333	-0.46	0	1.8	1.65229e-05
0.883333	-0.42	0	1.8	1.0085e-05
0.883333	-0.38	0	1.8	7.56522e-06
0.883333	-0.34	0	1.8	5.03e-06
0.883333	-0.3	0	1.8	3.6347e-06
0.883333	-0.26	0	1.8	2.40221e-06
0.883333	-0.22	0	1.8	1.50075e-06
0.883333	-0.18	0	1.8	1.06455e-06
0.883333	-0.14	0	1.8	7.64462e-07
0.883333	-0.1	0	1.8	0.00347059
0.883333	-0.06	0	1.8	0.004846
0.883333	-0.02	0	1.8	0.0060352
0.883333	0.02	0	1.8	0.00799047
0.883333	0.06	0	1.8	0.00966167
0.883333	0.1	0	1.8	0.0121248
0.883333	0.14	0	1.8	0.0152572
0.883333	0.18	0	1.8	0.0171976
0.883333	0.22	0	1.8	0.0194972
0.883333	0.26	0	1.8	0.0205599
0.883333	0.3	0	1.8	0.02491
0.883333	0.34	0	1.8	0.0238572
0.883333	0.38	0	1.8	0.0255393
0.883333	0.42	0	1.8	0.02897
0.883333	0.46	0	1.8	0.0252443
0.883333	0.5	0	1.8	0.0232551
0.883333	0.54	0	1.8	0.0227912
0.883333	0.58	0	1.8	0.0195681
0.883333	0.62	0	1.8	0.0163992
0.883333	0.66	0	1.8	0.0152053
0.883333	0.7	0	1.8	0.0125533
0.883333	0.74	0	1.8	0.00931538
0.883333	0.78	0	1.8	0.00782571
0.883333	0.82	0	1.8	0.00539316
0.883333	0.86	0	1.8	0.00450103
0.883333	0.9	0	1.8	0.00349547
0.883333	0.94	0	1.8	0.00262482
0.883333	0.98	0	1.8	0.00199176
0.916667	-0.98	0	1.8	0.00121514
0.916667	-0.94	0	1.8	0.000827855
0.916667	-0.9	0	1.8	0.000641966
0.916667	-0.86	0	1.8	0.000396006
0.916667	-0.82	0	1.8	0.000327854
0.916667	-0.78	0	1.8	0.000224599
0.916667	-0.74	0	1.8	0.000155734
0.916667	-0.7	0	1.8	0.000105809
0.916667	-0.66	0	1.8	8.50819e-05
0.916667	-0.62	0	1.8	5.69793e-05
0.916667	-0.58	0	1.8	4.09388e-05
0.916667	-0.54	0	1.8	2.85144e-05
0.916667	-0.5	0	1.8	2.0156e-05
0.916667	-0.46	0	1.8	1.4356e-05
0.916667	-0.42	0	1.8	9.59317e-06
0.916667	-0.38	0	1.8	6.50435e-06
0.916667	-0.34	0	1.8	4.44812e-06
0.916667	-0.3	0	1.8	3.02534e-06
0.916667	-0.26	0	1.8	1.88601e-06
0.916667	-0.22	0	1.8	1.41847e-06
0.916667	-0.18	0	1.8	9.74651e-07
0.916667	-0.14	0	1.8	7.4814e-07
0.916667	-0.1	0	1.8	0.00274854
0.916667	-0.06	0	1.8	0.00366264
0.916667	-0.02	0	1.8	0.00458018
0.916667	0.02	0	1.8	0.00567739
0.916667	0.06	0	1.8	0.00749722
0.916667	0.1	0	1.8	0.00881115
0.916667	0.14	0	1.8	0.0103589
0.916667	0.18	0	1.8	0.0133733
0.916667	0.22	0	1.8	0.0140297
0.916667	0.26	0	1.8	0.0172879
0.916667	0.3	0	1.8	0.0177989
0.916667	0.34	0	1.8	0.0165371
0.916667	0.38	0	1.8	0.0185628
0.916667	0.42	0	1.8	0.0198236
0.916667	0.46	0	1.8	0.0200078
0.916667	0.5	0	1.8	0.0164496
0.916667	0.54	0	1.8	0.0158128
0.916667	0.58	0	1.8	0.013766
0.916667	0.62	0	1.8	0.0130516
0.916667	0.66	0	1.8	0.0106716
0.916667	0.7	0	1.8	0.00887618
0.916667	0.74	0	1.8	0.00699387
0.916667	0.78	0	1.8	0.00574094
0.916667	0.82	0	1.8	0.00532966
0.916667	0.86	0	1.8	0.00384319
0.916667	0.9	0	1.8	0.00285691
0.916667	0.94	0	1.8	0.00202969
0.916667	0.98	0	1.8	0.00145436
0.95	-0.98	0	1.8	0.00100493
0.95	-0.94	0	1.8	0.000654648
0.95	-0.9	0	1.8	0.000510418
0.95	-0.86	0	1.8	0.000380736
0.95	-0.82	0	1.8	0.00022923
0.95	-0.78	0	1.8	0.000190694
0.95	-0.74	0	1.8	0.000130657
0.95	-0.7	0	1.8	9.48163e-05
0.95	-0.66	0	1.8	6.77617e-05
0.95	-0.62	0	1.8	5.20594e-05
0.95	-0.58	0	1.8	3.56921e-05
0.95	-0.54	0	1.8	2.32602e-05
0.95	-0.5	0	1.8	1.54451e-05
0.95	-0.46	0	1.8	1.14158e-05
0.95	-0.42	0	1.8	8.65507e-06
0.95	-0.38	0	1.8	5.56949e-06
0.95	-0.34	0	1.8	3.65234e-06
0.95	-0.3	0	1.8	2.73418e-06
0.95	-0.26	0	1.8	1.79556e-06
0.95	-0.22	0	1.8	1.36503e-06
0.95	-0.18	0	1.8	9.11815e-07
0.95	-0.14	0	1.8	6.47403e-07
0.95	-0.1	0	1.8	0.00212856
0.95	-0.06	0	1.8	0.00285325
0.95	-0.02	0	1.8	0.00339607
0.95	0.02	0	1.8	0.00439665
0.95	0.06	0	1.8	0.00625791
0.95	0.1	0	1.8	0.00666457
0.95	0.14	0	1.8	0.00754487
0.95	0.18	0	1.8	0.0101097
0.95	0.22	0	1.8	0.0115365
0.95	0.26	0	1.8	0.0114561
0.95	0.3	0	1.8	0.0133255
0.95	0.34	0	1.8	0.0134317
0.95	0.38	0	1.8	0.0157516
0.95	0.42	0	1.8	0.0135013
0.95	0.46	0	1.8	0.0120885
0.95	0.5	0	1.8	0.0142201
0.95	0.54	0	1.8	0.0126278
0.95	0.58	0	1.8	0.0112636
0.95	0.62	0	1.8	0.00942661
0.95	0.66	0	1.8	0.00807125
0.95	0.7	0	1.8	0.00710561
0.95	0.74	0	1.8	0.00601645
0.95	0.78	0	1.8	0.00426686
0.95	0.82	0	1.8	0.0032803
0.95	0.86	0	1.8	0.00277288
0.95	0.9	0	1.8	0.00216727
0.95	0.94	0	1.8	0.00157874
0.95	0.98	0	1.8	0.00121062
0.983333	-0.98	0	1.8	0.000800417
0.983333	-0.94	0	1.8	0.000548751
0.983333	-0.9	0	1.8	0.000415439
0.983333	-0.86	0	1.8	0.000302448
0.983333	-0.82	0	1.8	0.000220279
0.983333	-0.78	0	1.8	0.000161725
0.983333	-0.74	0	1.8	0.000118074
0.983333	-0.7	0	1.8	8.20004e-05
0.983333	-0.66	0	1.8	5.76716e-05
0.983333	-0.62	0	1.8	4.06826e-05
0.983333	-0.58	0	1.8	2.86951e-05
0.983333	-0.54	0	1.8	2.16384e-05
0.983333	-0.5	0	1.8	1.6509e-05
0.983333	-0.46	0	1.8	9.19054e-06
0.983333	-0.42	0	1.8	6.6569e-06
0.983333	-0.38	0	1.8	4.92823e-06
0.983333	-0.34	0	1.8	3.40705e-06
0.983333	-0.3	0	1.8	2.24793e-06
0.983333	-0.26	0	1.8	1.69552e-06
0.983333	-0.22	0	1.8	1.07545e-06
0.983333	-0.18	0	1.8	8.11525e-07
0.983333	-0.14	0	1.8	5.67972e-07
0.983333	-0.1	0	1.8	0.0017571
0.983333	-0.06	0	1.8	0.00209857
0.983333	-0.02	0	1.8	0.00271412
0.983333	0.02	0	1.8	0.00356784
0.983333	0.06	0	1.8	0.004238
0.983333	0.1	0	1.8	0.0050113
0.983333	0.14	0	1.8	0.00587362
0.983333	0.18	0	1.8	0.00711914
0.983333	0.22	0	1.8	0.00730521
0.983333	0.26	0	1.8	0.00863592
0.983333	0.3	0	1.8	0.00985231
0.983333	0.34	0	1.8	0.00947936
0.983333	0.38	0	1.8	0.010179
0.983333	0.42	0	1.8	0.0102161
0.983333	0.46	0	1.8	0.010601
0.983333	0.5	0	1.8	0.0094747
0.983333	0.54	0	1.8	0.00971541
0.983333	0.58	0	1.8	0.00762034
0.983333	0.62	0	1.8	0.00658899
0.983333	0.66	0	1.8	0.00593889
0.983333	0.7	0	1.8	0.00521322
0.983333	0.74	0	1.8	0.00422281
0.983333	0.78	0	1.8	0.00337032
0.983333	0.82	0	1.8	0.00279308
0.983333	0.86	0	1.8	0.00225402
0.983333	0.9	0	1.8	0.00151557
0.983333	0.94	0	1.8	0.00132514
0.983333	0.98	0	1.8	0.00101263
