-0.983333	-0.98	0	2	0.0020569
-0.983333	-0.94	0	2	0.00155019
-0.983333	-0.9	0	2	0.0011852
-0.983333	-0.86	0	2	0.000830466
-0.983333	-0.82	0	2	0.000627202
-0.983333	-0.78	0	2	0.00040831
-0.983333	-0.74	0	2	0.000272789
-0.983333	-0.7	0	2	0.000245588
-0.983333	-0.66	0	2	0.000166198
-0.983333	-0.62	0	2	0.000118954
-0.983333	-0.58	0	2	7.72046e-05
-0.983333	-0.54	0	2	6.11794e-05
-0.983333	-0.5	0	2	4.41438e-05
-0.983333	-0.46	0	2	2.9466e-05
-0.983333	-0.42	0	2	1.95684e-05
-0.983333	-0.38	0	2	1.36249e-05
-0.983333	-0.34	0	2	9.26355e-06
-0.983333	-0.3	0	2	7.42689e-06
-0.983333	-0.26	0	2	4.57842e-06
-0.983333	-0.22	0	2	3.21558e-06
-0.983333	-0.18	0	2	2.10691e-06
-0.983333	-0.14	0	2	1.79273e-06
-0.983333	-0.1	0	2	1.06275e-06
-0.983333	-0.06	0	2	7.05842e-07
-0.983333	-0.02	0	2	4.90263e-07
-0.983333	0.02	0	2	0.00255147
-0.983333	0.06	0	2	0.00380271
-0.983333	0.1	0	2	0.00466773
-0.983333	0.14	0	2	0.00569828
-0.983333	0.18	0	2	0.00820845
-0.983333	0.22	0	2	0.00793571
-0.983333	0.26	0	2	0.0100744
-0.983333	0.3	0	2	0.0113589
-0.983333	0.34	0	2	0.0134885
-0.983333	0.38	0	2	0.0139634
-0.983333	0.42	0	2	0.0175859
-0.983333	0.46	0	2	0.0160066
-0.983333	0.5	0	2	0.0172943
-0.983333	0.54	0	2	0.0169074
-0.983333	0.58	0	2	0.0146659
-0.983333	0.62	0	2	0.0152609
-0.983333	0.66	0	2	0.0142161
-0.983333	0.7	0	2	0.0120503
-0.983333	0.74	0	2	0.00947925
-0.983333	0.78	0	2	0.00911534
-0.983333	0.82	0	2	0.00700219
-0.983333	0.86	0	2	0.00557957
-0.983333	0.9	0	2	0.00449834
-0.983333	0.94	0	2	0.00355311
-0.983333	0.98	0	2	0.0030708
-0.95	-0.98	0	2	0.00158237
-0.95	-0.94	0	2	0.00119242
-0.95	-0.9	0	2	0.000885457
-0.95	-0.86	0	2	0.000671318
-0.95	-0.82	0	2	0.000546412
-0.95	-0.78	0	2	0.00035941
-0.95	-0.74	0	2	0.000268592
-0.95	-0.7	0	2	0.000196958
-0.95	-0.66	0	2	0.000130405
-0.95	-0.62	0	2	0.000100089
-0.95	-0.58	0	2	6.82393e-05
-0.95	-0.54	0	2	4.97667e-05
-0.95	-0.5	0	2	3.65708e-05
-0.95	-0.46	0	2	2.62312e-05
-0.95	-0.42	0	2	1.79613e-05
-0.95	-0.38	0	2	1.21576e-05
-0.95	-0.34	0	2	7.67409e-06
-0.95	-0.3	0	2	5.92574e-06
-0.95	-0.26	0	2	4.45379e-06
-0.95	-0.22	0	2	3.01648e-06
-0.95	-0.18	0	2	1.99765e-06
-0.95	-0.14	0	2	1.22274e-06
-0.95	-0.1	0	2	9.36103e-07
-0.95	-0.06	0	2	6.92616e-07
-0.95	-0.02	0	2	4.54368e-07
-0.95	0.02	0	2	0.00216399
-0.95	0.06	0	2	0.00289275
-0.95	0.1	0	2	0.00330036
-0.95	0.14	0	2	0.00412856
-0.95	0.18	0	2	0.00489668
-0.95	0.22	0	2	0.00641429
-0.95	0.26	0	2	0.00776471
-0.95	0.3	0	2	0.0083069
-0.95	0.34	0	2	0.0104375
-0.95	0.38	0	2	0.0102948
-0.95	0.42	0	2	0.0107809
-0.95	0.46	0	2	0.0120966
-0.95	0.5	0	2	0.0123165
-0.95	0.54	0	2	0.0128052
-0.95	0.58	0	2	0.0128691
-0.95	0.62	0	2	0.010703
-0.95	0.66	0	2	0.00985995
-0.95	0.7	0	2	0.00900219
-0.95	0.74	0	2	0.00785978
-0.95	0.78	0	2	0.00660216
-0.95	0.82	0	2	0.00514152
-0.95	0.86	0	2	0.00456314
-0.95	0.9	0	2	0.00347407
-0.95	0.94	0	2	0.00268775
-0.95	0.98	0	2	0.00201383
-0.916667	-0.98	0	2	0.00131367
-0.916667	-0.94	0	2	0.000978059
-0.916667	-0.9	0	2	0.000768922
-0.916667	-0.86	0	2	0.000552207
-0.916667	-0.82	0	2	0.000424667
-0.916667	-0.78	0	2	0.000309965
-0.916667	-0.74	0	2	0.000212838
-0.916667	-0.7	0	2	0.000165768
-0.916667	-0.66	0	2	0.000110146
-0.916667	-0.62	0	2	7.53486e-05
-0.916667	-0.58	0	2	6.17055e-05
-0.916667	-0.54	0	2	4.51495e-05
-0.916667	-0.5	0	2	3.0288e-05
-0.916667	-0.46	0	2	2.08797e-05
-0.916667	-0.42	0	2	1.47692e-05
-0.916667	-0.38	0	2	1.07618e-05
-0.916667	-0.34	0	2	7.84055e-06
-0.916667	-0.3	0	2	5.24539e-06
-0.916667	-0.26	0	2	3.09619e-06
-0.916667	-0.22	0	2	2.5742e-06
-0.916667	-0.18	0	2	1.86544e-06
-0.916667	-0.14	0	2	1.24831e-06
-0.916667	-0.1	0	2	8.67022e-07
-0.916667	-0.06	0	2	5.54089e-07
-0.916667	-0.02	0	2	3.72418e-07
-0.916667	0.02	0	2	0.00142724
-0.916667	0.06	0	2	0.0023427
-0.916667	0.1	0	2	0.00268759
-0.916667	0.14	0	2	0.00336229
-0.916667	0.18	0	2	0.0037492
-0.916667	0.22	0	2	0.00470797
-0.916667	0.26	0	2	0.00554563
-0.916667	0.3	0	2	0.00577165
-0.916667	0.34	0	2	0.00653408
-0.916667	0.38	0	2	0.00781586
-0.916667	0.42	0	2	0.00869776
-0.916667	0.46	0	2	0.00857039
-0.916667	0.5	0	2	0.00887089
-0.916667	0.54	0	2	0.00912213
-0.916667	0.58	0	2	0.00855634
-0.916667	0.62	0	2	0.00794833
-0.916667	0.66	0	2	0.00680633
-0.916667	0.7	0	2	0.00655379
-0.916667	0.74	0	2	0.00580412
-0.916667	0.78	0	2	0.00452766
-0.916667	0.82	0	2	0.00436849
-0.916667	0.86	0	2	0.00359559
-0.916667	0.9	0	2	0.00282031
-0.916667	0.94	0	2	0.00223741
-0.916667	0.98	0	2	0.00183209
-0.883333	-0.98	0	2	0.00104702
-0.883333	-0.94	0	2	0.000786197
-0.883333	-0.9	0	2	0.000506529
-0.883333	-0.86	0	2	0.000432563
-0.883333	-0.82	0	2	0.000328514
-0.883333	-0.78	0	2	0.000216262
-0.883333	-0.74	0	2	0.000166491
-0.883333	-0.7	0	2	0.000144389
-0.883333	-0.66	0	2	9.1147e-05
-0.883333	-0.62	0	2	6.78468e-05
-0.883333	-0.58	0	2	5.36811e-05
-0.883333	-0.54	0	2	3.37487e-05
-0.883333	-0.5	0	2	2.42657e-05
-0.883333	-0.46	0	2	1.73065e-05
-0.883333	-0.42	0	2	1.26145e-05
-0.883333	-0.38	0	2	8.78837e-06
-0.883333	-0.34	0	2	6.75333e-06
-0.883333	-0.3	0	2	3.89946e-06
-0.883333	-0.26	0	2	3.2006e-06
-0.883333	-0.22	0	2	2.32365e-06
-0.883333	-0.18	0	2	1.46383e-06
-0.883333	-0.14	0	2	1.0653e-06
-0.883333	-0.1	0	2	6.94484e-07
-0.883333	-0.06	0	2	4.83272e-07
-0.883333	-0.02	0	2	3.52975e-07
-0.883333	0.02	0	2	0.00115476
-0.883333	0.06	0	2	0.00168648
-0.883333	0.1	0	2	0.00184848
-0.883333	0.14	0	2	0.00237926
-0.883333	0.18	0	2	0.00277993
-0.883333	0.22	0	2	0.00348262
-0.883333	0.26	0	2	0.00424931
-0.883333	0.3	0	2	0.00465123
-0.883333	0.34	0	2	0.00510299
-0.883333	0.38	0	2	0.00556477
-0.883333	0.42	0	2	0.00607768
-0.883333	0.46	0	2	0.00657801
-0.883333	0.5	0	2	0.00685047
-0.883333	0.54	0	2	0.00636496
-0.883333	0.58	0	2	0.00607768
-0.883333	0.62	0	2	0.00551659
-0.883333	0.66	0	2	0.00558899
-0.883333	0.7	0	2	0.00512625
-0.883333	0.74	0	2	0.004284
-0.883333	0.78	0	2	0.00348262
-0.883333	0.82	0	2	0.00303037
-0.883333	0.86	0	2	0.00229651
-0.883333	0.9	0	2	0.00227699
-0.883333	0.94	0	2	0.00155882
-0.883333	0.98	0	2	0.00119713
-0.85	-0.98	0	2	0.000860965
-0.85	-0.94	0	2	0.000612875
-0.85	-0.9	0	2	0.000517216
-0.85	-0.86	0	2	0.000322148
-0.85	-0.82	0	2	0.000246677
-0.85	-0.78	0	2	0.000184864
-0.85	-0.74	0	2	0.000129137
-0.85	-0.7	0	2	0.000102024
-0.85	-0.66	0	2	7.45806e-05
-0.85	-0.62	0	2	5.28085e-05
-0.85	-0.58	0	2	4.03829e-05
-0.85	-0.54	0	2	3.1495e-05
-0.85	-0.5	0	2	2.10867e-05
-0.85	-0.46	0	2	1.44899e-05
-0.85	-0.42	0	2	1.05246e-05
-0.85	-0.38	0	2	7.30192e-06
-0.85	-0.34	0	2	5.09221e-06
-0.85	-0.3	0	2	3.68076e-06
-0.85	-0.26	0	2	2.70653e-06
-0.85	-0.22	0	2	1.76629e-06
-0.85	-0.18	0	2	1.34783e-06
-0.85	-0.14	0	2	8.73011e-07
-0.85	-0.1	0	2	6.70568e-07
-0.85	-0.06	0	2	4.15329e-07
-0.85	-0.02	0	2	2.97009e-07
-0.85	0.02	0	2	0.000967706
-0.85	0.06	0	2	0.00122312
-0.85	0.1	0	2	0.00167663
-0.85	0.14	0	2	0.00189367
-0.85	0.18	0	2	0.00244386
-0.85	0.22	0	2	0.00270896
-0.85	0.26	0	2	0.00352017
-0.85	0.3	0	2	0.00360434
-0.85	0.34	0	2	0.00432582
-0.85	0.38	0	2	0.00393091
-0.85	0.42	0	2	0.00465531
-0.85	0.46	0	2	0.0044419
-0.85	0.5	0	2	0.00502135
-0.85	0.54	0	2	0.0048457
-0.85	0.58	0	2	0.00434001
-0.85	0.62	0	2	0.00408815
-0.85	0.66	0	2	0.00402028
-0.85	0.7	0	2	0.00296743
-0.85	0.74	0	2	0.00330335
-0.85	0.78	0	2	0.00286312
-0.85	0.82	0	2	0.00222932
-0.85	0.86	0	2	0.00179278
-0.85	0.9	0	2	0.00158136
-0.85	0.94	0	2	0.00123848
-0.85	0.98	0	2	0.00102056
-0.816667	-0.98	0	2	0.000613365
-0.816667	-0.94	0	2	0.000463575
-0.816667	-0.9	0	2	0.000335821
-0.816667	-0.86	0	2	0.000274861
-0.816667	-0.82	0	2	0.000219374
-0.816667	-0.78	0	2	0.000153219
-0.816667	-0.74	0	2	0.000126704
-0.816667	-0.7	0	2	9.05985e-05
-0.816667	-0.66	0	2	6.82048e-05
-0.816667	-0.62	0	2	4.24184e-05
-0.816667	-0.58	0	2	2.83468e-05
-0.816667	-0.54	0	2	2.42326e-05
-0.816667	-0.5	0	2	1.63686e-05
-0.816667	-0.46	0	2	1.3767e-05
-0.816667	-0.42	0	2	9.79942e-06
-0.816667	-0.38	0	2	6.58024e-06
-0.816667	-0.34	0	2	4.61302e-06
-0.816667	-0.3	0	2	3.02455e-06
-0.816667	-0.26	0	2	2.28328e-06
-0.816667	-0.22	0	2	1.4484e-06
-0.816667	-0.18	0	2	1.17826e-06
-0.816667	-0.14	0	2	7.70061e-07
-0.816667	-0.1	0	2	5.83302e-07
-0.816667	-0.06	0	2	4.41467e-07
-0.816667	-0.02	0	2	2.68888e-07
-0.816667	0.02	0	2	0.00082286
-0.816667	0.06	0	2	0.000981473
-0.816667	0.1	0	2	0.00118998
-0.816667	0.14	0	2	0.00156566
-0.816667	0.18	0	2	0.00176516
-0.816667	0.22	0	2	0.00182707
-0.816667	0.26	0	2	0.00212255
-0.816667	0.3	0	2	0.00256547
-0.816667	0.34	0	2	0.00302441
-0.816667	0.38	0	2	0.0030972
-0.816667	0.42	0	2	0.00348031
-0.816667	0.46	0	2	0.00345017
-0.816667	0.5	0	2	0.00336409
-0.816667	0.54	0	2	0.00329776
-0.816667	0.58	0	2	0.00334645
-0.816667	0.62	0	2	0.00312248
-0.816667	0.66	0	2	0.00267409
-0.816667	0.7	0	2	0.00268161
-0.816667	0.74	0	2	0.00234696
-0.816667	0.78	0	2	0.00194887
-0.816667	0.82	0	2	0.00175132
-0.816667	0.86	0	2	0.00147288
-0.816667	0.9	0	2	0.00126644
-0.816667	0.94	0	2	0.000868972
-0.816667	0.98	0	2	0.000791809
-0.783333	-0.98	0	2	0.00048465
-0.783333	-0.94	0	2	0.00033533
-0.783333	-0.9	0	2	0.000295285
-0.783333	-0.86	0	2	0.000226471
-0.783333	-0.82	0	2	0.000166681
-0.783333	-0.78	0	2	0.000115343
-0.783333	-0.74	0	2	9.42092e-05
-0.783333	-0.7	0	2	7.04667e-05
-0.783333	-0.66	0	2	5.40461e-05
-0.783333	-0.62	0	2	3.68002e-05
-0.783333	-0.58	0	2	2.72547e-05
-0.783333	-0.54	0	2	1.85903e-05
-0.783333	-0.5	0	2	1.42986e-05
-0.783333	-0.46	0	2	1.17742e-05
-0.783333	-0.42	0	2	7.40056e-06
-0.783333	-0.38	0	2	5.29324e-06
-0.783333	-0.34	0	2	3.37811e-06
-0.783333	-0.3	0	2	2.78125e-06
-0.783333	-0.26	0	2	1.81904e-06
-0.783333	-0.22	0	2	1.34655e-06
-0.783333	-0.18	0	2	8.37951e-07
-0.783333	-0.14	0	2	6.3056e-07
-0.783333	-0.1	0	2	4.77201e-07
-0.783333	-0.06	0	2	3.48893e-07
-0.783333	-0.02	0	2	2.16994e-07
-0.783333	0.02	0	2	0.00057595
-0.783333	0.06	0	2	0.000661749
-0.783333	0.1	0	2	0.000831046
-0.783333	0.14	0	2	0.00110088
-0.783333	0.18	0	2	0.00133647
-0.783333	0.22	0	2	0.00150465
-0.783333	0.26	0	2	0.00171627
-0.783333	0.3	0	2	0.001721
-0.783333	0.34	0	2	0.00203956
-0.783333	0.38	0	2	0.00201807
-0.783333	0.42	0	2	0.00247894
-0.783333	0.46	0	2	0.00252238
-0.783333	0.5	0	2	0.00246976
-0.783333	0.54	0	2	0.00237283
-0.783333	0.58	0	2	0.00247894
-0.783333	0.62	0	2	0.00228288
-0.783333	0.66	0	2	0.00204803
-0.783333	0.7	0	2	0.00196686
-0.783333	0.74	0	2	0.00180516
-0.783333	0.78	0	2	0.00132552
-0.783333	0.82	0	2	0.00126478
-0.783333	0.86	0	2	0.001157
-0.783333	0.9	0	2	0.000827464
-0.783333	0.94	0	2	0.0007818
-0.783333	0.98	0	2	0.000632601
-0.75	-0.98	0	2	0.000347946
-0.75	-0.94	0	2	0.000285718
-0.75	-0.9	0	2	0.000211327
-0.75	-0.86	0	2	0.000164508
-0.75	-0.82	0	2	0.000136371
-0.75	-0.78	0	2	9.73757e-05
-0.75	-0.74	0	2	7.14075e-05
-0.75	-0.7	0	2	5.51202e-05
-0.75	-0.66	0	2	4.45962e-05
-0.75	-0.62	0	2	3.02316e-05
-0.75	-0.58	0	2	2.10352e-05
-0.75	-0.54	0	2	1.613e-05
-0.75	-0.5	0	2	1.20846e-05
-0.75	-0.46	0	2	7.08281e-06
-0.75	-0.42	0	2	5.49497e-06
-0.75	-0.38	0	2	4.64975e-06
-0.75	-0.34	0	2	3.52712e-06
-0.75	-0.3	0	2	2.47891e-06
-0.75	-0.26	0	2	1.56198e-06
-0.75	-0.22	0	2	1.13618e-06
-0.75	-0.18	0	2	8.64003e-07
-0.75	-0.14	0	2	5.50154e-07
-0.75	-0.1	0	2	4.02146e-07
-0.75	-0.06	0	2	3.10461e-07
-0.75	-0.02	0	2	2.0356e-07
-0.75	0.02	0	2	0.000412781
-0.75	0.06	0	2	0.000559219
-0.75	0.1	0	2	0.000698329
-0.75	0.14	0	2	0.00073053
-0.75	0.18	0	2	0.00088011
-0.75	0.22	0	2	0.000985419
-0.75	0.26	0	2	0.00118755
-0.75	0.3	0	2	0.00138411
-0.75	0.34	0	2	0.00140238
-0.75	0.38	0	2	0.0014558
-0.75	0.42	0	2	0.00174951
-0.75	0.46	0	2	0.00174849
-0.75	0.5	0	2	0.00170917
-0.75	0.54	0	2	0.0017055
-0.75	0.58	0	2	0.00182588
-0.75	0.62	0	2	0.00147556
-0.75	0.66	0	2	0.00151873
-0.75	0.7	0	2	0.00123342
-0.75	0.74	0	2	0.00130731
-0.75	0.78	0	2	0.0009679
-0.75	0.82	0	2	0.000849891
-0.75	0.86	0	2	0.000743346
-0.75	0.9	0	2	0.000733111
-0.75	0.94	0	2	0.000526194
-0.75	0.98	0	2	0.000405633
-0.716667	-0.98	0	2	0.000270672
-0.716667	-0.94	0	2	0.000246075
-0.716667	-0.9	0	2	0.00015369
-0.716667	-0.86	0	2	0.000125788
-0.716667	-0.82	0	2	0.000100518
-0.716667	-0.78	0	2	7.51152e-05
-0.716667	-0.74	0	2	6.33143e-05
-0.716667	-0.7	0	2	4.23226e-05
-0.716667	-0.66	0	2	2.92566e-05
-0.716667	-0.62	0	2	2.5396e-05
-0.716667	-0.58	0	2	1.73661e-05
-0.716667	-0.54	0	2	1.28818e-05
-0.716667	-0.5	0	2	9.42527e-06
-0.716667	-0.46	0	2	6.98004e-06
-0.716667	-0.42	0	2	5.22946e-06
-0.716667	-0.38	0	2	3.39325e-06
-0.716667	-0.34	0	2	2.7591e-06
-0.716667	-0.3	0	2	1.89839e-06
-0.716667	-0.26	0	2	1.18145e-06
-0.716667	-0.22	0	2	9.37311e-07
-0.716667	-0.18	0	2	7.53572e-07
-0.716667	-0.14	0	2	5.21446e-07
-0.716667	-0.1	0	2	3.75354e-07
-0.716667	-0.06	0	2	2.4341e-07
-0.716667	-0.02	0	2	1.70401e-07
-0.716667	0.02	0	2	0.000334227
-0.716667	0.06	0	2	0.000382743
-0.716667	0.1	0	2	0.000468189
-0.716667	0.14	0	2	0.00057388
-0.716667	0.18	0	2	0.000681017
-0.716667	0.22	0	2	0.000820681
-0.716667	0.26	0	2	0.000901411
-0.716667	0.3	0	2	0.000999908
-0.716667	0.34	0	2	0.00109763
-0.716667	0.38	0	2	0.00109658
-0.716667	0.42	0	2	0.00119821
-0.716667	0.46	0	2	0.00127636
-0.716667	0.5	0	2	0.00135178
-0.716667	0.54	0	2	0.0013587
-0.716667	0.58	0	2	0.00124314
-0.716667	0.62	0	2	0.00118203
-0.716667	0.66	0	2	0.000986981
-0.716667	0.7	0	2	0.00095133
-0.716667	0.74	0	2	0.000908681
-0.716667	0.78	0	2	0.000743742
-0.716667	0.82	0	2	0.000689356
-0.716667	0.86	0	2	0.000592851
-0.716667	0.9	0	2	0.000482135
-0.716667	0.94	0	2	0.000414088
-0.716667	0.98	0	2	0.000350399
-0.683333	-0.98	0	2	0.000187462
-0.683333	-0.94	0	2	0.000159609
-0.683333	-0.9	0	2	0.000117212
-0.683333	-0.86	0	2	0.000101082
-0.683333	-0.82	0	2	7.79803e-05
-0.683333	-0.78	0	2	6.08525e-05
-0.683333	-0.74	0	2	4.78413e-05
-0.683333	-0.7	0	2	3.51519e-05
-0.683333	-0.66	0	2	2.78772e-05
-0.683333	-0.62	0	2	1.94901e-05
-0.683333	-0.58	0	2	1.50328e-05
-0.683333	-0.54	0	2	1.02738e-05
-0.683333	-0.5	0	2	8.04445e-06
-0.683333	-0.46	0	2	5.86323e-06
-0.683333	-0.42	0	2	3.99324e-06
-0.683333	-0.38	0	2	2.68228e-06
-0.683333	-0.34	0	2	2.30161e-06
-0.683333	-0.3	0	2	1.59758e-06
-0.683333	-0.26	0	2	1.07536e-06
-0.683333	-0.22	0	2	7.956e-07
-0.683333	-0.18	0	2	6.3401e-07
-0.683333	-0.14	0	2	4.33565e-07
-0.683333	-0.1	0	2	3.10911e-07
-0.683333	-0.06	0	2	1.98512e-07
-0.683333	-0.02	0	2	1.61649e-07
-0.683333	0.02	0	2	0.000224878
-0.683333	0.06	0	2	0.000261266
-0.683333	0.1	0	2	0.000368368
-0.683333	0.14	0	2	0.000404442
-0.683333	0.18	0	2	0.000459266
-0.683333	0.22	0	2	0.000564501
-0.683333	0.26	0	2	0.000687363
-0.683333	0.3	0	2	0.000683325
-0.683333	0.34	0	2	0.00074137
-0.683333	0.38	0	2	0.000960522
-0.683333	0.42	0	2	0.000749871
-0.683333	0.46	0	2	0.000923554
-0.683333	0.5	0	2	0.000839348
-0.683333	0.54	0	2	0.000875529
-0.683333	0.58	0	2	0.000936442
-0.683333	0.62	0	2	0.00081012
-0.683333	0.66	0	2	0.000709414
-0.683333	0.7	0	2	0.000733181
-0.683333	0.74	0	2	0.000618627
-0.683333	0.78	0	2	0.000569185
-0.683333	0.82	0	2	0.000489883
-0.683333	0.86	0	2	0.000432456
-0.683333	0.9	0	2	0.000366888
-0.683333	0.94	0	2	0.000316723
-0.683333	0.98	0	2	0.000254254
-0.65	-0.98	0	2	0.000156189
-0.65	-0.94	0	2	0.000125554
-0.65	-0.9	0	2	9.30362e-05
-0.65	-0.86	0	2	8.0447e-05
-0.65	-0.82	0	2	5.77675e-05
-0.65	-0.78	0	2	4.63322e-05
-0.65	-0.74	0	2	3.56323e-05
-0.65	-0.7	0	2	2.8651e-05
-0.65	-0.66	0	2	2.01723e-05
-0.65	-0.62	0	2	1.79961e-05
-0.65	-0.58	0	2	1.2402e-05
-0.65	-0.54	0	2	8.79123e-06
-0.65	-0.5	0	2	6.39347e-06
-0.65	-0.46	0	2	4.8569e-06
-0.65	-0.42	0	2	3.62583e-06
-0.65	-0.38	0	2	2.79694e-06
-0.65	-0.34	0	2	1.78999e-06
-0.65	-0.3	0	2	1.24518e-06
-0.65	-0.26	0	2	9.66998e-07
-0.65	-0.22	0	2	6.63307e-07
-0.65	-0.18	0	2	4.66583e-07
-0.65	-0.14	0	2	3.6427e-07
-0.65	-0.1	0	2	2.55064e-07
-0.65	-0.06	0	2	1.96107e-07
-0.65	-0.02	0	2	1.12769e-07
-0.65	0.02	0	2	0.000180649
-0.65	0.06	0	2	0.000203805
-0.65	0.1	0	2	0.0002608
-0.65	0.14	0	2	0.000295376
-0.65	0.18	0	2	0.000332134
-0.65	0.22	0	2	0.000413518
-0.65	0.26	0	2	0.000397526
-0.65	0.3	0	2	0.000551829
-0.65	0.34	0	2	0.000537148
-0.65	0.38	0	2	0.000592813
-0.65	0.42	0	2	0.000610792
-0.65	0.46	0	2	0.000609638
-0.65	0.5	0	2	0.00061271
-0.65	0.54	0	2	0.000659999
-0.65	0.58	0	2	0.000626255
-0.65	0.62	0	2	0.000587893
-0.65	0.66	0	2	0.000509484
-0.65	0.7	0	2	0.00053485
-0.65	0.74	0	2	0.000439775
-0.65	0.78	0	2	0.000466489
-0.65	0.82	0	2	0.000366544
-0.65	0.86	0	2	0.000317303
-0.65	0.9	0	2	0.000283812
-0.65	0.94	0	2	0.00023869
-0.65	0.98	0	2	0.000207215
-0.616667	-0.98	0	2	0.000106664
-0.616667	-0.94	0	2	9.60404e-05
-0.616667	-0.9	0	2	7.74203e-05
-0.616667	-0.86	0	2	5.91176e-05
-0.616667	-0.82	0	2	4.72937e-05
-0.616667	-0.78	0	2	3.82259e-05
-0.616667	-0.74	0	2	2.71614e-05
-0.616667	-0.7	0	2	2.36588e-05
-0.616667	-0.66	0	2	1.74868e-05
-0.616667	-0.62	0	2	1.27226e-05
-0.616667	-0.58	0	2	8.22979e-06
-0.616667	-0.54	0	2	6.97459e-06
-0.616667	-0.5	0	2	5.11848e-06
-0.616667	-0.46	0	2	3.62663e-06
-0.616667	-0.42	0	2	2.52925e-06
-0.616667	-0.38	0	2	2.12093e-06
-0.616667	-0.34	0	2	1.33129e-06
-0.616667	-0.3	0	2	9.93239e-07
-0.616667	-0.26	0	2	7.7636e-07
-0.616667	-0.22	0	2	5.36313e-07
-0.616667	-0.18	0	2	4.11927e-07
-0.616667	-0.14	0	2	2.86615e-07
-0.616667	-0.1	0	2	2.32778e-07
-0.616667	-0.06	0	2	1.43888e-07
-0.616667	-0.02	0	2	1.03049e-07
-0.616667	0.02	0	2	0.000131012
-0.616667	0.06	0	2	0.000171901
-0.616667	0.1	0	2	0.000196796
-0.616667	0.14	0	2	0.000218131
-0.616667	0.18	0	2	0.000294492
-0.616667	0.22	0	2	0.000283824
-0.616667	0.26	0	2	0.000324676
-0.616667	0.3	0	2	0.000362179
-0.616667	0.34	0	2	0.000400549
-0.616667	0.38	0	2	0.000454689
-0.616667	0.42	0	2	0.000429312
-0.616667	0.46	0	2	0.000456295
-0.616667	0.5	0	2	0.000460437
-0.616667	0.54	0	2	0.000471505
-0.616667	0.58	0	2	0.000449668
-0.616667	0.62	0	2	0.000387459
-0.616667	0.66	0	2	0.000452072
-0.616667	0.7	0	2	0.000374456
-0.616667	0.74	0	2	0.000338611
-0.616667	0.78	0	2	0.000319924
-0.616667	0.82	0	2	0.000250701
-0.616667	0.86	0	2	0.000223821
-0.616667	0.9	0	2	0.000187077
-0.616667	0.94	0	2	0.000157576
-0.616667	0.98	0	2	0.0001554
-0.583333	-0.98	0	2	8.51676e-05
-0.583333	-0.94	0	2	6.92396e-05
-0.583333	-0.9	0	2	6.00534e-05
-0.583333	-0.86	0	2	4.76322e-05
-0.583333	-0.82	0	2	3.77071e-05
-0.583333	-0.78	0	2	2.684e-05
-0.583333	-0.74	0	2	2.07888e-05
-0.583333	-0.7	0	2	1.60424e-05
-0.583333	-0.66	0	2	1.37578e-05
-0.583333	-0.62	0	2	9.22603e-06
-0.583333	-0.58	0	2	7.06196e-06
-0.583333	-0.54	0	2	5.98346e-06
-0.583333	-0.5	0	2	3.79086e-06
-0.583333	-0.46	0	2	3.0919e-06
-0.583333	-0.42	0	2	2.30329e-06
-0.583333	-0.38	0	2	1.72811e-06
-0.583333	-0.34	0	2	1.15528e-06
-0.583333	-0.3	0	2	9.44482e-07
-0.583333	-0.26	0	2	6.51554e-07
-0.583333	-0.22	0	2	4.19747e-07
-0.583333	-0.18	0	2	3.05469e-07
-0.583333	-0.14	0	2	2.46406e-07
-0.583333	-0.1	0	2	1.77296e-07
-0.583333	-0.06	0	2	1.03797e-07
-0.583333	-0.02	0	2	9.10138e-08
-0.583333	0.02	0	2	0.000105251
-0.583333	0.06	0	2	0.000120358
-0.583333	0.1	0	2	0.000134398
-0.583333	0.14	0	2	0.000172637
-0.583333	0.18	0	2	0.000191179
-0.583333	0.22	0	2	0.00022101
-0.583333	0.26	0	2	0.000239399
-0.583333	0.3	0	2	0.000251705
-0.583333	0.34	0	2	0.000276635
-0.583333	0.38	0	2	0.000277296
-0.583333	0.42	0	2	0.000316138
-0.583333	0.46	0	2	0.000342218
-0.583333	0.5	0	2	0.000325957
-0.583333	0.54	0	2	0.000309496
-0.583333	0.58	0	2	0.00030684
-0.583333	0.62	0	2	0.000304008
-0.583333	0.66	0	2	0.000304179
-0.583333	0.7	0	2	0.000270555
-0.583333	0.74	0	2	0.00025354
-0.583333	0.78	0	2	0.000240031
-0.583333	0.82	0	2	0.00017998
-0.583333	0.86	0	2	0.000179598
-0.583333	0.9	0	2	0.000142163
-0.583333	0.94	0	2	0.00011075
-0.583333	0.98	0	2	0.000111169
-0.55	-0.98	0	2	6.18315e-05
-0.55	-0.94	0	2	4.73193e-05
-0.55	-0.9	0	2	4.17217e-05
-0.55	-0.86	0	2	3.42293e-05
-0.55	-0.82	0	2	2.41322e-05
-0.55	-0.78	0	2	1.86847e-05
-0.55	-0.74	0	2	1.65344e-05
-0.55	-0.7	0	2	1.26153e-05
-0.55	-0.66	0	2	9.34522e-06
-0.55	-0.62	0	2	8.27342e-06
-0.55	-0.58	0	2	5.2603e-06
-0.55	-0.54	0	2	4.40157e-06
-0.55	-0.5	0	2	3.32978e-06
-0.55	-0.46	0	2	2.4245e-06
-0.55	-0.42	0	2	2.02402e-06
-0.55	-0.38	0	2	1.40156e-06
-0.55	-0.34	0	2	9.94251e-07
-0.55	-0.3	0	2	7.75641e-07
-0.55	-0.26	0	2	5.52715e-07
-0.55	-0.22	0	2	3.90578e-07
-0.55	-0.18	0	2	3.07868e-07
-0.55	-0.14	0	2	2.01583e-07
-0.55	-0.1	0	2	1.66898e-07
-0.55	-0.06	0	2	1.04413e-07
-0.55	-0.02	0	2	6.86e-08
-0.55	0.02	0	2	7.82595e-05
-0.55	0.06	0	2	0.000102509
-0.55	0.1	0	2	0.000104663
-0.55	0.14	0	2	0.000126516
-0.55	0.18	0	2	0.000136003
-0.55	0.22	0	2	0.000170515
-0.55	0.26	0	2	0.000174856
-0.55	0.3	0	2	0.000175341
-0.55	0.34	0	2	0.000221657
-0.55	0.38	0	2	0.000237696
-0.55	0.42	0	2	0.000225924
-0.55	0.46	0	2	0.000233641
-0.55	0.5	0	2	0.000244487
-0.55	0.54	0	2	0.000228753
-0.55	0.58	0	2	0.00023355
-0.55	0.62	0	2	0.000215755
-0.55	0.66	0	2	0.000224244
-0.55	0.7	0	2	0.00022418
-0.55	0.74	0	2	0.000173393
-0.55	0.78	0	2	0.000159982
-0.55	0.82	0	2	0.000146509
-0.55	0.86	0	2	0.000126516
-0.55	0.9	0	2	9.5428e-05
-0.55	0.94	0	2	9.57746e-05
-0.55	0.98	0	2	7.57451e-05
-0.516667	-0.98	0	2	4.43544e-05
-0.516667	-0.94	0	2	4.30073e-05
-0.516667	-0.9	0	2	3.104e-05
-0.516667	-0.86	0	2	2.57127e-05
-0.516667	-0.82	0	2	2.14224e-05
-0.516667	-0.78	0	2	1.78608e-05
-0.516667	-0.74	0	2	1.20896e-05
-0.516667	-0.7	0	2	9.96435e-06
-0.516667	-0.66	0	2	7.29835e-06
-0.516667	-0.62	0	2	5.55985e-06
-0.516667	-0.58	0	2	4.84239e-06
-0.516667	-0.54	0	2	3.64471e-06
-0.516667	-0.5	0	2	2.67331e-06
-0.516667	-0.46	0	2	1.90822e-06
-0.516667	-0.42	0	2	1.4651e-06
-0.516667	-0.38	0	2	1.00744e-06
-0.516667	-0.34	0	2	7.54024e-07
-0.516667	-0.3	0	2	6.43754e-07
-0.516667	-0.26	0	2	4.27342e-07
-0.516667	-0.22	0	2	3.54281e-07
-0.516667	-0.18	0	2	2.40661e-07
-0.516667	-0.14	0	2	1.6754e-07
-0.516667	-0.1	0	2	1.27328e-07
-0.516667	-0.06	0	2	8.24807e-08
-0.516667	-0.02	0	2	5.79282e-08
-0.516667	0.02	0	2	5.20018e-05
-0.516667	0.06	0	2	6.24314e-05
-0.516667	0.1	0	2	8.20982e-05
-0.516667	0.14	0	2	8.88517e-05
-0.516667	0.18	0	2	9.91247e-05
-0.516667	0.22	0	2	0.000109955
-0.516667	0.26	0	2	0.000123903
-0.516667	0.3	0	2	0.000127113
-0.516667	0.34	0	2	0.000157088
-0.516667	0.38	0	2	0.000153711
-0.516667	0.42	0	2	0.000184678
-0.516667	0.46	0	2	0.000165399
-0.516667	0.5	0	2	0.000180174
-0.516667	0.54	0	2	0.000152784
-0.516667	0.58	0	2	0.00015937
-0.516667	0.62	0	2	0.000160937
-0.516667	0.66	0	2	0.00013784
-0.516667	0.7	0	2	0.000142135
-0.516667	0.74	0	2	0.000123373
-0.516667	0.78	0	2	0.000121429
-0.516667	0.82	0	2	9.69976e-05
-0.516667	0.86	0	2	9.78115e-05
-0.516667	0.9	0	2	7.98357e-05
-0.516667	0.94	0	2	6.6575e-05
-0.516667	0.98	0	2	5.52665e-05
-0.483333	-0.98	0	2	3.38691e-05
-0.483333	-0.94	0	2	2.84359e-05
-0.483333	-0.9	0	2	2.11589e-05
-0.483333	-0.86	0	2	1.90196e-05
-0.483333	-0.82	0	2	1.67761e-05
-0.483333	-0.78	0	2	1.09126e-05
-0.483333	-0.74	0	2	9.67671e-06
-0.483333	-0.7	0	2	7.83963e-06
-0.483333	-0.66	0	2	6.22228e-06
-0.483333	-0.62	0	2	5.09187e-06
-0.483333	-0.58	0	2	3.43792e-06
-0.483333	-0.54	0	2	2.56466e-06
-0.483333	-0.5	0	2	2.04439e-06
-0.483333	-0.46	0	2	1.48913e-06
-0.483333	-0.42	0	2	1.13959e-06
-0.483333	-0.38	0	2	8.81524e-07
-0.483333	-0.34	0	2	6.85664e-07
-0.483333	-0.3	0	2	4.18769e-07
-0.483333	-0.26	0	2	3.9393e-07
-0.483333	-0.22	0	2	2.58125e-07
-0.483333	-0.18	0	2	1.77642e-07
-0.483333	-0.14	0	2	1.46428e-07
-0.483333	-0.1	0	2	1.00464e-07
-0.483333	-0.06	0	2	6.96568e-08
-0.483333	-0.02	0	2	4.89063e-08
-0.483333	0.02	0	2	3.8334e-05
-0.483333	0.06	0	2	5.04978e-05
-0.483333	0.1	0	2	5.71667e-05
-0.483333	0.14	0	2	6.5484e-05
-0.483333	0.18	0	2	7.27888e-05
-0.483333	0.22	0	2	7.94281e-05
-0.483333	0.26	0	2	8.5784e-05
-0.483333	0.3	0	2	0.000104188
-0.483333	0.34	0	2	0.000111262
-0.483333	0.38	0	2	0.000119857
-0.483333	0.42	0	2	0.000121205
-0.483333	0.46	0	2	0.000124596
-0.483333	0.5	0	2	0.000123554
-0.483333	0.54	0	2	0.000130122
-0.483333	0.58	0	2	0.00012464
-0.483333	0.62	0	2	0.000108532
-0.483333	0.66	0	2	0.000101878
-0.483333	0.7	0	2	0.000104188
-0.483333	0.74	0	2	9.19114e-05
-0.483333	0.78	0	2	8.60182e-05
-0.483333	0.82	0	2	7.52667e-05
-0.483333	0.86	0	2	6.84853e-05
-0.483333	0.9	0	2	5.88271e-05
-0.483333	0.94	0	2	4.84616e-05
-0.483333	0.98	0	2	3.85067e-05
-0.45	-0.98	0	2	2.46108e-05
-0.45	-0.94	0	2	2.34509e-05
-0.45	-0.9	0	2	1.76309e-05
-0.45	-0.86	0	2	1.48683e-05
-0.45	-0.82	0	2	1.21638e-05
-0.45	-0.78	0	2	9.39285e-06
-0.45	-0.74	0	2	7.55279e-06
-0.45	-0.7	0	2	5.87697e-06
-0.45	-0.66	0	2	4.36574e-06
-0.45	-0.62	0	2	3.53635e-06
-0.45	-0.58	0	2	2.62325e-06
-0.45	-0.54	0	2	2.05266e-06
-0.45	-0.5	0	2	1.42278e-06
-0.45	-0.46	0	2	1.23772e-06
-0.45	-0.42	0	2	8.93691e-07
-0.45	-0.38	0	2	6.91849e-07
-0.45	-0.34	0	2	4.5213e-07
-0.45	-0.3	0	2	3.44746e-07
-0.45	-0.26	0	2	2.67316e-07
-0.45	-0.22	0	2	2.02554e-07
-0.45	-0.18	0	2	1.47142e-07
-0.45	-0.14	0	2	1.08765e-07
-0.45	-0.1	0	2	9.06973e-08
-0.45	-0.06	0	2	5.9754e-08
-0.45	-0.02	0	2	4.0237e-08
-0.45	0.02	0	2	3.3312e-05
-0.45	0.06	0	2	3.8511e-05
-0.45	0.1	0	2	4.572e-05
-0.45	0.14	0	2	4.52142e-05
-0.45	0.18	0	2	5.33943e-05
-0.45	0.22	0	2	6.18568e-05
-0.45	0.26	0	2	6.8927e-05
-0.45	0.3	0	2	7.1812e-05
-0.45	0.34	0	2	7.74738e-05
-0.45	0.38	0	2	8.23554e-05
-0.45	0.42	0	2	8.8705e-05
-0.45	0.46	0	2	9.18319e-05
-0.45	0.5	0	2	8.78163e-05
-0.45	0.54	0	2	8.75104e-05
-0.45	0.58	0	2	8.5889e-05
-0.45	0.62	0	2	8.81169e-05
-0.45	0.66	0	2	7.71523e-05
-0.45	0.7	0	2	7.06101e-05
-0.45	0.74	0	2	6.75429e-05
-0.45	0.78	0	2	6.46227e-05
-0.45	0.82	0	2	5.51966e-05
-0.45	0.86	0	2	5.03929e-05
-0.45	0.9	0	2	4.2417e-05
-0.45	0.94	0	2	3.62633e-05
-0.45	0.98	0	2	3.35673e-05
-0.416667	-0.98	0	2	1.95936e-05
-0.416667	-0.94	0	2	1.60587e-05
-0.416667	-0.9	0	2	1.28549e-05
-0.416667	-0.86	0	2	1.03579e-05
-0.416667	-0.82	0	2	8.81615e-06
-0.416667	-0.78	0	2	7.50988e-06
-0.416667	-0.74	0	2	5.82803e-06
-0.416667	-0.7	0	2	4.33329e-06
-0.416667	-0.66	0	2	2.99313e-06
-0.416667	-0.62	0	2	2.86045e-06
-0.416667	-0.58	0	2	2.07352e-06
-0.416667	-0.54	0	2	1.65675e-06
-0.416667	-0.5	0	2	1.3659e-06
-0.416667	-0.46	0	2	9.35301e-07
-0.416667	-0.42	0	2	6.77113e-07
-0.416667	-0.38	0	2	5.63283e-07
-0.416667	-0.34	0	2	4.43426e-07
-0.416667	-0.3	0	2	3.32774e-07
-0.416667	-0.26	0	2	2.47681e-07
-0.416667	-0.22	0	2	1.63632e-07
-0.416667	-0.18	0	2	1.20342e-07
-0.416667	-0.14	0	2	9.00241e-08
-0.416667	-0.1	0	2	6.57233e-08
-0.416667	-0.06	0	2	4.9591e-08
-0.416667	-0.02	0	2	3.29693e-08
-0.416667	0.02	0	2	2.43928e-05
-0.416667	0.06	0	2	2.7969e-05
-0.416667	0.1	0	2	3.29551e-05
-0.416667	0.14	0	2	3.45689e-05
-0.416667	0.18	0	2	3.91301e-05
-0.416667	0.22	0	2	4.6998e-05
-0.416667	0.26	0	2	4.77954e-05
-0.416667	0.3	0	2	5.45693e-05
-0.416667	0.34	0	2	5.52598e-05
-0.416667	0.38	0	2	5.9869e-05
-0.416667	0.42	0	2	6.23628e-05
-0.416667	0.46	0	2	5.91108e-05
-0.416667	0.5	0	2	6.26691e-05
-0.416667	0.54	0	2	5.88526e-05
-0.416667	0.58	0	2	5.95855e-05
-0.416667	0.62	0	2	5.40282e-05
-0.416667	0.66	0	2	6.01152e-05
-0.416667	0.7	0	2	4.91557e-05
-0.416667	0.74	0	2	4.55956e-05
-0.416667	0.78	0	2	4.08045e-05
-0.416667	0.82	0	2	4.10948e-05
-0.416667	0.86	0	2	3.52951e-05
-0.416667	0.9	0	2	3.00286e-05
-0.416667	0.94	0	2	2.75286e-05
-0.416667	0.98	0	2	2.33568e-05
-0.383333	-0.98	0	2	1.44959e-05
-0.383333	-0.94	0	2	1.13874e-05
-0.383333	-0.9	0	2	1.03349e-05
-0.383333	-0.86	0	2	9.05377e-06
-0.383333	-0.82	0	2	6.14173e-06
-0.383333	-0.78	0	2	5.52557e-06
-0.383333	-0.74	0	2	4.44815e-06
-0.383333	-0.7	0	2	3.50908e-06
-0.383333	-0.66	0	2	2.5217e-06
-0.383333	-0.62	0	2	1.99326e-06
-0.383333	-0.58	0	2	1.65374e-06
-0.383333	-0.54	0	2	1.29412e-06
-0.383333	-0.5	0	2	9.24761e-07
-0.383333	-0.46	0	2	8.05656e-07
-0.383333	-0.42	0	2	5.69212e-07
-0.383333	-0.38	0	2	4.49524e-07
-0.383333	-0.34	0	2	2.97584e-07
-0.383333	-0.3	0	2	2.21553e-07
-0.383333	-0.26	0	2	1.67183e-07
-0.383333	-0.22	0	2	1.37212e-07
-0.383333	-0.18	0	2	9.64005e-08
-0.383333	-0.14	0	2	6.93951e-08
-0.383333	-0.1	0	2	5.50321e-08
-0.383333	-0.06	0	2	4.0346e-08
-0.383333	-0.02	0	2	2.95982e-08
-0.383333	0.02	0	2	1.6584e-05
-0.383333	0.06	0	2	2.0444e-05
-0.383333	0.1	0	2	2.53022e-05
-0.383333	0.14	0	2	2.6665e-05
-0.383333	0.18	0	2	2.84137e-05
-0.383333	0.22	0	2	3.52129e-05
-0.383333	0.26	0	2	3.50897e-05
-0.383333	0.3	0	2	3.75976e-05
-0.383333	0.34	0	2	3.95692e-05
-0.383333	0.38	0	2	4.26357e-05
-0.383333	0.42	0	2	4.29163e-05
-0.383333	0.46	0	2	4.56971e-05
-0.383333	0.5	0	2	4.04353e-05
-0.383333	0.54	0	2	4.71771e-05
-0.383333	0.58	0	2	4.20109e-05
-0.383333	0.62	0	2	4.92757e-05
-0.383333	0.66	0	2	4.10655e-05
-0.383333	0.7	0	2	3.79096e-05
-0.383333	0.74	0	2	3.59561e-05
-0.383333	0.78	0	2	3.29708e-05
-0.383333	0.82	0	2	2.99592e-05
-0.383333	0.86	0	2	2.60302e-05
-0.383333	0.9	0	2	2.22325e-05
-0.383333	0.94	0	2	2.004e-05
-0.383333	0.98	0	2	1.86657e-05
-0.35	-0.98	0	2	1.12296e-05
-0.35	-0.94	0	2	9.32718e-06
-0.35	-0.9	0	2	7.6059e-06
-0.35	-0.86	0	2	5.93588e-06
-0.35	-0.82	0	2	4.86434e-06
-0.35	-0.78	0	2	4.47444e-06
-0.35	-0.74	0	2	3.50847e-06
-0.35	-0.7	0	2	2.49874e-06
-0.35	-0.66	0	2	2.1446e-06
-0.35	-0.62	0	2	1.681e-06
-0.35	-0.58	0	2	1.35613e-06
-0.35	-0.54	0	2	9.29467e-07
-0.35	-0.5	0	2	7.48805e-07
-0.35	-0.46	0	2	5.86419e-07
-0.35	-0.42	0	2	4.6944e-07
-0.35	-0.38	0	2	3.51825e-07
-0.35	-0.34	0	2	2.71852e-07
-0.35	-0.3	0	2	1.88989e-07
-0.35	-0.26	0	2	1.45436e-07
-0.35	-0.22	0	2	1.08678e-07
-0.35	-0.18	0	2	6.83801e-08
-0.35	-0.14	0	2	5.77591e-08
-0.35	-0.1	0	2	4.40849e-08
-0.35	-0.06	0	2	3.29608e-08
-0.35	-0.02	0	2	2.26402e-08
-0.35	0.02	0	2	1.31199e-05
-0.35	0.06	0	2	1.3148e-05
-0.35	0.1	0	2	1.60325e-05
-0.35	0.14	0	2	1.97932e-05
-0.35	0.18	0	2	1.90642e-05
-0.35	0.22	0	2	2.29022e-05
-0.35	0.26	0	2	2.38672e-05
-0.35	0.3	0	2	2.75274e-05
-0.35	0.34	0	2	2.89249e-05
-0.35	0.38	0	2	2.83499e-05
-0.35	0.42	0	2	3.37646e-05
-0.35	0.46	0	2	3.11606e-05
-0.35	0.5	0	2	3.47161e-05
-0.35	0.54	0	2	3.40777e-05
-0.35	0.58	0	2	3.07778e-05
-0.35	0.62	0	2	3.16114e-05
-0.35	0.66	0	2	2.72515e-05
-0.35	0.7	0	2	2.92128e-05
-0.35	0.74	0	2	2.43883e-05
-0.35	0.78	0	2	2.10891e-05
-0.35	0.82	0	2	2.23422e-05
-0.35	0.86	0	2	2.04093e-05
-0.35	0.9	0	2	1.57608e-05
-0.35	0.94	0	2	1.54577e-05
-0.35	0.98	0	2	1.215e-05
-0.316667	-0.98	0	2	7.28702e-06
-0.316667	-0.94	0	2	7.01509e-06
-0.316667	-0.9	0	2	6.61248e-06
-0.316667	-0.86	0	2	4.28017e-06
-0.316667	-0.82	0	2	4.02126e-06
-0.316667	-0.78	0	2	3.29309e-06
-0.316667	-0.74	0	2	2.29355e-06
-0.316667	-0.7	0	2	2.10449e-06
-0.316667	-0.66	0	2	1.56403e-06
-0.316667	-0.62	0	2	1.37136e-06
-0.316667	-0.58	0	2	9.66358e-07
-0.316667	-0.54	0	2	7.94847e-07
-0.316667	-0.5	0	2	6.2572e-07
-0.316667	-0.46	0	2	4.68628e-07
-0.316667	-0.42	0	2	3.89371e-07
-0.316667	-0.38	0	2	2.74416e-07
-0.316667	-0.34	0	2	1.90311e-07
-0.316667	-0.3	0	2	1.49173e-07
-0.316667	-0.26	0	2	1.18584e-07
-0.316667	-0.22	0	2	8.29234e-08
-0.316667	-0.18	0	2	6.48536e-08
-0.316667	-0.14	0	2	4.92255e-08
-0.316667	-0.1	0	2	3.76322e-08
-0.316667	-0.06	0	2	2.47073e-08
-0.316667	-0.02	0	2	1.88075e-08
-0.316667	0.02	0	2	8.81449e-06
-0.316667	0.06	0	2	1.10127e-05
-0.316667	0.1	0	2	1.2143e-05
-0.316667	0.14	0	2	1.48986e-05
-0.316667	0.18	0	2	1.5575e-05
-0.316667	0.22	0	2	1.61483e-05
-0.316667	0.26	0	2	1.87233e-05
-0.316667	0.3	0	2	2.01432e-05
-0.316667	0.34	0	2	2.13918e-05
-0.316667	0.38	0	2	2.15204e-05
-0.316667	0.42	0	2	1.95568e-05
-0.316667	0.46	0	2	2.21426e-05
-0.316667	0.5	0	2	2.29625e-05
-0.316667	0.54	0	2	2.07171e-05
-0.316667	0.58	0	2	2.10468e-05
-0.316667	0.62	0	2	2.19706e-05
-0.316667	0.66	0	2	2.13918e-05
-0.316667	0.7	0	2	2.09521e-05
-0.316667	0.74	0	2	1.83473e-05
-0.316667	0.78	0	2	1.66313e-05
-0.316667	0.82	0	2	1.72638e-05
-0.316667	0.86	0	2	1.29943e-05
-0.316667	0.9	0	2	1.19447e-05
-0.316667	0.94	0	2	9.9288e-06
-0.316667	0.98	0	2	9.82721e-06
-0.283333	-0.98	0	2	5.65064e-06
-0.283333	-0.94	0	2	4.72392e-06
-0.283333	-0.9	0	2	4.23086e-06
-0.283333	-0.86	0	2	3.81054e-06
-0.283333	-0.82	0	2	2.72906e-06
-0.283333	-0.78	0	2	2.37888e-06
-0.283333	-0.74	0	2	1.83155e-06
-0.283333	-0.7	0	2	1.58226e-06
-0.283333	-0.66	0	2	1.15528e-06
-0.283333	-0.62	0	2	9.56814e-07
-0.283333	-0.58	0	2	7.32356e-07
-0.283333	-0.54	0	2	5.48974e-07
-0.283333	-0.5	0	2	4.78642e-07
-0.283333	-0.46	0	2	4.01149e-07
-0.283333	-0.42	0	2	2.69901e-07
-0.283333	-0.38	0	2	2.30681e-07
-0.283333	-0.34	0	2	1.50415e-07
-0.283333	-0.3	0	2	1.21845e-07
-0.283333	-0.26	0	2	9.85638e-08
-0.283333	-0.22	0	2	6.94046e-08
-0.283333	-0.18	0	2	5.22485e-08
-0.283333	-0.14	0	2	3.97966e-08
-0.283333	-0.1	0	2	2.77401e-08
-0.283333	-0.06	0	2	2.26151e-08
-0.283333	-0.02	0	2	1.55611e-08
-0.283333	0.02	0	2	7.48674e-06
-0.283333	0.06	0	2	7.95838e-06
-0.283333	0.1	0	2	8.02014e-06
-0.283333	0.14	0	2	9.89048e-06
-0.283333	0.18	0	2	1.16944e-05
-0.283333	0.22	0	2	1.30191e-05
-0.283333	0.26	0	2	1.33948e-05
-0.283333	0.3	0	2	1.37422e-05
-0.283333	0.34	0	2	1.54966e-05
-0.283333	0.38	0	2	1.60922e-05
-0.283333	0.42	0	2	1.56932e-05
-0.283333	0.46	0	2	1.59373e-05
-0.283333	0.5	0	2	1.63166e-05
-0.283333	0.54	0	2	1.52562e-05
-0.283333	0.58	0	2	1.68285e-05
-0.283333	0.62	0	2	1.44119e-05
-0.283333	0.66	0	2	1.53731e-05
-0.283333	0.7	0	2	1.52561e-05
-0.283333	0.74	0	2	1.16052e-05
-0.283333	0.78	0	2	1.20215e-05
-0.283333	0.82	0	2	1.06066e-05
-0.283333	0.86	0	2	9.52417e-06
-0.283333	0.9	0	2	8.74268e-06
-0.283333	0.94	0	2	7.86326e-06
-0.283333	0.98	0	2	6.2206e-06
-0.25	-0.98	0	2	3.75633e-06
-0.25	-0.94	0	2	3.72477e-06
-0.25	-0.9	0	2	3.16021e-06
-0.25	-0.86	0	2	2.60366e-06
-0.25	-0.82	0	2	2.134e-06
-0.25	-0.78	0	2	1.65488e-06
-0.25	-0.74	0	2	1.47838e-06
-0.25	-0.7	0	2	1.0686e-06
-0.25	-0.66	0	2	8.88474e-07
-0.25	-0.62	0	2	7.4457e-07
-0.25	-0.58	0	2	6.34918e-07
-0.25	-0.54	0	2	4.6722e-07
-0.25	-0.5	0	2	3.66516e-07
-0.25	-0.46	0	2	3.15485e-07
-0.25	-0.42	0	2	2.17098e-07
-0.25	-0.38	0	2	1.59232e-07
-0.25	-0.34	0	2	1.19024e-07
-0.25	-0.3	0	2	9.87044e-08
-0.25	-0.26	0	2	6.60212e-08
-0.25	-0.22	0	2	5.12678e-08
-0.25	-0.18	0	2	4.09431e-08
-0.25	-0.14	0	2	3.15622e-08
-0.25	-0.1	0	2	2.51409e-08
-0.25	-0.06	0	2	1.82756e-08
-0.25	-0.02	0	2	1.1553e-08
-0.25	0.02	0	2	5.28593e-06
-0.25	0.06	0	2	5.60562e-06
-0.25	0.1	0	2	6.10406e-06
-0.25	0.14	0	2	7.09352e-06
-0.25	0.18	0	2	8.2069e-06
-0.25	0.22	0	2	8.36108e-06
-0.25	0.26	0	2	8.60137e-06
-0.25	0.3	0	2	1.0853e-05
-0.25	0.34	0	2	1.06468e-05
-0.25	0.38	0	2	1.14561e-05
-0.25	0.42	0	2	1.18752e-05
-0.25	0.46	0	2	1.26909e-05
-0.25	0.5	0	2	1.22811e-05
-0.25	0.54	0	2	1.3179e-05
-0.25	0.58	0	2	1.14443e-05
-0.25	0.62	0	2	1.18735e-05
-0.25	0.66	0	2	1.01145e-05
-0.25	0.7	0	2	9.51213e-06
-0.25	0.74	0	2	9.6179e-06
-0.25	0.78	0	2	9.33413e-06
-0.25	0.82	0	2	8.43669e-06
-0.25	0.86	0	2	7.4482e-06
-0.25	0.9	0	2	6.39347e-06
-0.25	0.94	0	2	5.4898e-06
-0.25	0.98	0	2	4.80173e-06
-0.216667	-0.98	0	2	2.97681e-06
-0.216667	-0.94	0	2	2.62565e-06
-0.216667	-0.9	0	2	2.04132e-06
-0.216667	-0.86	0	2	1.89467e-06
-0.216667	-0.82	0	2	1.6169e-06
-0.216667	-0.78	0	2	1.24392e-06
-0.216667	-0.74	0	2	1.0845e-06
-0.216667	-0.7	0	2	8.20431e-07
-0.216667	-0.66	0	2	7.33373e-07
-0.216667	-0.62	0	2	6.23811e-07
-0.216667	-0.58	0	2	4.77513e-07
-0.216667	-0.54	0	2	3.40887e-07
-0.216667	-0.5	0	2	2.62882e-07
-0.216667	-0.46	0	2	2.23516e-07
-0.216667	-0.42	0	2	1.65722e-07
-0.216667	-0.38	0	2	1.33547e-07
-0.216667	-0.34	0	2	9.75363e-08
-0.216667	-0.3	0	2	7.62552e-08
-0.216667	-0.26	0	2	5.67154e-08
-0.216667	-0.22	0	2	4.1084e-08
-0.216667	-0.18	0	2	3.13061e-08
-0.216667	-0.14	0	2	2.20544e-08
-0.216667	-0.1	0	2	1.80182e-08
-0.216667	-0.06	0	2	1.33362e-08
-0.216667	-0.02	0	2	1.00804e-08
-0.216667	0.02	0	2	3.50107e-06
-0.216667	0.06	0	2	3.99001e-06
-0.216667	0.1	0	2	4.17393e-06
-0.216667	0.14	0	2	4.99759e-06
-0.216667	0.18	0	2	5.39404e-06
-0.216667	0.22	0	2	6.715e-06
-0.216667	0.26	0	2	7.18548e-06
-0.216667	0.3	0	2	7.14516e-06
-0.216667	0.34	0	2	7.84015e-06
-0.216667	0.38	0	2	8.02126e-06
-0.216667	0.42	0	2	8.96107e-06
-0.216667	0.46	0	2	9.06005e-06
-0.216667	0.5	0	2	8.9759e-06
-0.216667	0.54	0	2	8.71025e-06
-0.216667	0.58	0	2	8.51473e-06
-0.216667	0.62	0	2	7.45545e-06
-0.216667	0.66	0	2	7.71267e-06
-0.216667	0.7	0	2	7.68783e-06
-0.216667	0.74	0	2	7.21366e-06
-0.216667	0.78	0	2	7.07938e-06
-0.216667	0.82	0	2	5.86929e-06
-0.216667	0.86	0	2	4.95469e-06
-0.216667	0.9	0	2	4.59516e-06
-0.216667	0.94	0	2	4.14217e-06
-0.216667	0.98	0	2	3.76698e-06
-0.183333	-0.98	0	2	2.7376e-06
-0.183333	-0.94	0	2	1.96546e-06
-0.183333	-0.9	0	2	1.72078e-06
-0.183333	-0.86	0	2	1.33556e-06
-0.183333	-0.82	0	2	1.26623e-06
-0.183333	-0.78	0	2	9.73362e-07
-0.183333	-0.74	0	2	7.14531e-07
-0.183333	-0.7	0	2	7.08974e-07
-0.183333	-0.66	0	2	4.99948e-07
-0.183333	-0.62	0	2	4.10462e-07
-0.183333	-0.58	0	2	3.51221e-07
-0.183333	-0.54	0	2	2.59606e-07
-0.183333	-0.5	0	2	2.01845e-07
-0.183333	-0.46	0	2	1.78422e-07
-0.183333	-0.42	0	2	1.24532e-07
-0.183333	-0.38	0	2	1.10305e-07
-0.183333	-0.34	0	2	7.73219e-08
-0.183333	-0.3	0	2	6.06562e-08
-0.183333	-0.26	0	2	4.34557e-08
-0.183333	-0.22	0	2	3.74254e-08
-0.183333	-0.18	0	2	2.60424e-08
-0.183333	-0.14	0	2	1.831e-08
-0.183333	-0.1	0	2	1.51332e-08
-0.183333	-0.06	0	2	1.00913e-08
-0.183333	-0.02	0	2	8.057e-09
-0.183333	0.02	0	2	2.84189e-06
-0.183333	0.06	0	2	2.84809e-06
-0.183333	0.1	0	2	3.03519e-06
-0.183333	0.14	0	2	3.8423e-06
-0.183333	0.18	0	2	4.07447e-06
-0.183333	0.22	0	2	4.45306e-06
-0.183333	0.26	0	2	5.01484e-06
-0.183333	0.3	0	2	5.31315e-06
-0.183333	0.34	0	2	5.44866e-06
-0.183333	0.38	0	2	5.34965e-06
-0.183333	0.42	0	2	6.20344e-06
-0.183333	0.46	0	2	5.71575e-06
-0.183333	0.5	0	2	5.72536e-06
-0.183333	0.54	0	2	5.99151e-06
-0.183333	0.58	0	2	6.27729e-06
-0.183333	0.62	0	2	5.94671e-06
-0.183333	0.66	0	2	5.17393e-06
-0.183333	0.7	0	2	4.90111e-06
-0.183333	0.74	0	2	5.29908e-06
-0.183333	0.78	0	2	4.5658e-06
-0.183333	0.82	0	2	4.16043e-06
-0.183333	0.86	0	2	3.76452e-06
-0.183333	0.9	0	2	3.1048e-06
-0.183333	0.94	0	2	3.07002e-06
-0.183333	0.98	0	2	2.53934e-06
-0.15	-0.98	0	2	1.62879e-06
-0.15	-0.94	0	2	1.39804e-06
-0.15	-0.9	0	2	1.27479e-06
-0.15	-0.86	0	2	8.86163e-07
-0.15	-0.82	0	2	8.61909e-07
-0.15	-0.78	0	2	8.03606e-07
-0.15	-0.74	0	2	5.89106e-07
-0.15	-0.7	0	2	4.70164e-07
-0.15	-0.66	0	2	3.88564e-07
-0.15	-0.62	0	2	3.2136e-07
-0.15	-0.58	0	2	2.64831e-07
-0.15	-0.54	0	2	1.98078e-07
-0.15	-0.5	0	2	1.6193e-07
-0.15	-0.46	0	2	1.36137e-07
-0.15	-0.42	0	2	9.81605e-08
-0.15	-0.38	0	2	7.21145e-08
-0.15	-0.34	0	2	6.57743e-08
-0.15	-0.3	0	2	4.22521e-08
-0.15	-0.26	0	2	3.62079e-08
-0.15	-0.22	0	2	2.62422e-08
-0.15	-0.18	0	2	2.22968e-08
-0.15	-0.14	0	2	1.60684e-08
-0.15	-0.1	0	2	1.14123e-08
-0.15	-0.06	0	2	8.22269e-09
-0.15	-0.02	0	2	5.81441e-09
-0.15	0.02	0	2	1.86363e-06
-0.15	0.06	0	2	2.00344e-06
-0.15	0.1	0	2	2.41807e-06
-0.15	0.14	0	2	2.72867e-06
-0.15	0.18	0	2	2.89677e-06
-0.15	0.22	0	2	3.53898e-06
-0.15	0.26	0	2	3.40756e-06
-0.15	0.3	0	2	3.41562e-06
-0.15	0.34	0	2	3.73256e-06
-0.15	0.38	0	2	4.31816e-06
-0.15	0.42	0	2	4.41235e-06
-0.15	0.46	0	2	4.18599e-06
-0.15	0.5	0	2	4.59038e-06
-0.15	0.54	0	2	4.47344e-06
-0.15	0.58	0	2	4.23585e-06
-0.15	0.62	0	2	3.90691e-06
-0.15	0.66	0	2	3.99565e-06
-0.15	0.7	0	2	3.85232e-06
-0.15	0.74	0	2	3.75855e-06
-0.15	0.78	0	2	3.05085e-06
-0.15	0.82	0	2	2.99623e-06
-0.15	0.86	0	2	2.79633e-06
-0.15	0.9	0	2	2.49901e-06
-0.15	0.94	0	2	2.1382e-06
-0.15	0.98	0	2	1.90311e-06
-0.116667	-0.98	0	2	1.21796e-06
-0.116667	-0.94	0	2	1.0531e-06
-0.116667	-0.9	0	2	8.8356e-07
-0.116667	-0.86	0	2	6.99577e-07
-0.116667	-0.82	0	2	6.76828e-07
-0.116667	-0.78	0	2	6.00591e-07
-0.116667	-0.74	0	2	4.49437e-07
-0.116667	-0.7	0	2	3.73816e-07
-0.116667	-0.66	0	2	3.29531e-07
-0.116667	-0.62	0	2	2.48812e-07
-0.116667	-0.58	0	2	2.08085e-07
-0.116667	-0.54	0	2	1.58492e-07
-0.116667	-0.5	0	2	1.14571e-07
-0.116667	-0.46	0	2	9.27715e-08
-0.116667	-0.42	0	2	8.28137e-08
-0.116667	-0.38	0	2	6.25994e-08
-0.116667	-0.34	0	2	4.64457e-08
-0.116667	-0.3	0	2	3.36245e-08
-0.116667	-0.26	0	2	2.73858e-08
-0.116667	-0.22	0	2	2.09195e-08
-0.116667	-0.18	0	2	1.50561e-08
-0.116667	-0.14	0	2	1.16463e-08
-0.116667	-0.1	0	2	9.11642e-09
-0.116667	-0.06	0	2	7.26615e-09
-0.116667	-0.02	0	2	5.41407e-09
-0.116667	0.02	0	2	1.48759e-06
-0.116667	0.06	0	2	1.60265e-06
-0.116667	0.1	0	2	1.67522e-06
-0.116667	0.14	0	2	1.80526e-06
-0.116667	0.18	0	2	2.11191e-06
-0.116667	0.22	0	2	2.30852e-06
-0.116667	0.26	0	2	2.72776e-06
-0.116667	0.3	0	2	2.62424e-06
-0.116667	0.34	0	2	2.90493e-06
-0.116667	0.38	0	2	3.01201e-06
-0.116667	0.42	0	2	3.25198e-06
-0.116667	0.46	0	2	3.43758e-06
-0.116667	0.5	0	2	3.05608e-06
-0.116667	0.54	0	2	3.10283e-06
-0.116667	0.58	0	2	3.23932e-06
-0.116667	0.62	0	2	3.17183e-06
-0.116667	0.66	0	2	2.81046e-06
-0.116667	0.7	0	2	2.75882e-06
-0.116667	0.74	0	2	2.42234e-06
-0.116667	0.78	0	2	2.47481e-06
-0.116667	0.82	0	2	2.14785e-06
-0.116667	0.86	0	2	2.04215e-06
-0.116667	0.9	0	2	1.74135e-06
-0.116667	0.94	0	2	1.75311e-06
-0.116667	0.98	0	2	1.4184e-06
-0.0833333	-0.98	0	2	9.02151e-07
-0.0833333	-0.94	0	2	7.63206e-07
-0.0833333	-0.9	0	2	6.69606e-07
-0.0833333	-0.86	0	2	5.93771e-07
-0.0833333	-0.82	0	2	4.81747e-07
-0.0833333	-0.78	0	2	4.25023e-07
-0.0833333	-0.74	0	2	3.11946e-07
-0.0833333	-0.7	0	2	2.98008e-07
-0.0833333	-0.66	0	2	2.41116e-07
-0.0833333	-0.62	0	2	1.77837e-07
-0.0833333	-0.58	0	2	1.51412e-07
-0.0833333	-0.54	0	2	1.1991e-07
-0.0833333	-0.5	0	2	8.96824e-08
-0.0833333	-0.46	0	2	6.76111e-08
-0.0833333	-0.42	0	2	5.51393e-08
-0.0833333	-0.38	0	2	4.2009e-08
-0.0833333	-0.34	0	2	3.66678e-08
-0.0833333	-0.3	0	2	2.89562e-08
-0.0833333	-0.26	0	2	2.06358e-08
-0.0833333	-0.22	0	2	1.68958e-08
-0.0833333	-0.18	0	2	1.1865e-08
-0.0833333	-0.14	0	2	9.55985e-09
-0.0833333	-0.1	0	2	7.61538e-09
-0.0833333	-0.06	0	2	5.07024e-09
-0.0833333	-0.02	0	2	4.0053e-09
-0.0833333	0.02	0	2	1.04322e-06
-0.0833333	0.06	0	2	1.05663e-06
-0.0833333	0.1	0	2	1.40249e-06
-0.0833333	0.14	0	2	1.45506e-06
-0.0833333	0.18	0	2	1.47404e-06
-0.0833333	0.22	0	2	1.84829e-06
-0.0833333	0.26	0	2	1.76677e-06
-0.0833333	0.3	0	2	1.95117e-06
-0.0833333	0.34	0	2	2.05205e-06
-0.0833333	0.38	0	2	2.24021e-06
-0.0833333	0.42	0	2	2.1137e-06
-0.0833333	0.46	0	2	2.11287e-06
-0.0833333	0.5	0	2	2.49598e-06
-0.0833333	0.54	0	2	2.30662e-06
-0.0833333	0.58	0	2	2.25884e-06
-0.0833333	0.62	0	2	1.95798e-06
-0.0833333	0.66	0	2	1.94182e-06
-0.0833333	0.7	0	2	2.03986e-06
-0.0833333	0.74	0	2	1.88051e-06
-0.0833333	0.78	0	2	1.74247e-06
-0.0833333	0.82	0	2	1.50001e-06
-0.0833333	0.86	0	2	1.39e-06
-0.0833333	0.9	0	2	1.2905e-06
-0.0833333	0.94	0	2	1.09471e-06
-0.0833333	0.98	0	2	1.11053e-06
-0.05	-0.98	0	2	6.9177e-07
-0.05	-0.94	0	2	5.31413e-07
-0.05	-0.9	0	2	4.90343e-07
-0.05	-0.86	0	2	4.17269e-07
-0.05	-0.82	0	2	3.57935e-07
-0.05	-0.78	0	2	3.05716e-07
-0.05	-0.74	0	2	2.52845e-07
-0.05	-0.7	0	2	2.07506e-07
-0.05	-0.66	0	2	1.6903e-07
-0.05	-0.62	0	2	1.3216e-07
-0.05	-0.58	0	2	1.02433e-07
-0.05	-0.54	0	2	8.86858e-08
-0.05	-0.5	0	2	7.5911e-08
-0.05	-0.46	0	2	5.46742e-08
-0.05	-0.42	0	2	3.83602e-08
-0.05	-0.38	0	2	3.50702e-08
-0.05	-0.34	0	2	2.80708e-08
-0.05	-0.3	0	2	2.2249e-08
-0.05	-0.26	0	2	1.63106e-08
-0.05	-0.22	0	2	1.21267e-08
-0.05	-0.18	0	2	9.48599e-09
-0.05	-0.14	0	2	7.44522e-09
-0.05	-0.1	0	2	5.06954e-09
-0.05	-0.06	0	2	4.07809e-09
-0.05	-0.02	0	2	3.29544e-09
-0.05	0.02	0	2	7.11447e-07
-0.05	0.06	0	2	7.57923e-07
-0.05	0.1	0	2	8.43266e-07
-0.05	0.14	0	2	1.04028e-06
-0.05	0.18	0	2	9.99028e-07
-0.05	0.22	0	2	1.17999e-06
-0.05	0.26	0	2	1.34271e-06
-0.05	0.3	0	2	1.3446e-06
-0.05	0.34	0	2	1.40033e-06
-0.05	0.38	0	2	1.53746e-06
-0.05	0.42	0	2	1.63238e-06
-0.05	0.46	0	2	1.6596e-06
-0.05	0.5	0	2	1.62224e-06
-0.05	0.54	0	2	1.62654e-06
-0.05	0.58	0	2	1.72993e-06
-0.05	0.62	0	2	1.56909e-06
-0.05	0.66	0	2	1.47948e-06
-0.05	0.7	0	2	1.29823e-06
-0.05	0.74	0	2	1.35363e-06
-0.05	0.78	0	2	1.27154e-06
-0.05	0.82	0	2	1.09752e-06
-0.05	0.86	0	2	1.13018e-06
-0.05	0.9	0	2	9.09026e-07
-0.05	0.94	0	2	7.82148e-07
-0.05	0.98	0	2	7.20647e-07
-0.0166667	-0.98	0	2	4.89538e-07
-0.0166667	-0.94	0	2	3.755e-07
-0.0166667	-0.9	0	2	3.46836e-07
-0.0166667	-0.86	0	2	3.27747e-07
-0.0166667	-0.82	0	2	2.68846e-07
-0.0166667	-0.78	0	2	2.33029e-07
-0.0166667	-0.74	0	2	1.65229e-07
-0.0166667	-0.7	0	2	1.59287e-07
-0.0166667	-0.66	0	2	1.23969e-07
-0.0166667	-0.62	0	2	1.00582e-07
-0.0166667	-0.58	0	2	7.86191e-08
-0.0166667	-0.54	0	2	7.01767e-08
-0.0166667	-0.5	0	2	4.84416e-08
-0.0166667	-0.46	0	2	4.5591e-08
-0.0166667	-0.42	0	2	3.83982e-08
-0.0166667	-0.38	0	2	2.635e-08
-0.0166667	-0.34	0	2	2.26628e-08
-0.0166667	-0.3	0	2	1.54163e-08
-0.0166667	-0.26	0	2	1.32271e-08
-0.0166667	-0.22	0	2	9.35189e-09
-0.0166667	-0.18	0	2	8.03173e-09
-0.0166667	-0.14	0	2	6.11874e-09
-0.0166667	-0.1	0	2	4.36712e-09
-0.0166667	-0.06	0	2	3.04856e-09
-0.0166667	-0.02	0	2	2.44924e-09
-0.0166667	0.02	0	2	5.1604e-07
-0.0166667	0.06	0	2	6.48847e-07
-0.0166667	0.1	0	2	6.42216e-07
-0.0166667	0.14	0	2	7.80465e-07
-0.0166667	0.18	0	2	8.70351e-07
-0.0166667	0.22	0	2	8.54183e-07
-0.0166667	0.26	0	2	9.97742e-07
-0.0166667	0.3	0	2	1.01638e-06
-0.0166667	0.34	0	2	1.03159e-06
-0.0166667	0.38	0	2	1.14371e-06
-0.0166667	0.42	0	2	1.14692e-06
-0.0166667	0.46	0	2	1.16087e-06
-0.0166667	0.5	0	2	1.1338e-06
-0.0166667	0.54	0	2	1.16561e-06
-0.0166667	0.58	0	2	1.10496e-06
-0.0166667	0.62	0	2	1.14371e-06
-0.0166667	0.66	0	2	1.0447e-06
-0.0166667	0.7	0	2	1.02472e-06
-0.0166667	0.74	0	2	9.66317e-07
-0.0166667	0.78	0	2	9.45834e-07
-0.0166667	0.82	0	2	9.0083e-07
-0.0166667	0.86	0	2	7.58785e-07
-0.0166667	0.9	0	2	6.75869e-07
-0.0166667	0.94	0	2	6.63936e-07
-0.0166667	0.98	0	2	5.78591e-07
0.0166667	-0.98	0	2	0.00282315
0.0166667	-0.94	0	2	0.00198875
0.0166667	-0.9	0	2	0.00142418
0.0166667	-0.86	0	2	0.00102749
0.0166667	-0.82	0	2	0.000723021
0.0166667	-0.78	0	2	0.00053645
0.0166667	-0.74	0	2	0.000377567
0.0166667	-0.7	0	2	0.000278051
0.0166667	-0.66	0	2	0.000199509
0.0166667	-0.62	0	2	0.000143681
0.0166667	-0.58	0	2	9.29436e-05
0.0166667	-0.54	0	2	6.76787e-05
0.0166667	-0.5	0	2	4.64903e-05
0.0166667	-0.46	0	2	3.25274e-05
0.0166667	-0.42	0	2	2.19347e-05
0.0166667	-0.38	0	2	1.63383e-05
0.0166667	-0.34	0	2	1.0524e-05
0.0166667	-0.3	0	2	7.87137e-06
0.0166667	-0.26	0	2	5.20807e-06
0.0166667	-0.22	0	2	3.75068e-06
0.0166667	-0.18	0	2	2.28812e-06
0.0166667	-0.14	0	2	1.84068e-06
0.0166667	-0.1	0	2	1.12548e-06
0.0166667	-0.06	0	2	8.00735e-07
0.0166667	-0.02	0	2	5.36329e-07
0.0166667	0.02	0	2	0.00327873
0.0166667	0.06	0	2	0.00458325
0.0166667	0.1	0	2	0.00582979
0.0166667	0.14	0	2	0.00738666
0.0166667	0.18	0	2	0.00992424
0.0166667	0.22	0	2	0.0110171
0.0166667	0.26	0	2	0.0142701
0.0166667	0.3	0	2	0.0158225
0.0166667	0.34	0	2	0.018177
0.0166667	0.38	0	2	0.0219893
0.0166667	0.42	0	2	0.0208073
0.0166667	0.46	0	2	0.0202583
0.0166667	0.5	0	2	0.0246792
0.0166667	0.54	0	2	0.0268541
0.0166667	0.58	0	2	0.0207172
0.0166667	0.62	0	2	0.0218221
0.0166667	0.66	0	2	0.0185541
0.0166667	0.7	0	2	0.0160212
0.0166667	0.74	0	2	0.0143268
0.0166667	0.78	0	2	0.0118682
0.0166667	0.82	0	2	0.00899747
0.0166667	0.86	0	2	0.00769572
0.0166667	0.9	0	2	0.00587837
0.0166667	0.94	0	2	0.00447054
0.0166667	0.98	0	2	0.00332168
0.05	-0.98	0	2	0.00329
0.05	-0.94	0	2	0.00238805
0.05	-0.9	0	2	0.00177435
0.05	-0.86	0	2	0.00124409
0.05	-0.82	0	2	0.000974542
0.05	-0.78	0	2	0.00070762
0.05	-0.74	0	2	0.000482024
0.05	-0.7	0	2	0.000327473
0.05	-0.66	0	2	0.00022113
0.05	-0.62	0	2	0.000152498
0.05	-0.58	0	2	0.0001137
0.05	-0.54	0	2	8.35335e-05
0.05	-0.5	0	2	5.05648e-05
0.05	-0.46	0	2	3.93359e-05
0.05	-0.42	0	2	2.76585e-05
0.05	-0.38	0	2	1.76668e-05
0.05	-0.34	0	2	1.19701e-05
0.05	-0.3	0	2	9.06115e-06
0.05	-0.26	0	2	6.12752e-06
0.05	-0.22	0	2	4.11987e-06
0.05	-0.18	0	2	2.41815e-06
0.05	-0.14	0	2	2.00346e-06
0.05	-0.1	0	2	1.46714e-06
0.05	-0.06	0	2	9.50249e-07
0.05	-0.02	0	2	5.90351e-07
0.05	0.02	0	2	0.00446393
0.05	0.06	0	2	0.00576564
0.05	0.1	0	2	0.00767781
0.05	0.14	0	2	0.0101335
0.05	0.18	0	2	0.0121138
0.05	0.22	0	2	0.0161277
0.05	0.26	0	2	0.0194515
0.05	0.3	0	2	0.0208571
0.05	0.34	0	2	0.0248918
0.05	0.38	0	2	0.0263585
0.05	0.42	0	2	0.0283571
0.05	0.46	0	2	0.0312384
0.05	0.5	0	2	0.0305701
0.05	0.54	0	2	0.0326353
0.05	0.58	0	2	0.030902
0.05	0.62	0	2	0.0257977
0.05	0.66	0	2	0.0261011
0.05	0.7	0	2	0.0210331
0.05	0.74	0	2	0.0160849
0.05	0.78	0	2	0.0155694
0.05	0.82	0	2	0.0121641
0.05	0.86	0	2	0.00957495
0.05	0.9	0	2	0.00773997
0.05	0.94	0	2	0.00502707
0.05	0.98	0	2	0.00451793
0.0833333	-0.98	0	2	0.00409361
0.0833333	-0.94	0	2	0.0026919
0.0833333	-0.9	0	2	0.0020305
0.0833333	-0.86	0	2	0.00145395
0.0833333	-0.82	0	2	0.00100236
0.0833333	-0.78	0	2	0.000762977
0.0833333	-0.74	0	2	0.000561569
0.0833333	-0.7	0	2	0.000377358
0.0833333	-0.66	0	2	0.000275442
0.0833333	-0.62	0	2	0.000203133
0.0833333	-0.58	0	2	0.000128877
0.0833333	-0.54	0	2	9.50548e-05
0.0833333	-0.5	0	2	6.16289e-05
0.0833333	-0.46	0	2	4.88454e-05
0.0833333	-0.42	0	2	2.68574e-05
0.0833333	-0.38	0	2	2.14571e-05
0.0833333	-0.34	0	2	1.39772e-05
0.0833333	-0.3	0	2	9.62581e-06
0.0833333	-0.26	0	2	7.36162e-06
0.0833333	-0.22	0	2	4.67853e-06
0.0833333	-0.18	0	2	3.14523e-06
0.0833333	-0.14	0	2	2.22556e-06
0.0833333	-0.1	0	2	1.47571e-06
0.0833333	-0.06	0	2	9.60571e-07
0.0833333	-0.02	0	2	6.37233e-07
0.0833333	0.02	0	2	0.00555781
0.0833333	0.06	0	2	0.00748206
0.0833333	0.1	0	2	0.00969129
0.0833333	0.14	0	2	0.0117819
0.0833333	0.18	0	2	0.0154211
0.0833333	0.22	0	2	0.01821
0.0833333	0.26	0	2	0.025245
0.0833333	0.3	0	2	0.0272078
0.0833333	0.34	0	2	0.0318384
0.0833333	0.38	0	2	0.0364586
0.0833333	0.42	0	2	0.0399748
0.0833333	0.46	0	2	0.0434736
0.0833333	0.5	0	2	0.0446966
0.0833333	0.54	0	2	0.036369
0.0833333	0.58	0	2	0.0344944
0.0833333	0.62	0	2	0.0364586
0.0833333	0.66	0	2	0.0311723
0.0833333	0.7	0	2	0.030218
0.0833333	0.74	0	2	0.0226031
0.0833333	0.78	0	2	0.0194992
0.0833333	0.82	0	2	0.0165226
0.0833333	0.86	0	2	0.012853
0.0833333	0.9	0	2	0.0105974
0.0833333	0.94	0	2	0.00766163
0.0833333	0.98	0	2	0.00531129
0.116667	-0.98	0	2	0.0048368
0.116667	-0.94	0	2	0.00300987
0.116667	-0.9	0	2	0.00282941
0.116667	-0.86	0	2	0.00198152
0.116667	-0.82	0	2	0.00139967
0.116667	-0.78	0	2	0.000832519
0.116667	-0.74	0	2	0.000634489
0.116667	-0.7	0	2	0.000465623
0.116667	-0.66	0	2	0.000324262
0.116667	-0.62	0	2	0.000220641
0.116667	-0.58	0	2	0.000144709
0.116667	-0.54	0	2	8.75507e-05
0.116667	-0.5	0	2	7.85765e-05
0.116667	-0.46	0	2	5.54573e-05
0.116667	-0.42	0	2	3.26543e-05
0.116667	-0.38	0	2	2.28593e-05
0.116667	-0.34	0	2	1.46686e-05
0.116667	-0.3	0	2	1.09631e-05
0.116667	-0.26	0	2	7.24193e-06
0.116667	-0.22	0	2	4.69023e-06
0.116667	-0.18	0	2	3.39373e-06
0.116667	-0.14	0	2	2.56054e-06
0.116667	-0.1	0	2	1.51246e-06
0.116667	-0.06	0	2	1.12585e-06
0.116667	-0.02	0	2	7.586e-07
0.116667	0.02	0	2	0.00623854
0.116667	0.06	0	2	0.00918605
0.116667	0.1	0	2	0.0110625
0.116667	0.14	0	2	0.0157346
0.116667	0.18	0	2	0.0203982
0.116667	0.22	0	2	0.0250355
0.116667	0.26	0	2	0.029333
0.116667	0.3	0	2	0.0374492
0.116667	0.34	0	2	0.0451806
0.116667	0.38	0	2	0.0480928
0.116667	0.42	0	2	0.0530446
0.116667	0.46	0	2	0.0461836
0.116667	0.5	0	2	0.0575617
0.116667	0.54	0	2	0.0535108
0.116667	0.58	0	2	0.0547353
0.116667	0.62	0	2	0.0449775
0.116667	0.66	0	2	0.0455282
0.116667	0.7	0	2	0.0326365
0.116667	0.74	0	2	0.029333
0.116667	0.78	0	2	0.0255527
0.116667	0.82	0	2	0.0199027
0.116667	0.86	0	2	0.016444
0.116667	0.9	0	2	0.0129392
0.116667	0.94	0	2	0.00873976
0.116667	0.98	0	2	0.00695625
0.15	-0.98	0	2	0.00581334
0.15	-0.94	0	2	0.00460468
0.15	-0.9	0	2	0.00313451
0.15	-0.86	0	2	0.00206921
0.15	-0.82	0	2	0.00159438
0.15	-0.78	0	2	0.00105549
0.15	-0.74	0	2	0.000754465
0.15	-0.7	0	2	0.000498769
0.15	-0.66	0	2	0.000313117
0.15	-0.62	0	2	0.000221345
0.15	-0.58	0	2	0.000156706
0.15	-0.54	0	2	0.000111588
0.15	-0.5	0	2	7.69048e-05
0.15	-0.46	0	2	4.83885e-05
0.15	-0.42	0	2	3.91311e-05
0.15	-0.38	0	2	2.83151e-05
0.15	-0.34	0	2	1.72278e-05
0.15	-0.3	0	2	1.22811e-05
0.15	-0.26	0	2	8.46142e-06
0.15	-0.22	0	2	5.70981e-06
0.15	-0.18	0	2	3.91136e-06
0.15	-0.14	0	2	2.71914e-06
0.15	-0.1	0	2	1.63861e-06
0.15	-0.06	0	2	1.18854e-06
0.15	-0.02	0	2	6.58181e-07
0.15	0.02	0	2	0.00782908
0.15	0.06	0	2	0.0114154
0.15	0.1	0	2	0.013882
0.15	0.14	0	2	0.0209324
0.15	0.18	0	2	0.0247261
0.15	0.22	0	2	0.030922
0.15	0.26	0	2	0.0347857
0.15	0.3	0	2	0.0459897
0.15	0.34	0	2	0.0575486
0.15	0.38	0	2	0.0651237
0.15	0.42	0	2	0.062338
0.15	0.46	0	2	0.068687
0.15	0.5	0	2	0.0712993
0.15	0.54	0	2	0.074411
0.15	0.58	0	2	0.0617936
0.15	0.62	0	2	0.0581104
0.15	0.66	0	2	0.0521953
0.15	0.7	0	2	0.0498382
0.15	0.74	0	2	0.0423549
0.15	0.78	0	2	0.0334114
0.15	0.82	0	2	0.0255573
0.15	0.86	0	2	0.0195638
0.15	0.9	0	2	0.0137597
0.15	0.94	0	2	0.0115523
0.15	0.98	0	2	0.00913953
0.183333	-0.98	0	2	0.00748099
0.183333	-0.94	0	2	0.00515309
0.183333	-0.9	0	2	0.00357472
0.183333	-0.86	0	2	0.00238961
0.183333	-0.82	0	2	0.00172162
0.183333	-0.78	0	2	0.00111269
0.183333	-0.74	0	2	0.00078539
0.183333	-0.7	0	2	0.000588538
0.183333	-0.66	0	2	0.000408859
0.183333	-0.62	0	2	0.00028561
0.183333	-0.58	0	2	0.000195124
0.183333	-0.54	0	2	0.000133057
0.183333	-0.5	0	2	9.09511e-05
0.183333	-0.46	0	2	6.70863e-05
0.183333	-0.42	0	2	3.8053e-05
0.183333	-0.38	0	2	2.98609e-05
0.183333	-0.34	0	2	1.76243e-05
0.183333	-0.3	0	2	1.33195e-05
0.183333	-0.26	0	2	9.29908e-06
0.183333	-0.22	0	2	5.64107e-06
0.183333	-0.18	0	2	4.02587e-06
0.183333	-0.14	0	2	2.75046e-06
0.183333	-0.1	0	2	1.96253e-06
0.183333	-0.06	0	2	1.27091e-06
0.183333	-0.02	0	2	8.45604e-07
0.183333	0.02	0	2	0.0092858
0.183333	0.06	0	2	0.0138851
0.183333	0.1	0	2	0.0175527
0.183333	0.14	0	2	0.0267547
0.183333	0.18	0	2	0.0311608
0.183333	0.22	0	2	0.04035
0.183333	0.26	0	2	0.0490208
0.183333	0.3	0	2	0.0563509
0.183333	0.34	0	2	0.0648959
0.183333	0.38	0	2	0.0716883
0.183333	0.42	0	2	0.0824058
0.183333	0.46	0	2	0.092058
0.183333	0.5	0	2	0.0943422
0.183333	0.54	0	2	0.0891699
0.183333	0.58	0	2	0.0765687
0.183333	0.62	0	2	0.0776887
0.183333	0.66	0	2	0.0705146
0.183333	0.7	0	2	0.0607042
0.183333	0.74	0	2	0.0472053
0.183333	0.78	0	2	0.0395332
0.183333	0.82	0	2	0.0318046
0.183333	0.86	0	2	0.0261602
0.183333	0.9	0	2	0.016507
0.183333	0.94	0	2	0.0130553
0.183333	0.98	0	2	0.00993176
0.216667	-0.98	0	2	0.0078698
0.216667	-0.94	0	2	0.00584194
0.216667	-0.9	0	2	0.00429351
0.216667	-0.86	0	2	0.00279628
0.216667	-0.82	0	2	0.00205029
0.216667	-0.78	0	2	0.0014814
0.216667	-0.74	0	2	0.000934571
0.216667	-0.7	0	2	0.000639733
0.216667	-0.66	0	2	0.000429391
0.216667	-0.62	0	2	0.00029892
0.216667	-0.58	0	2	0.000200708
0.216667	-0.54	0	2	0.00015229
0.216667	-0.5	0	2	0.000104528
0.216667	-0.46	0	2	6.42428e-05
0.216667	-0.42	0	2	4.71998e-05
0.216667	-0.38	0	2	2.79905e-05
0.216667	-0.34	0	2	2.34536e-05
0.216667	-0.3	0	2	1.3451e-05
0.216667	-0.26	0	2	8.99233e-06
0.216667	-0.22	0	2	6.70088e-06
0.216667	-0.18	0	2	4.31645e-06
0.216667	-0.14	0	2	3.26049e-06
0.216667	-0.1	0	2	2.03846e-06
0.216667	-0.06	0	2	1.34916e-06
0.216667	-0.02	0	2	8.58318e-07
0.216667	0.02	0	2	0.0113828
0.216667	0.06	0	2	0.016115
0.216667	0.1	0	2	0.0236307
0.216667	0.14	0	2	0.0279692
0.216667	0.18	0	2	0.0390782
0.216667	0.22	0	2	0.0458199
0.216667	0.26	0	2	0.0575234
0.216667	0.3	0	2	0.0702931
0.216667	0.34	0	2	0.080674
0.216667	0.38	0	2	0.099233
0.216667	0.42	0	2	0.09387
0.216667	0.46	0	2	0.101749
0.216667	0.5	0	2	0.100728
0.216667	0.54	0	2	0.105748
0.216667	0.58	0	2	0.100635
0.216667	0.62	0	2	0.0957306
0.216667	0.66	0	2	0.0896762
0.216667	0.7	0	2	0.070591
0.216667	0.74	0	2	0.0572755
0.216667	0.78	0	2	0.0490213
0.216667	0.82	0	2	0.0387643
0.216667	0.86	0	2	0.0309702
0.216667	0.9	0	2	0.0233611
0.216667	0.94	0	2	0.016247
0.216667	0.98	0	2	0.012435
0.25	-0.98	0	2	0.00856007
0.25	-0.94	0	2	0.00727621
0.25	-0.9	0	2	0.0047878
0.25	-0.86	0	2	0.00348454
0.25	-0.82	0	2	0.00219201
0.25	-0.78	0	2	0.0015081
0.25	-0.74	0	2	0.00107837
0.25	-0.7	0	2	0.000764839
0.25	-0.66	0	2	0.000544758
0.25	-0.62	0	2	0.00035163
0.25	-0.58	0	2	0.000252616
0.25	-0.54	0	2	0.000167787
0.25	-0.5	0	2	9.32292e-05
0.25	-0.46	0	2	7.18733e-05
0.25	-0.42	0	2	5.05187e-05
0.25	-0.38	0	2	3.35203e-05
0.25	-0.34	0	2	2.11062e-05
0.25	-0.3	0	2	1.53985e-05
0.25	-0.26	0	2	9.68736e-06
0.25	-0.22	0	2	6.74361e-06
0.25	-0.18	0	2	4.51449e-06
0.25	-0.14	0	2	3.29416e-06
0.25	-0.1	0	2	2.3014e-06
0.25	-0.06	0	2	1.41581e-06
0.25	-0.02	0	2	9.26552e-07
0.25	0.02	0	2	0.0133908
0.25	0.06	0	2	0.0197886
0.25	0.1	0	2	0.0257243
0.25	0.14	0	2	0.0345802
0.25	0.18	0	2	0.0480712
0.25	0.22	0	2	0.057911
0.25	0.26	0	2	0.0692302
0.25	0.3	0	2	0.0878752
0.25	0.34	0	2	0.0908314
0.25	0.38	0	2	0.110359
0.25	0.42	0	2	0.122767
0.25	0.46	0	2	0.130448
0.25	0.5	0	2	0.135802
0.25	0.54	0	2	0.127253
0.25	0.58	0	2	0.128855
0.25	0.62	0	2	0.105683
0.25	0.66	0	2	0.0979146
0.25	0.7	0	2	0.0889512
0.25	0.74	0	2	0.0760935
0.25	0.78	0	2	0.0591125
0.25	0.82	0	2	0.0430012
0.25	0.86	0	2	0.0352946
0.25	0.9	0	2	0.024555
0.25	0.94	0	2	0.0194782
0.25	0.98	0	2	0.0132792
0.283333	-0.98	0	2	0.0111144
0.283333	-0.94	0	2	0.00720001
0.283333	-0.9	0	2	0.00521471
0.283333	-0.86	0	2	0.00385464
0.283333	-0.82	0	2	0.00276187
0.283333	-0.78	0	2	0.00163467
0.283333	-0.74	0	2	0.00116442
0.283333	-0.7	0	2	0.000852638
0.283333	-0.66	0	2	0.000525818
0.283333	-0.62	0	2	0.000381416
0.283333	-0.58	0	2	0.000263819
0.283333	-0.54	0	2	0.000163297
0.283333	-0.5	0	2	0.000114791
0.283333	-0.46	0	2	7.82743e-05
0.283333	-0.42	0	2	5.44186e-05
0.283333	-0.38	0	2	3.61707e-05
0.283333	-0.34	0	2	2.45171e-05
0.283333	-0.3	0	2	1.44754e-05
0.283333	-0.26	0	2	1.1293e-05
0.283333	-0.22	0	2	7.12864e-06
0.283333	-0.18	0	2	4.86593e-06
0.283333	-0.14	0	2	3.44383e-06
0.283333	-0.1	0	2	2.29185e-06
0.283333	-0.06	0	2	1.62455e-06
0.283333	-0.02	0	2	9.46472e-07
0.283333	0.02	0	2	0.016775
0.283333	0.06	0	2	0.0203452
0.283333	0.1	0	2	0.0287781
0.283333	0.14	0	2	0.0412247
0.283333	0.18	0	2	0.0532916
0.283333	0.22	0	2	0.0745807
0.283333	0.26	0	2	0.0807524
0.283333	0.3	0	2	0.0965631
0.283333	0.34	0	2	0.11831
0.283333	0.38	0	2	0.137926
0.283333	0.42	0	2	0.134471
0.283333	0.46	0	2	0.144009
0.283333	0.5	0	2	0.136795
0.283333	0.54	0	2	0.150216
0.283333	0.58	0	2	0.148688
0.283333	0.62	0	2	0.13081
0.283333	0.66	0	2	0.120754
0.283333	0.7	0	2	0.0982498
0.283333	0.74	0	2	0.0916364
0.283333	0.78	0	2	0.0689306
0.283333	0.82	0	2	0.0612192
0.283333	0.86	0	2	0.0413916
0.283333	0.9	0	2	0.028037
0.283333	0.94	0	2	0.0216
0.283333	0.98	0	2	0.0154305
0.316667	-0.98	0	2	0.012815
0.316667	-0.94	0	2	0.00837814
0.316667	-0.9	0	2	0.00655852
0.316667	-0.86	0	2	0.00428461
0.316667	-0.82	0	2	0.00262105
0.316667	-0.78	0	2	0.00180161
0.316667	-0.74	0	2	0.00117724
0.316667	-0.7	0	2	0.000891942
0.316667	-0.66	0	2	0.000563067
0.316667	-0.62	0	2	0.000346555
0.316667	-0.58	0	2	0.000233186
0.316667	-0.54	0	2	0.000171025
0.316667	-0.5	0	2	0.000110895
0.316667	-0.46	0	2	8.64324e-05
0.316667	-0.42	0	2	5.36761e-05
0.316667	-0.38	0	2	3.7266e-05
0.316667	-0.34	0	2	2.48992e-05
0.316667	-0.3	0	2	1.66294e-05
0.316667	-0.26	0	2	1.18611e-05
0.316667	-0.22	0	2	7.88827e-06
0.316667	-0.18	0	2	5.43744e-06
0.316667	-0.14	0	2	3.39806e-06
0.316667	-0.1	0	2	2.60672e-06
0.316667	-0.06	0	2	1.65499e-06
0.316667	-0.02	0	2	1.08205e-06
0.316667	0.02	0	2	0.0185545
0.316667	0.06	0	2	0.024798
0.316667	0.1	0	2	0.0358971
0.316667	0.14	0	2	0.048332
0.316667	0.18	0	2	0.0619358
0.316667	0.22	0	2	0.0815091
0.316667	0.26	0	2	0.0915782
0.316667	0.3	0	2	0.115097
0.316667	0.34	0	2	0.131382
0.316667	0.38	0	2	0.147249
0.316667	0.42	0	2	0.150187
0.316667	0.46	0	2	0.178933
0.316667	0.5	0	2	0.168024
0.316667	0.54	0	2	0.185273
0.316667	0.58	0	2	0.158942
0.316667	0.62	0	2	0.152241
0.316667	0.66	0	2	0.143122
0.316667	0.7	0	2	0.111712
0.316667	0.74	0	2	0.0964193
0.316667	0.78	0	2	0.0776122
0.316667	0.82	0	2	0.0621886
0.316667	0.86	0	2	0.0469948
0.316667	0.9	0	2	0.0360379
0.316667	0.94	0	2	0.0272371
0.316667	0.98	0	2	0.0176882
0.35	-0.98	0	2	0.0145625
0.35	-0.94	0	2	0.00910658
0.35	-0.9	0	2	0.00612178
0.35	-0.86	0	2	0.00425531
0.35	-0.82	0	2	0.00304453
0.35	-0.78	0	2	0.00206664
0.35	-0.74	0	2	0.00139992
0.35	-0.7	0	2	0.000946787
0.35	-0.66	0	2	0.000636958
0.35	-0.62	0	2	0.00042286
0.35	-0.58	0	2	0.000258048
0.35	-0.54	0	2	0.000191373
0.35	-0.5	0	2	0.0001273
0.35	-0.46	0	2	8.75104e-05
0.35	-0.42	0	2	5.8656e-05
0.35	-0.38	0	2	4.14227e-05
0.35	-0.34	0	2	2.6766e-05
0.35	-0.3	0	2	1.71145e-05
0.35	-0.26	0	2	1.20524e-05
0.35	-0.22	0	2	8.6019e-06
0.35	-0.18	0	2	6.05021e-06
0.35	-0.14	0	2	3.77958e-06
0.35	-0.1	0	2	2.38772e-06
0.35	-0.06	0	2	1.56331e-06
0.35	-0.02	0	2	1.16426e-06
0.35	0.02	0	2	0.0210984
0.35	0.06	0	2	0.0297272
0.35	0.1	0	2	0.039305
0.35	0.14	0	2	0.0485902
0.35	0.18	0	2	0.063291
0.35	0.22	0	2	0.093367
0.35	0.26	0	2	0.110868
0.35	0.3	0	2	0.122276
0.35	0.34	0	2	0.150863
0.35	0.38	0	2	0.155334
0.35	0.42	0	2	0.194865
0.35	0.46	0	2	0.180909
0.35	0.5	0	2	0.189856
0.35	0.54	0	2	0.194945
0.35	0.58	0	2	0.188893
0.35	0.62	0	2	0.169203
0.35	0.66	0	2	0.152733
0.35	0.7	0	2	0.132555
0.35	0.74	0	2	0.109057
0.35	0.78	0	2	0.0878963
0.35	0.82	0	2	0.0681158
0.35	0.86	0	2	0.051801
0.35	0.9	0	2	0.0416633
0.35	0.94	0	2	0.028936
0.35	0.98	0	2	0.01958
0.383333	-0.98	0	2	0.0141196
0.383333	-0.94	0	2	0.0101001
0.383333	-0.9	0	2	0.00685298
0.383333	-0.86	0	2	0.00499446
0.383333	-0.82	0	2	0.00324369
0.383333	-0.78	0	2	0.00206158
0.383333	-0.74	0	2	0.00144043
0.383333	-0.7	0	2	0.000890606
0.383333	-0.66	0	2	0.000671035
0.383333	-0.62	0	2	0.000411411
0.383333	-0.58	0	2	0.000287972
0.383333	-0.54	0	2	0.000187044
0.383333	-0.5	0	2	0.000135825
0.383333	-0.46	0	2	9.12977e-05
0.383333	-0.42	0	2	6.66549e-05
0.383333	-0.38	0	2	4.15603e-05
0.383333	-0.34	0	2	2.72344e-05
0.383333	-0.3	0	2	1.89042e-05
0.383333	-0.26	0	2	1.33634e-05
0.383333	-0.22	0	2	8.48998e-06
0.383333	-0.18	0	2	5.30627e-06
0.383333	-0.14	0	2	3.96674e-06
0.383333	-0.1	0	2	2.65234e-06
0.383333	-0.06	0	2	1.75228e-06
0.383333	-0.02	0	2	1.13374e-06
0.383333	0.02	0	2	0.0223877
0.383333	0.06	0	2	0.0301818
0.383333	0.1	0	2	0.0422898
0.383333	0.14	0	2	0.0572454
0.383333	0.18	0	2	0.0769246
0.383333	0.22	0	2	0.0996224
0.383333	0.26	0	2	0.11596
0.383333	0.3	0	2	0.137665
0.383333	0.34	0	2	0.170324
0.383333	0.38	0	2	0.190428
0.383333	0.42	0	2	0.195747
0.383333	0.46	0	2	0.202611
0.383333	0.5	0	2	0.212376
0.383333	0.54	0	2	0.177285
0.383333	0.58	0	2	0.217587
0.383333	0.62	0	2	0.185912
0.383333	0.66	0	2	0.15811
0.383333	0.7	0	2	0.144164
0.383333	0.74	0	2	0.106049
0.383333	0.78	0	2	0.104824
0.383333	0.82	0	2	0.0710073
0.383333	0.86	0	2	0.0570108
0.383333	0.9	0	2	0.0429775
0.383333	0.94	0	2	0.0291963
0.383333	0.98	0	2	0.0212596
0.416667	-0.98	0	2	0.0152384
0.416667	-0.94	0	2	0.0105527
0.416667	-0.9	0	2	0.00716817
0.416667	-0.86	0	2	0.00515135
0.416667	-0.82	0	2	0.00355432
0.416667	-0.78	0	2	0.00239924
0.416667	-0.74	0	2	0.00140379
0.416667	-0.7	0	2	0.000953356
0.416667	-0.66	0	2	0.000618489
0.416667	-0.62	0	2	0.000455764
0.416667	-0.58	0	2	0.00031005
0.416667	-0.54	0	2	0.000198774
0.416667	-0.5	0	2	0.000130002
0.416667	-0.46	0	2	9.69712e-05
0.416667	-0.42	0	2	5.91012e-05
0.416667	-0.38	0	2	4.05389e-05
0.416667	-0.34	0	2	2.68526e-05
0.416667	-0.3	0	2	2.01428e-05
0.416667	-0.26	0	2	1.18785e-05
0.416667	-0.22	0	2	8.4299e-06
0.416667	-0.18	0	2	5.20394e-06
0.416667	-0.14	0	2	3.57073e-06
0.416667	-0.1	0	2	2.56637e-06
0.416667	-0.06	0	2	1.79321e-06
0.416667	-0.02	0	2	1.09696e-06
0.416667	0.02	0	2	0.0229962
0.416667	0.06	0	2	0.0320818
0.416667	0.1	0	2	0.0465306
0.416667	0.14	0	2	0.0625992
0.416667	0.18	0	2	0.0798066
0.416667	0.22	0	2	0.103319
0.416667	0.26	0	2	0.126157
0.416667	0.3	0	2	0.16138
0.416667	0.34	0	2	0.181963
0.416667	0.38	0	2	0.180641
0.416667	0.42	0	2	0.205157
0.416667	0.46	0	2	0.245669
0.416667	0.5	0	2	0.232095
0.416667	0.54	0	2	0.214287
0.416667	0.58	0	2	0.215458
0.416667	0.62	0	2	0.190232
0.416667	0.66	0	2	0.169687
0.416667	0.7	0	2	0.149403
0.416667	0.74	0	2	0.135698
0.416667	0.78	0	2	0.101604
0.416667	0.82	0	2	0.0831458
0.416667	0.86	0	2	0.059331
0.416667	0.9	0	2	0.0435879
0.416667	0.94	0	2	0.030767
0.416667	0.98	0	2	0.0235503
0.45	-0.98	0	2	0.0164569
0.45	-0.94	0	2	0.011872
0.45	-0.9	0	2	0.0073048
0.45	-0.86	0	2	0.00547621
0.45	-0.82	0	2	0.00358489
0.45	-0.78	0	2	0.00230087
0.45	-0.74	0	2	0.0016321
0.45	-0.7	0	2	0.00107106
0.45	-0.66	0	2	0.000716525
0.45	-0.62	0	2	0.000471274
0.45	-0.58	0	2	0.000332036
0.45	-0.54	0	2	0.000220144
0.45	-0.5	0	2	0.000133505
0.45	-0.46	0	2	9.58902e-05
0.45	-0.42	0	2	6.45792e-05
0.45	-0.38	0	2	4.29537e-05
0.45	-0.34	0	2	2.7371e-05
0.45	-0.3	0	2	1.89958e-05
0.45	-0.26	0	2	1.35441e-05
0.45	-0.22	0	2	9.00978e-06
0.45	-0.18	0	2	5.55799e-06
0.45	-0.14	0	2	3.92113e-06
0.45	-0.1	0	2	2.66171e-06
0.45	-0.06	0	2	1.87934e-06
0.45	-0.02	0	2	1.23564e-06
0.45	0.02	0	2	0.0243639
0.45	0.06	0	2	0.0344765
0.45	0.1	0	2	0.0456049
0.45	0.14	0	2	0.0592412
0.45	0.18	0	2	0.0846505
0.45	0.22	0	2	0.109062
0.45	0.26	0	2	0.148513
0.45	0.3	0	2	0.149976
0.45	0.34	0	2	0.184257
0.45	0.38	0	2	0.204576
0.45	0.42	0	2	0.21269
0.45	0.46	0	2	0.250924
0.45	0.5	0	2	0.251618
0.45	0.54	0	2	0.23688
0.45	0.58	0	2	0.210903
0.45	0.62	0	2	0.209566
0.45	0.66	0	2	0.177489
0.45	0.7	0	2	0.153922
0.45	0.74	0	2	0.12413
0.45	0.78	0	2	0.104125
0.45	0.82	0	2	0.0801032
0.45	0.86	0	2	0.0702996
0.45	0.9	0	2	0.0481064
0.45	0.94	0	2	0.0336523
0.45	0.98	0	2	0.0246528
0.483333	-0.98	0	2	0.0159055
0.483333	-0.94	0	2	0.0109823
0.483333	-0.9	0	2	0.00819661
0.483333	-0.86	0	2	0.00454174
0.483333	-0.82	0	2	0.00352742
0.483333	-0.78	0	2	0.00235576
0.483333	-0.74	0	2	0.00157742
0.483333	-0.7	0	2	0.00105079
0.483333	-0.66	0	2	0.000687663
0.483333	-0.62	0	2	0.000499029
0.483333	-0.58	0	2	0.000325436
0.483333	-0.54	0	2	0.000203995
0.483333	-0.5	0	2	0.00015172
0.483333	-0.46	0	2	9.53172e-05
0.483333	-0.42	0	2	6.01449e-05
0.483333	-0.38	0	2	4.24816e-05
0.483333	-0.34	0	2	2.85997e-05
0.483333	-0.3	0	2	2.31363e-05
0.483333	-0.26	0	2	1.40997e-05
0.483333	-0.22	0	2	9.12465e-06
0.483333	-0.18	0	2	5.55621e-06
0.483333	-0.14	0	2	4.03496e-06
0.483333	-0.1	0	2	2.74861e-06
0.483333	-0.06	0	2	1.97464e-06
0.483333	-0.02	0	2	1.32368e-06
0.483333	0.02	0	2	0.0207506
0.483333	0.06	0	2	0.0304673
0.483333	0.1	0	2	0.0480291
0.483333	0.14	0	2	0.0649396
0.483333	0.18	0	2	0.0819841
0.483333	0.22	0	2	0.112499
0.483333	0.26	0	2	0.150692
0.483333	0.3	0	2	0.145778
0.483333	0.34	0	2	0.185706
0.483333	0.38	0	2	0.201032
0.483333	0.42	0	2	0.2409
0.483333	0.46	0	2	0.229555
0.483333	0.5	0	2	0.225892
0.483333	0.54	0	2	0.229555
0.483333	0.58	0	2	0.217175
0.483333	0.62	0	2	0.203577
0.483333	0.66	0	2	0.188008
0.483333	0.7	0	2	0.156527
0.483333	0.74	0	2	0.136529
0.483333	0.78	0	2	0.105611
0.483333	0.82	0	2	0.0841322
0.483333	0.86	0	2	0.0743706
0.483333	0.9	0	2	0.0503911
0.483333	0.94	0	2	0.0376279
0.483333	0.98	0	2	0.0235042
0.516667	-0.98	0	2	0.0172649
0.516667	-0.94	0	2	0.0100516
0.516667	-0.9	0	2	0.0077219
0.516667	-0.86	0	2	0.0050559
0.516667	-0.82	0	2	0.00341176
0.516667	-0.78	0	2	0.00227788
0.516667	-0.74	0	2	0.00155779
0.516667	-0.7	0	2	0.000967258
0.516667	-0.66	0	2	0.000687663
0.516667	-0.62	0	2	0.00050893
0.516667	-0.58	0	2	0.000300198
0.516667	-0.54	0	2	0.000216467
0.516667	-0.5	0	2	0.000140371
0.516667	-0.46	0	2	0.000102927
0.516667	-0.42	0	2	6.98111e-05
0.516667	-0.38	0	2	4.57217e-05
0.516667	-0.34	0	2	2.98064e-05
0.516667	-0.3	0	2	1.81208e-05
0.516667	-0.26	0	2	1.31236e-05
0.516667	-0.22	0	2	9.81536e-06
0.516667	-0.18	0	2	5.99486e-06
0.516667	-0.14	0	2	4.01863e-06
0.516667	-0.1	0	2	2.62815e-06
0.516667	-0.06	0	2	1.70303e-06
0.516667	-0.02	0	2	1.09732e-06
0.516667	0.02	0	2	0.0238976
0.516667	0.06	0	2	0.0349602
0.516667	0.1	0	2	0.0513753
0.516667	0.14	0	2	0.0657479
0.516667	0.18	0	2	0.0891443
0.516667	0.22	0	2	0.108366
0.516667	0.26	0	2	0.138229
0.516667	0.3	0	2	0.155183
0.516667	0.34	0	2	0.189543
0.516667	0.38	0	2	0.179826
0.516667	0.42	0	2	0.229037
0.516667	0.46	0	2	0.241081
0.516667	0.5	0	2	0.240689
0.516667	0.54	0	2	0.232436
0.516667	0.58	0	2	0.219912
0.516667	0.62	0	2	0.205273
0.516667	0.66	0	2	0.173428
0.516667	0.7	0	2	0.163245
0.516667	0.74	0	2	0.136529
0.516667	0.78	0	2	0.0991826
0.516667	0.82	0	2	0.0905763
0.516667	0.86	0	2	0.0611671
0.516667	0.9	0	2	0.050588
0.516667	0.94	0	2	0.0334158
0.516667	0.98	0	2	0.0258644
0.55	-0.98	0	2	0.0172564
0.55	-0.94	0	2	0.0113697
0.55	-0.9	0	2	0.00792648
0.55	-0.86	0	2	0.00505496
0.55	-0.82	0	2	0.0033146
0.55	-0.78	0	2	0.00268435
0.55	-0.74	0	2	0.00155469
0.55	-0.7	0	2	0.00111009
0.55	-0.66	0	2	0.00067866
0.55	-0.62	0	2	0.000486918
0.55	-0.58	0	2	0.000299226
0.55	-0.54	0	2	0.000232472
0.55	-0.5	0	2	0.000126417
0.55	-0.46	0	2	9.98526e-05
0.55	-0.42	0	2	6.29847e-05
0.55	-0.38	0	2	4.33101e-05
0.55	-0.34	0	2	2.82077e-05
0.55	-0.3	0	2	1.93164e-05
0.55	-0.26	0	2	1.26841e-05
0.55	-0.22	0	2	8.50523e-06
0.55	-0.18	0	2	5.94463e-06
0.55	-0.14	0	2	4.2938e-06
0.55	-0.1	0	2	3.05281e-06
0.55	-0.06	0	2	1.74822e-06
0.55	-0.02	0	2	1.15261e-06
0.55	0.02	0	2	0.0249417
0.55	0.06	0	2	0.0340644
0.55	0.1	0	2	0.0404094
0.55	0.14	0	2	0.0658236
0.55	0.18	0	2	0.0874489
0.55	0.22	0	2	0.119833
0.55	0.26	0	2	0.128563
0.55	0.3	0	2	0.149318
0.55	0.34	0	2	0.183505
0.55	0.38	0	2	0.198755
0.55	0.42	0	2	0.201073
0.55	0.46	0	2	0.214409
0.55	0.5	0	2	0.239227
0.55	0.54	0	2	0.233135
0.55	0.58	0	2	0.207328
0.55	0.62	0	2	0.208734
0.55	0.66	0	2	0.186514
0.55	0.7	0	2	0.169709
0.55	0.74	0	2	0.147959
0.55	0.78	0	2	0.109062
0.55	0.82	0	2	0.094095
0.55	0.86	0	2	0.0700363
0.55	0.9	0	2	0.0515701
0.55	0.94	0	2	0.0351633
0.55	0.98	0	2	0.0261936
0.583333	-0.98	0	2	0.0161348
0.583333	-0.94	0	2	0.0100251
0.583333	-0.9	0	2	0.00734813
0.583333	-0.86	0	2	0.00517171
0.583333	-0.82	0	2	0.00301704
0.583333	-0.78	0	2	0.00213886
0.583333	-0.74	0	2	0.00148526
0.583333	-0.7	0	2	0.000978666
0.583333	-0.66	0	2	0.000695091
0.583333	-0.62	0	2	0.000446229
0.583333	-0.58	0	2	0.000325424
0.583333	-0.54	0	2	0.000232333
0.583333	-0.5	0	2	0.000136935
0.583333	-0.46	0	2	9.58075e-05
0.583333	-0.42	0	2	5.57166e-05
0.583333	-0.38	0	2	4.35094e-05
0.583333	-0.34	0	2	3.03705e-05
0.583333	-0.3	0	2	1.73889e-05
0.583333	-0.26	0	2	1.32511e-05
0.583333	-0.22	0	2	7.86318e-06
0.583333	-0.18	0	2	5.4178e-06
0.583333	-0.14	0	2	4.03301e-06
0.583333	-0.1	0	2	2.42736e-06
0.583333	-0.06	0	2	1.64975e-06
0.583333	-0.02	0	2	1.13064e-06
0.583333	0.02	0	2	0.0217033
0.583333	0.06	0	2	0.0347115
0.583333	0.1	0	2	0.0448753
0.583333	0.14	0	2	0.063102
0.583333	0.18	0	2	0.0794727
0.583333	0.22	0	2	0.112322
0.583333	0.26	0	2	0.131988
0.583333	0.3	0	2	0.156337
0.583333	0.34	0	2	0.171854
0.583333	0.38	0	2	0.177444
0.583333	0.42	0	2	0.190564
0.583333	0.46	0	2	0.213391
0.583333	0.5	0	2	0.201149
0.583333	0.54	0	2	0.205321
0.583333	0.58	0	2	0.218033
0.583333	0.62	0	2	0.18144
0.583333	0.66	0	2	0.181241
0.583333	0.7	0	2	0.163271
0.583333	0.74	0	2	0.131988
0.583333	0.78	0	2	0.101175
0.583333	0.82	0	2	0.0761335
0.583333	0.86	0	2	0.056817
0.583333	0.9	0	2	0.0423005
0.583333	0.94	0	2	0.0327392
0.583333	0.98	0	2	0.0207797
0.616667	-0.98	0	2	0.0152057
0.616667	-0.94	0	2	0.0110561
0.616667	-0.9	0	2	0.00733638
0.616667	-0.86	0	2	0.00478152
0.616667	-0.82	0	2	0.00321743
0.616667	-0.78	0	2	0.00204381
0.616667	-0.74	0	2	0.00142242
0.616667	-0.7	0	2	0.00102015
0.616667	-0.66	0	2	0.000673763
0.616667	-0.62	0	2	0.000429778
0.616667	-0.58	0	2	0.000308983
0.616667	-0.54	0	2	0.00021614
0.616667	-0.5	0	2	0.00013303
0.616667	-0.46	0	2	8.90434e-05
0.616667	-0.42	0	2	5.70607e-05
0.616667	-0.38	0	2	3.56232e-05
0.616667	-0.34	0	2	2.67786e-05
0.616667	-0.3	0	2	1.75265e-05
0.616667	-0.26	0	2	1.23354e-05
0.616667	-0.22	0	2	8.69705e-06
0.616667	-0.18	0	2	6.0941e-06
0.616667	-0.14	0	2	3.54673e-06
0.616667	-0.1	0	2	2.53748e-06
0.616667	-0.06	0	2	1.52098e-06
0.616667	-0.02	0	2	1.14315e-06
0.616667	0.02	0	2	0.0217803
0.616667	0.06	0	2	0.0305514
0.616667	0.1	0	2	0.0405707
0.616667	0.14	0	2	0.0572454
0.616667	0.18	0	2	0.0766132
0.616667	0.22	0	2	0.101623
0.616667	0.26	0	2	0.116951
0.616667	0.3	0	2	0.135302
0.616667	0.34	0	2	0.168288
0.616667	0.38	0	2	0.175374
0.616667	0.42	0	2	0.186041
0.616667	0.46	0	2	0.212741
0.616667	0.5	0	2	0.211519
0.616667	0.54	0	2	0.203455
0.616667	0.58	0	2	0.188467
0.616667	0.62	0	2	0.189675
0.616667	0.66	0	2	0.170324
0.616667	0.7	0	2	0.144755
0.616667	0.74	0	2	0.116951
0.616667	0.78	0	2	0.103623
0.616667	0.82	0	2	0.072876
0.616667	0.86	0	2	0.0577146
0.616667	0.9	0	2	0.0369606
0.616667	0.94	0	2	0.0321528
0.616667	0.98	0	2	0.0224745
0.65	-0.98	0	2	0.0121633
0.65	-0.94	0	2	0.00976256
0.65	-0.9	0	2	0.00689032
0.65	-0.86	0	2	0.00434585
0.65	-0.82	0	2	0.00267475
0.65	-0.78	0	2	0.00210011
0.65	-0.74	0	2	0.00130357
0.65	-0.7	0	2	0.00101578
0.65	-0.66	0	2	0.00066285
0.65	-0.62	0	2	0.000471786
0.65	-0.58	0	2	0.000300467
0.65	-0.54	0	2	0.000181845
0.65	-0.5	0	2	0.000125695
0.65	-0.46	0	2	8.28287e-05
0.65	-0.42	0	2	5.84136e-05
0.65	-0.38	0	2	3.84872e-05
0.65	-0.34	0	2	2.50108e-05
0.65	-0.3	0	2	1.82948e-05
0.65	-0.26	0	2	1.24492e-05
0.65	-0.22	0	2	8.10179e-06
0.65	-0.18	0	2	5.1987e-06
0.65	-0.14	0	2	3.77958e-06
0.65	-0.1	0	2	2.35737e-06
0.65	-0.06	0	2	1.69245e-06
0.65	-0.02	0	2	1.05468e-06
0.65	0.02	0	2	0.0198996
0.65	0.06	0	2	0.0287099
0.65	0.1	0	2	0.0375756
0.65	0.14	0	2	0.0496605
0.65	0.18	0	2	0.0681158
0.65	0.22	0	2	0.093367
0.65	0.26	0	2	0.101817
0.65	0.3	0	2	0.12985
0.65	0.34	0	2	0.167071
0.65	0.38	0	2	0.174751
0.65	0.42	0	2	0.173214
0.65	0.46	0	2	0.21444
0.65	0.5	0	2	0.192229
0.65	0.54	0	2	0.187927
0.65	0.58	0	2	0.176947
0.65	0.62	0	2	0.156028
0.65	0.66	0	2	0.142759
0.65	0.7	0	2	0.116865
0.65	0.74	0	2	0.120823
0.65	0.78	0	2	0.085708
0.65	0.82	0	2	0.0715216
0.65	0.86	0	2	0.0550118
0.65	0.9	0	2	0.0369467
0.65	0.94	0	2	0.0270145
0.65	0.98	0	2	0.0199795
0.683333	-0.98	0	2	0.0118526
0.683333	-0.94	0	2	0.00883576
0.683333	-0.9	0	2	0.00536827
0.683333	-0.86	0	2	0.00378446
0.683333	-0.82	0	2	0.00288316
0.683333	-0.78	0	2	0.00165406
0.683333	-0.74	0	2	0.00116668
0.683333	-0.7	0	2	0.000888359
0.683333	-0.66	0	2	0.000614034
0.683333	-0.62	0	2	0.000399113
0.683333	-0.58	0	2	0.0002454
0.683333	-0.54	0	2	0.000201779
0.683333	-0.5	0	2	0.000115958
0.683333	-0.46	0	2	7.95998e-05
0.683333	-0.42	0	2	5.80532e-05
0.683333	-0.38	0	2	3.81977e-05
0.683333	-0.34	0	2	2.52131e-05
0.683333	-0.3	0	2	1.62066e-05
0.683333	-0.26	0	2	1.24305e-05
0.683333	-0.22	0	2	8.27151e-06
0.683333	-0.18	0	2	5.07208e-06
0.683333	-0.14	0	2	3.83185e-06
0.683333	-0.1	0	2	2.49e-06
0.683333	-0.06	0	2	1.69423e-06
0.683333	-0.02	0	2	1.14363e-06
0.683333	0.02	0	2	0.017255
0.683333	0.06	0	2	0.0255094
0.683333	0.1	0	2	0.0373048
0.683333	0.14	0	2	0.0475679
0.683333	0.18	0	2	0.0647166
0.683333	0.22	0	2	0.0870296
0.683333	0.26	0	2	0.0988399
0.683333	0.3	0	2	0.122835
0.683333	0.34	0	2	0.1325
0.683333	0.38	0	2	0.152865
0.683333	0.42	0	2	0.179147
0.683333	0.46	0	2	0.16414
0.683333	0.5	0	2	0.145859
0.683333	0.54	0	2	0.169071
0.683333	0.58	0	2	0.173085
0.683333	0.62	0	2	0.174702
0.683333	0.66	0	2	0.121318
0.683333	0.7	0	2	0.103491
0.683333	0.74	0	2	0.0968227
0.683333	0.78	0	2	0.0824833
0.683333	0.82	0	2	0.064211
0.683333	0.86	0	2	0.0475679
0.683333	0.9	0	2	0.0347709
0.683333	0.94	0	2	0.027542
0.683333	0.98	0	2	0.0174716
0.716667	-0.98	0	2	0.0103463
0.716667	-0.94	0	2	0.00821054
0.716667	-0.9	0	2	0.00503943
0.716667	-0.86	0	2	0.00356743
0.716667	-0.82	0	2	0.00259574
0.716667	-0.78	0	2	0.00173417
0.716667	-0.74	0	2	0.00104798
0.716667	-0.7	0	2	0.000826199
0.716667	-0.66	0	2	0.000530312
0.716667	-0.62	0	2	0.000398198
0.716667	-0.58	0	2	0.000258646
0.716667	-0.54	0	2	0.00017451
0.716667	-0.5	0	2	0.000110996
0.716667	-0.46	0	2	7.66703e-05
0.716667	-0.42	0	2	5.33346e-05
0.716667	-0.38	0	2	3.63171e-05
0.716667	-0.34	0	2	2.52091e-05
0.716667	-0.3	0	2	1.57428e-05
0.716667	-0.26	0	2	1.05282e-05
0.716667	-0.22	0	2	7.58366e-06
0.716667	-0.18	0	2	5.66329e-06
0.716667	-0.14	0	2	3.48516e-06
0.716667	-0.1	0	2	2.18978e-06
0.716667	-0.06	0	2	1.48709e-06
0.716667	-0.02	0	2	9.46472e-07
0.716667	0.02	0	2	0.0161988
0.716667	0.06	0	2	0.0222274
0.716667	0.1	0	2	0.032607
0.716667	0.14	0	2	0.0408909
0.716667	0.18	0	2	0.0557139
0.716667	0.22	0	2	0.0638456
0.716667	0.26	0	2	0.0874232
0.716667	0.3	0	2	0.103732
0.716667	0.34	0	2	0.114888
0.716667	0.38	0	2	0.132452
0.716667	0.42	0	2	0.140395
0.716667	0.46	0	2	0.147112
0.716667	0.5	0	2	0.163902
0.716667	0.54	0	2	0.14463
0.716667	0.58	0	2	0.132694
0.716667	0.62	0	2	0.13081
0.716667	0.66	0	2	0.10951
0.716667	0.7	0	2	0.104575
0.716667	0.74	0	2	0.0832101
0.716667	0.78	0	2	0.0706257
0.716667	0.82	0	2	0.0493277
0.716667	0.86	0	2	0.0425599
0.716667	0.9	0	2	0.0286546
0.716667	0.94	0	2	0.0214208
0.716667	0.98	0	2	0.0171592
0.75	-0.98	0	2	0.00955082
0.75	-0.94	0	2	0.00683016
0.75	-0.9	0	2	0.00451533
0.75	-0.86	0	2	0.00321442
0.75	-0.82	0	2	0.00211739
0.75	-0.78	0	2	0.00146317
0.75	-0.74	0	2	0.00106516
0.75	-0.7	0	2	0.000710638
0.75	-0.66	0	2	0.000489254
0.75	-0.62	0	2	0.000343224
0.75	-0.58	0	2	0.000223064
0.75	-0.54	0	2	0.000162604
0.75	-0.5	0	2	0.000111699
0.75	-0.46	0	2	7.36627e-05
0.75	-0.42	0	2	4.97104e-05
0.75	-0.38	0	2	3.40675e-05
0.75	-0.34	0	2	2.20319e-05
0.75	-0.3	0	2	1.50855e-05
0.75	-0.26	0	2	9.43354e-06
0.75	-0.22	0	2	6.91505e-06
0.75	-0.18	0	2	4.76529e-06
0.75	-0.14	0	2	2.95563e-06
0.75	-0.1	0	2	2.2487e-06
0.75	-0.06	0	2	1.44543e-06
0.75	-0.02	0	2	9.06583e-07
0.75	0.02	0	2	0.0137255
0.75	0.06	0	2	0.0175381
0.75	0.1	0	2	0.0248739
0.75	0.14	0	2	0.0344373
0.75	0.18	0	2	0.046569
0.75	0.22	0	2	0.0600737
0.75	0.26	0	2	0.0734079
0.75	0.3	0	2	0.0989941
0.75	0.34	0	2	0.101248
0.75	0.38	0	2	0.114568
0.75	0.42	0	2	0.136972
0.75	0.46	0	2	0.122461
0.75	0.5	0	2	0.128227
0.75	0.54	0	2	0.128851
0.75	0.58	0	2	0.120231
0.75	0.62	0	2	0.117841
0.75	0.66	0	2	0.108331
0.75	0.7	0	2	0.0864405
0.75	0.74	0	2	0.0731095
0.75	0.78	0	2	0.0607946
0.75	0.82	0	2	0.0458179
0.75	0.86	0	2	0.033437
0.75	0.9	0	2	0.0261495
0.75	0.94	0	2	0.0170725
0.75	0.98	0	2	0.0131676
0.783333	-0.98	0	2	0.00804088
0.783333	-0.94	0	2	0.00652067
0.783333	-0.9	0	2	0.00407202
0.783333	-0.86	0	2	0.00302237
0.783333	-0.82	0	2	0.00178574
0.783333	-0.78	0	2	0.00124118
0.783333	-0.74	0	2	0.000974005
0.783333	-0.7	0	2	0.000664129
0.783333	-0.66	0	2	0.00044798
0.783333	-0.62	0	2	0.000302736
0.783333	-0.58	0	2	0.00020679
0.783333	-0.54	0	2	0.000138661
0.783333	-0.5	0	2	9.92818e-05
0.783333	-0.46	0	2	6.45173e-05
0.783333	-0.42	0	2	4.53342e-05
0.783333	-0.38	0	2	2.97637e-05
0.783333	-0.34	0	2	2.17354e-05
0.783333	-0.3	0	2	1.31016e-05
0.783333	-0.26	0	2	1.02544e-05
0.783333	-0.22	0	2	5.92667e-06
0.783333	-0.18	0	2	4.82214e-06
0.783333	-0.14	0	2	3.13838e-06
0.783333	-0.1	0	2	2.10449e-06
0.783333	-0.06	0	2	1.39376e-06
0.783333	-0.02	0	2	8.24437e-07
0.783333	0.02	0	2	0.0117176
0.783333	0.06	0	2	0.0151903
0.783333	0.1	0	2	0.0208453
0.783333	0.14	0	2	0.0325307
0.783333	0.18	0	2	0.0376658
0.783333	0.22	0	2	0.0440191
0.783333	0.26	0	2	0.059507
0.783333	0.3	0	2	0.0753566
0.783333	0.34	0	2	0.0824052
0.783333	0.38	0	2	0.0953415
0.783333	0.42	0	2	0.0972527
0.783333	0.46	0	2	0.103082
0.783333	0.5	0	2	0.113827
0.783333	0.54	0	2	0.103526
0.783333	0.58	0	2	0.103595
0.783333	0.62	0	2	0.0957306
0.783333	0.66	0	2	0.0907149
0.783333	0.7	0	2	0.0658253
0.783333	0.74	0	2	0.0533084
0.783333	0.78	0	2	0.0462201
0.783333	0.82	0	2	0.0436295
0.783333	0.86	0	2	0.0286894
0.783333	0.9	0	2	0.0214742
0.783333	0.94	0	2	0.0168414
0.783333	0.98	0	2	0.0110481
0.816667	-0.98	0	2	0.00716079
0.816667	-0.94	0	2	0.00488297
0.816667	-0.9	0	2	0.00350116
0.816667	-0.86	0	2	0.0026896
0.816667	-0.82	0	2	0.00175779
0.816667	-0.78	0	2	0.00121339
0.816667	-0.74	0	2	0.00083775
0.816667	-0.7	0	2	0.000571654
0.816667	-0.66	0	2	0.000390576
0.816667	-0.62	0	2	0.000277613
0.816667	-0.58	0	2	0.000191206
0.816667	-0.54	0	2	0.000127692
0.816667	-0.5	0	2	9.97528e-05
0.816667	-0.46	0	2	6.33315e-05
0.816667	-0.42	0	2	4.57319e-05
0.816667	-0.38	0	2	2.73047e-05
0.816667	-0.34	0	2	1.90469e-05
0.816667	-0.3	0	2	1.3051e-05
0.816667	-0.26	0	2	8.825e-06
0.816667	-0.22	0	2	6.13591e-06
0.816667	-0.18	0	2	3.77426e-06
0.816667	-0.14	0	2	2.65954e-06
0.816667	-0.1	0	2	2.0241e-06
0.816667	-0.06	0	2	1.33862e-06
0.816667	-0.02	0	2	9.12547e-07
0.816667	0.02	0	2	0.00940691
0.816667	0.06	0	2	0.014383
0.816667	0.1	0	2	0.018449
0.816667	0.14	0	2	0.0245747
0.816667	0.18	0	2	0.0305169
0.816667	0.22	0	2	0.0380629
0.816667	0.26	0	2	0.0514416
0.816667	0.3	0	2	0.0573183
0.816667	0.34	0	2	0.0663006
0.816667	0.38	0	2	0.088742
0.816667	0.42	0	2	0.074852
0.816667	0.46	0	2	0.092058
0.816667	0.5	0	2	0.0939752
0.816667	0.54	0	2	0.0761735
0.816667	0.58	0	2	0.0841226
0.816667	0.62	0	2	0.0792677
0.816667	0.66	0	2	0.0705146
0.816667	0.7	0	2	0.0619134
0.816667	0.74	0	2	0.0457931
0.816667	0.78	0	2	0.0406767
0.816667	0.82	0	2	0.0328347
0.816667	0.86	0	2	0.024872
0.816667	0.9	0	2	0.016507
0.816667	0.94	0	2	0.0146043
0.816667	0.98	0	2	0.00952803
0.85	-0.98	0	2	0.00600875
0.85	-0.94	0	2	0.00476285
0.85	-0.9	0	2	0.00290883
0.85	-0.86	0	2	0.00215802
0.85	-0.82	0	2	0.00141931
0.85	-0.78	0	2	0.00116498
0.85	-0.74	0	2	0.000708647
0.85	-0.7	0	2	0.000511503
0.85	-0.66	0	2	0.000327818
0.85	-0.62	0	2	0.000230483
0.85	-0.58	0	2	0.000163002
0.85	-0.54	0	2	0.000120727
0.85	-0.5	0	2	8.3176e-05
0.85	-0.46	0	2	5.81115e-05
0.85	-0.42	0	2	4.02138e-05
0.85	-0.38	0	2	2.6519e-05
0.85	-0.34	0	2	1.72278e-05
0.85	-0.3	0	2	1.17407e-05
0.85	-0.26	0	2	8.66208e-06
0.85	-0.22	0	2	5.70981e-06
0.85	-0.18	0	2	3.7413e-06
0.85	-0.14	0	2	2.49867e-06
0.85	-0.1	0	2	1.75972e-06
0.85	-0.06	0	2	1.15955e-06
0.85	-0.02	0	2	7.30221e-07
0.85	0.02	0	2	0.0084339
0.85	0.06	0	2	0.0102282
0.85	0.1	0	2	0.0164505
0.85	0.14	0	2	0.0220596
0.85	0.18	0	2	0.0244145
0.85	0.22	0	2	0.0335425
0.85	0.26	0	2	0.0418717
0.85	0.3	0	2	0.0459897
0.85	0.34	0	2	0.0524183
0.85	0.38	0	2	0.0591123
0.85	0.42	0	2	0.0691435
0.85	0.46	0	2	0.0758419
0.85	0.5	0	2	0.0704262
0.85	0.54	0	2	0.0704042
0.85	0.58	0	2	0.071049
0.85	0.62	0	2	0.0586114
0.85	0.66	0	2	0.0539797
0.85	0.7	0	2	0.04522
0.85	0.74	0	2	0.0407444
0.85	0.78	0	2	0.0296117
0.85	0.82	0	2	0.0235833
0.85	0.86	0	2	0.0193222
0.85	0.9	0	2	0.0157166
0.85	0.94	0	2	0.0108218
0.85	0.98	0	2	0.0084339
0.883333	-0.98	0	2	0.00475585
0.883333	-0.94	0	2	0.00343565
0.883333	-0.9	0	2	0.00255492
0.883333	-0.86	0	2	0.00204933
0.883333	-0.82	0	2	0.00122871
0.883333	-0.78	0	2	0.000873956
0.883333	-0.74	0	2	0.000692651
0.883333	-0.7	0	2	0.000434212
0.883333	-0.66	0	2	0.000322975
0.883333	-0.62	0	2	0.000227788
0.883333	-0.58	0	2	0.000150275
0.883333	-0.54	0	2	9.56651e-05
0.883333	-0.5	0	2	6.94534e-05
0.883333	-0.46	0	2	4.85758e-05
0.883333	-0.42	0	2	3.51555e-05
0.883333	-0.38	0	2	2.21925e-05
0.883333	-0.34	0	2	1.73416e-05
0.883333	-0.3	0	2	1.07849e-05
0.883333	-0.26	0	2	7.45493e-06
0.883333	-0.22	0	2	5.27133e-06
0.883333	-0.18	0	2	3.15334e-06
0.883333	-0.14	0	2	2.3969e-06
0.883333	-0.1	0	2	1.43389e-06
0.883333	-0.06	0	2	1.0769e-06
0.883333	-0.02	0	2	7.37444e-07
0.883333	0.02	0	2	0.00654219
0.883333	0.06	0	2	0.00929762
0.883333	0.1	0	2	0.0113589
0.883333	0.14	0	2	0.0157346
0.883333	0.18	0	2	0.0183336
0.883333	0.22	0	2	0.0245182
0.883333	0.26	0	2	0.0270572
0.883333	0.3	0	2	0.0383516
0.883333	0.34	0	2	0.044138
0.883333	0.38	0	2	0.0496505
0.883333	0.42	0	2	0.0464933
0.883333	0.46	0	2	0.0508464
0.883333	0.5	0	2	0.057336
0.883333	0.54	0	2	0.0535108
0.883333	0.58	0	2	0.0492406
0.883333	0.62	0	2	0.0403045
0.883333	0.66	0	2	0.0437905
0.883333	0.7	0	2	0.0394044
0.883333	0.74	0	2	0.0308503
0.883333	0.78	0	2	0.0234837
0.883333	0.82	0	2	0.0207286
0.883333	0.86	0	2	0.0167019
0.883333	0.9	0	2	0.0121984
0.883333	0.94	0	2	0.00918605
0.883333	0.98	0	2	0.0079224
0.916667	-0.98	0	2	0.0039113
0.916667	-0.94	0	2	0.00292229
0.916667	-0.9	0	2	0.00202171
0.916667	-0.86	0	2	0.00151717
0.916667	-0.82	0	2	0.00105202
0.916667	-0.78	0	2	0.000839916
0.916667	-0.74	0	2	0.000584213
0.916667	-0.7	0	2	0.000390095
0.916667	-0.66	0	2	0.000268751
0.916667	-0.62	0	2	0.000187567
0.916667	-0.58	0	2	0.000140248
0.916667	-0.54	0	2	9.28006e-05
0.916667	-0.5	0	2	6.16289e-05
0.916667	-0.46	0	2	4.83067e-05
0.916667	-0.42	0	2	3.01992e-05
0.916667	-0.38	0	2	1.97541e-05
0.916667	-0.34	0	2	1.50299e-05
0.916667	-0.3	0	2	9.62581e-06
0.916667	-0.26	0	2	6.56503e-06
0.916667	-0.22	0	2	4.54701e-06
0.916667	-0.18	0	2	2.84996e-06
0.916667	-0.14	0	2	2.22556e-06
0.916667	-0.1	0	2	1.45182e-06
0.916667	-0.06	0	2	9.80922e-07
0.916667	-0.02	0	2	6.51086e-07
0.916667	0.02	0	2	0.00454933
0.916667	0.06	0	2	0.00721271
0.916667	0.1	0	2	0.00910035
0.916667	0.14	0	2	0.013312
0.916667	0.18	0	2	0.016393
0.916667	0.22	0	2	0.0206273
0.916667	0.26	0	2	0.0250493
0.916667	0.3	0	2	0.0289445
0.916667	0.34	0	2	0.0314387
0.916667	0.38	0	2	0.0333336
0.916667	0.42	0	2	0.0407807
0.916667	0.46	0	2	0.0377222
0.916667	0.5	0	2	0.0405707
0.916667	0.54	0	2	0.0387372
0.916667	0.58	0	2	0.0372346
0.916667	0.62	0	2	0.0334824
0.916667	0.66	0	2	0.0321048
0.916667	0.7	0	2	0.028134
0.916667	0.74	0	2	0.0248536
0.916667	0.78	0	2	0.0186935
0.916667	0.82	0	2	0.0155507
0.916667	0.86	0	2	0.0120369
0.916667	0.9	0	2	0.010164
0.916667	0.94	0	2	0.00748206
0.916667	0.98	0	2	0.00508719
0.95	-0.98	0	2	0.00361229
0.95	-0.94	0	2	0.00248714
0.95	-0.9	0	2	0.00180332
0.95	-0.86	0	2	0.00127034
0.95	-0.82	0	2	0.000940546
0.95	-0.78	0	2	0.000686013
0.95	-0.74	0	2	0.000468581
0.95	-0.7	0	2	0.000335626
0.95	-0.66	0	2	0.000237403
0.95	-0.62	0	2	0.0001572
0.95	-0.58	0	2	0.000117459
0.95	-0.54	0	2	7.66543e-05
0.95	-0.5	0	2	5.51202e-05
0.95	-0.46	0	2	3.77562e-05
0.95	-0.42	0	2	2.75492e-05
0.95	-0.38	0	2	2.06112e-05
0.95	-0.34	0	2	1.13455e-05
0.95	-0.3	0	2	8.20159e-06
0.95	-0.26	0	2	5.783e-06
0.95	-0.22	0	2	3.79906e-06
0.95	-0.18	0	2	2.8231e-06
0.95	-0.14	0	2	1.95594e-06
0.95	-0.1	0	2	1.28849e-06
0.95	-0.06	0	2	8.83694e-07
0.95	-0.02	0	2	6.10534e-07
0.95	0.02	0	2	0.00440994
0.95	0.06	0	2	0.00583712
0.95	0.1	0	2	0.00742913
0.95	0.14	0	2	0.00933558
0.95	0.18	0	2	0.0124657
0.95	0.22	0	2	0.0161897
0.95	0.26	0	2	0.0183293
0.95	0.3	0	2	0.0212971
0.95	0.34	0	2	0.0254965
0.95	0.38	0	2	0.0281532
0.95	0.42	0	2	0.0310232
0.95	0.46	0	2	0.0311114
0.95	0.5	0	2	0.0308281
0.95	0.54	0	2	0.0289527
0.95	0.58	0	2	0.0266606
0.95	0.62	0	2	0.0283775
0.95	0.66	0	2	0.0254965
0.95	0.7	0	2	0.0205931
0.95	0.74	0	2	0.0173568
0.95	0.78	0	2	0.0143909
0.95	0.82	0	2	0.0120133
0.95	0.86	0	2	0.00845788
0.95	0.9	0	2	0.00733588
0.95	0.94	0	2	0.00552739
0.95	0.98	0	2	0.00494993
0.983333	-0.98	0	2	0.00282315
0.983333	-0.94	0	2	0.00194866
0.983333	-0.9	0	2	0.00147145
0.983333	-0.86	0	2	0.00101022
0.983333	-0.82	0	2	0.000732411
0.983333	-0.78	0	2	0.000574768
0.983333	-0.74	0	2	0.000404997
0.983333	-0.7	0	2	0.000266561
0.983333	-0.66	0	2	0.000198695
0.983333	-0.62	0	2	0.000139084
0.983333	-0.58	0	2	9.81969e-05
0.983333	-0.54	0	2	6.51302e-05
0.983333	-0.5	0	2	4.62924e-05
0.983333	-0.46	0	2	3.32166e-05
0.983333	-0.42	0	2	2.2701e-05
0.983333	-0.38	0	2	1.64711e-05
0.983333	-0.34	0	2	1.16269e-05
0.983333	-0.3	0	2	7.68093e-06
0.983333	-0.26	0	2	5.18619e-06
0.983333	-0.22	0	2	3.9465e-06
0.983333	-0.18	0	2	2.54696e-06
0.983333	-0.14	0	2	1.75539e-06
0.983333	-0.1	0	2	1.22293e-06
0.983333	-0.06	0	2	7.67371e-07
0.983333	-0.02	0	2	5.11224e-07
0.983333	0.02	0	2	0.00335032
0.983333	0.06	0	2	0.00422636
0.983333	0.1	0	2	0.00602412
0.983333	0.14	0	2	0.00825204
0.983333	0.18	0	2	0.008341
0.983333	0.22	0	2	0.012152
0.983333	0.26	0	2	0.0129111
0.983333	0.3	0	2	0.0160874
0.983333	0.34	0	2	0.0177999
0.983333	0.38	0	2	0.0196483
0.983333	0.42	0	2	0.0210775
0.983333	0.46	0	2	0.0219544
0.983333	0.5	0	2	0.0221922
0.983333	0.54	0	2	0.0246869
0.983333	0.58	0	2	0.0234194
0.983333	0.62	0	2	0.0199827
0.983333	0.66	0	2	0.0170457
0.983333	0.7	0	2	0.0175438
0.983333	0.74	0	2	0.0125147
0.983333	0.78	0	2	0.0113954
0.983333	0.82	0	2	0.0101946
0.983333	0.86	0	2	0.00741757
0.983333	0.9	0	2	0.00599983
0.983333	0.94	0	2	0.00417
0.983333	0.98	0	2	0.00293511
