-0.983333	-0.98	0	1.6	0.000169442
-0.983333	-0.94	0	1.6	0.000126761
-0.983333	-0.9	0	1.6	9.27194e-05
-0.983333	-0.86	0	1.6	6.79799e-05
-0.983333	-0.82	0	1.6	5.10855e-05
-0.983333	-0.78	0	1.6	3.7021e-05
-0.983333	-0.74	0	1.6	2.8092e-05
-0.983333	-0.7	0	1.6	1.95634e-05
-0.983333	-0.66	0	1.6	1.44913e-05
-0.983333	-0.62	0	1.6	9.69195e-06
-0.983333	-0.58	0	1.6	7.35295e-06
-0.983333	-0.54	0	1.6	5.09874e-06
-0.983333	-0.5	0	1.6	3.98122e-06
-0.983333	-0.46	0	1.6	2.48629e-06
-0.983333	-0.42	0	1.6	1.81784e-06
-0.983333	-0.38	0	1.6	1.27669e-06
-0.983333	-0.34	0	1.6	9.5834e-07
-0.983333	-0.3	0	1.6	6.31075e-07
-0.983333	-0.26	0	1.6	4.25214e-07
-0.983333	-0.22	0	1.6	3.16925e-07
-0.983333	-0.18	0	1.6	0.000786031
-0.983333	-0.14	0	1.6	0.000910637
-0.983333	-0.1	0	1.6	0.00129314
-0.983333	-0.06	0	1.6	0.00142467
-0.983333	-0.02	0	1.6	0.00157201
-0.983333	0.02	0	1.6	0.00197634
-0.983333	0.06	0	1.6	0.00222226
-0.983333	0.1	0	1.6	0.00225881
-0.983333	0.14	0	1.6	0.0026235
-0.983333	0.18	0	1.6	0.00282164
-0.983333	0.22	0	1.6	0.00324095
-0.983333	0.26	0	1.6	0.00325018
-0.983333	0.3	0	1.6	0.00308468
-0.983333	0.34	0	1.6	0.00335985
-0.983333	0.38	0	1.6	0.00323131
-0.983333	0.42	0	1.6	0.00316864
-0.983333	0.46	0	1.6	0.00238654
-0.983333	0.5	0	1.6	0.00240479
-0.983333	0.54	0	1.6	0.00214021
-0.983333	0.58	0	1.6	0.00192858
-0.983333	0.62	0	1.6	0.00155153
-0.983333	0.66	0	1.6	0.00133833
-0.983333	0.7	0	1.6	0.00123582
-0.983333	0.74	0	1.6	0.00100434
-0.983333	0.78	0	1.6	0.000800193
-0.983333	0.82	0	1.6	0.000595481
-0.983333	0.86	0	1.6	0.000472711
-0.983333	0.9	0	1.6	0.000364224
-0.983333	0.94	0	1.6	0.000272473
-0.983333	0.98	0	1.6	0.000217968
-0.95	-0.98	0	1.6	0.000133187
-0.95	-0.94	0	1.6	0.000102401
-0.95	-0.9	0	1.6	7.26584e-05
-0.95	-0.86	0	1.6	5.37528e-05
-0.95	-0.82	0	1.6	4.01415e-05
-0.95	-0.78	0	1.6	3.21063e-05
-0.95	-0.74	0	1.6	2.05843e-05
-0.95	-0.7	0	1.6	1.66532e-05
-0.95	-0.66	0	1.6	1.1603e-05
-0.95	-0.62	0	1.6	7.93433e-06
-0.95	-0.58	0	1.6	5.75684e-06
-0.95	-0.54	0	1.6	4.08195e-06
-0.95	-0.5	0	1.6	2.95961e-06
-0.95	-0.46	0	1.6	2.17203e-06
-0.95	-0.42	0	1.6	1.47371e-06
-0.95	-0.38	0	1.6	1.09933e-06
-0.95	-0.34	0	1.6	8.03889e-07
-0.95	-0.3	0	1.6	5.13946e-07
-0.95	-0.26	0	1.6	3.81926e-07
-0.95	-0.22	0	1.6	2.47884e-07
-0.95	-0.18	0	1.6	0.000595048
-0.95	-0.14	0	1.6	0.00070673
-0.95	-0.1	0	1.6	0.000890971
-0.95	-0.06	0	1.6	0.000986856
-0.95	-0.02	0	1.6	0.00121629
-0.95	0.02	0	1.6	0.00144966
-0.95	0.06	0	1.6	0.00154182
-0.95	0.1	0	1.6	0.00186967
-0.95	0.14	0	1.6	0.00205151
-0.95	0.18	0	1.6	0.0020223
-0.95	0.22	0	1.6	0.00213829
-0.95	0.26	0	1.6	0.00222861
-0.95	0.3	0	1.6	0.00221612
-0.95	0.34	0	1.6	0.00251525
-0.95	0.38	0	1.6	0.00223549
-0.95	0.42	0	1.6	0.00216064
-0.95	0.46	0	1.6	0.00195353
-0.95	0.5	0	1.6	0.00190874
-0.95	0.54	0	1.6	0.00166158
-0.95	0.58	0	1.6	0.0013971
-0.95	0.62	0	1.6	0.00129939
-0.95	0.66	0	1.6	0.000986856
-0.95	0.7	0	1.6	0.000848162
-0.95	0.74	0	1.6	0.000713335
-0.95	0.78	0	1.6	0.000580752
-0.95	0.82	0	1.6	0.000451041
-0.95	0.86	0	1.6	0.00037302
-0.95	0.9	0	1.6	0.000289465
-0.95	0.94	0	1.6	0.00021682
-0.95	0.98	0	1.6	0.0001887
-0.916667	-0.98	0	1.6	0.000101626
-0.916667	-0.94	0	1.6	7.60251e-05
-0.916667	-0.9	0	1.6	6.04092e-05
-0.916667	-0.86	0	1.6	4.32077e-05
-0.916667	-0.82	0	1.6	3.24505e-05
-0.916667	-0.78	0	1.6	2.40741e-05
-0.916667	-0.74	0	1.6	1.66641e-05
-0.916667	-0.7	0	1.6	1.25537e-05
-0.916667	-0.66	0	1.6	9.6085e-06
-0.916667	-0.62	0	1.6	6.71149e-06
-0.916667	-0.58	0	1.6	4.99816e-06
-0.916667	-0.54	0	1.6	3.52857e-06
-0.916667	-0.5	0	1.6	2.45767e-06
-0.916667	-0.46	0	1.6	1.74967e-06
-0.916667	-0.42	0	1.6	1.2858e-06
-0.916667	-0.38	0	1.6	8.87224e-07
-0.916667	-0.34	0	1.6	6.01978e-07
-0.916667	-0.3	0	1.6	4.73458e-07
-0.916667	-0.26	0	1.6	3.3857e-07
-0.916667	-0.22	0	1.6	2.14762e-07
-0.916667	-0.18	0	1.6	0.000428565
-0.916667	-0.14	0	1.6	0.00053947
-0.916667	-0.1	0	1.6	0.000651479
-0.916667	-0.06	0	1.6	0.000765963
-0.916667	-0.02	0	1.6	0.000886712
-0.916667	0.02	0	1.6	0.00108997
-0.916667	0.06	0	1.6	0.00117402
-0.916667	0.1	0	1.6	0.00132781
-0.916667	0.14	0	1.6	0.00152694
-0.916667	0.18	0	1.6	0.00145736
-0.916667	0.22	0	1.6	0.00165253
-0.916667	0.26	0	1.6	0.00166235
-0.916667	0.3	0	1.6	0.00173652
-0.916667	0.34	0	1.6	0.00165206
-0.916667	0.38	0	1.6	0.00152771
-0.916667	0.42	0	1.6	0.00162351
-0.916667	0.46	0	1.6	0.00131007
-0.916667	0.5	0	1.6	0.00134401
-0.916667	0.54	0	1.6	0.00121036
-0.916667	0.58	0	1.6	0.00102906
-0.916667	0.62	0	1.6	0.000875593
-0.916667	0.66	0	1.6	0.000723278
-0.916667	0.7	0	1.6	0.000707264
-0.916667	0.74	0	1.6	0.00060381
-0.916667	0.78	0	1.6	0.000428565
-0.916667	0.82	0	1.6	0.00033372
-0.916667	0.86	0	1.6	0.000280734
-0.916667	0.9	0	1.6	0.000215167
-0.916667	0.94	0	1.6	0.000169493
-0.916667	0.98	0	1.6	0.000138418
-0.883333	-0.98	0	1.6	7.662e-05
-0.883333	-0.94	0	1.6	6.23444e-05
-0.883333	-0.9	0	1.6	4.65834e-05
-0.883333	-0.86	0	1.6	3.58421e-05
-0.883333	-0.82	0	1.6	2.47251e-05
-0.883333	-0.78	0	1.6	1.90456e-05
-0.883333	-0.74	0	1.6	1.50564e-05
-0.883333	-0.7	0	1.6	1.1171e-05
-0.883333	-0.66	0	1.6	7.24562e-06
-0.883333	-0.62	0	1.6	4.98287e-06
-0.883333	-0.58	0	1.6	4.18084e-06
-0.883333	-0.54	0	1.6	2.70189e-06
-0.883333	-0.5	0	1.6	2.15411e-06
-0.883333	-0.46	0	1.6	1.64826e-06
-0.883333	-0.42	0	1.6	1.15479e-06
-0.883333	-0.38	0	1.6	7.51242e-07
-0.883333	-0.34	0	1.6	5.66185e-07
-0.883333	-0.3	0	1.6	4.12138e-07
-0.883333	-0.26	0	1.6	2.82006e-07
-0.883333	-0.22	0	1.6	1.92898e-07
-0.883333	-0.18	0	1.6	0.000326175
-0.883333	-0.14	0	1.6	0.000398061
-0.883333	-0.1	0	1.6	0.00048228
-0.883333	-0.06	0	1.6	0.000562017
-0.883333	-0.02	0	1.6	0.000698084
-0.883333	0.02	0	1.6	0.000742518
-0.883333	0.06	0	1.6	0.000930584
-0.883333	0.1	0	1.6	0.000973665
-0.883333	0.14	0	1.6	0.000955472
-0.883333	0.18	0	1.6	0.00115194
-0.883333	0.22	0	1.6	0.00114095
-0.883333	0.26	0	1.6	0.00118954
-0.883333	0.3	0	1.6	0.00111167
-0.883333	0.34	0	1.6	0.00121909
-0.883333	0.38	0	1.6	0.00114454
-0.883333	0.42	0	1.6	0.00110067
-0.883333	0.46	0	1.6	0.00102258
-0.883333	0.5	0	1.6	0.00100006
-0.883333	0.54	0	1.6	0.000840698
-0.883333	0.58	0	1.6	0.000726121
-0.883333	0.62	0	1.6	0.000626643
-0.883333	0.66	0	1.6	0.000590031
-0.883333	0.7	0	1.6	0.000477842
-0.883333	0.74	0	1.6	0.000410384
-0.883333	0.78	0	1.6	0.000339343
-0.883333	0.82	0	1.6	0.000250771
-0.883333	0.86	0	1.6	0.000214351
-0.883333	0.9	0	1.6	0.000171631
-0.883333	0.94	0	1.6	0.000129023
-0.883333	0.98	0	1.6	0.000108661
-0.85	-0.98	0	1.6	6.08828e-05
-0.85	-0.94	0	1.6	4.9473e-05
-0.85	-0.9	0	1.6	3.79766e-05
-0.85	-0.86	0	1.6	2.59602e-05
-0.85	-0.82	0	1.6	2.14544e-05
-0.85	-0.78	0	1.6	1.58017e-05
-0.85	-0.74	0	1.6	1.14962e-05
-0.85	-0.7	0	1.6	8.84036e-06
-0.85	-0.66	0	1.6	6.36622e-06
-0.85	-0.62	0	1.6	4.68809e-06
-0.85	-0.58	0	1.6	3.25106e-06
-0.85	-0.54	0	1.6	2.43409e-06
-0.85	-0.5	0	1.6	1.82987e-06
-0.85	-0.46	0	1.6	1.33352e-06
-0.85	-0.42	0	1.6	8.92805e-07
-0.85	-0.38	0	1.6	6.40801e-07
-0.85	-0.34	0	1.6	4.79979e-07
-0.85	-0.3	0	1.6	3.34326e-07
-0.85	-0.26	0	1.6	2.54506e-07
-0.85	-0.22	0	1.6	1.59714e-07
-0.85	-0.18	0	1.6	0.000245166
-0.85	-0.14	0	1.6	0.000302953
-0.85	-0.1	0	1.6	0.000338602
-0.85	-0.06	0	1.6	0.000398564
-0.85	-0.02	0	1.6	0.000447334
-0.85	0.02	0	1.6	0.000563888
-0.85	0.06	0	1.6	0.000624135
-0.85	0.1	0	1.6	0.00072799
-0.85	0.14	0	1.6	0.000786126
-0.85	0.18	0	1.6	0.000760079
-0.85	0.22	0	1.6	0.000829853
-0.85	0.26	0	1.6	0.000832288
-0.85	0.3	0	1.6	0.00088562
-0.85	0.34	0	1.6	0.000895903
-0.85	0.38	0	1.6	0.000827275
-0.85	0.42	0	1.6	0.000767459
-0.85	0.46	0	1.6	0.000751546
-0.85	0.5	0	1.6	0.000685542
-0.85	0.54	0	1.6	0.000620294
-0.85	0.58	0	1.6	0.000531422
-0.85	0.62	0	1.6	0.000526627
-0.85	0.66	0	1.6	0.000451448
-0.85	0.7	0	1.6	0.000318878
-0.85	0.74	0	1.6	0.000304789
-0.85	0.78	0	1.6	0.000257311
-0.85	0.82	0	1.6	0.000207012
-0.85	0.86	0	1.6	0.000155067
-0.85	0.9	0	1.6	0.000128973
-0.85	0.94	0	1.6	0.000101269
-0.85	0.98	0	1.6	7.92452e-05
-0.816667	-0.98	0	1.6	4.97826e-05
-0.816667	-0.94	0	1.6	3.44962e-05
-0.816667	-0.9	0	1.6	2.91117e-05
-0.816667	-0.86	0	1.6	2.21767e-05
-0.816667	-0.82	0	1.6	1.58145e-05
-0.816667	-0.78	0	1.6	1.31067e-05
-0.816667	-0.74	0	1.6	9.1666e-06
-0.816667	-0.7	0	1.6	7.14896e-06
-0.816667	-0.66	0	1.6	4.95535e-06
-0.816667	-0.62	0	1.6	3.82836e-06
-0.816667	-0.58	0	1.6	2.65116e-06
-0.816667	-0.54	0	1.6	2.04908e-06
-0.816667	-0.5	0	1.6	1.43864e-06
-0.816667	-0.46	0	1.6	1.05984e-06
-0.816667	-0.42	0	1.6	7.22048e-07
-0.816667	-0.38	0	1.6	5.62022e-07
-0.816667	-0.34	0	1.6	3.84542e-07
-0.816667	-0.3	0	1.6	2.73706e-07
-0.816667	-0.26	0	1.6	1.98529e-07
-0.816667	-0.22	0	1.6	1.44011e-07
-0.816667	-0.18	0	1.6	0.000184892
-0.816667	-0.14	0	1.6	0.00021283
-0.816667	-0.1	0	1.6	0.000272922
-0.816667	-0.06	0	1.6	0.000331939
-0.816667	-0.02	0	1.6	0.000352514
-0.816667	0.02	0	1.6	0.000408308
-0.816667	0.06	0	1.6	0.000455661
-0.816667	0.1	0	1.6	0.000484952
-0.816667	0.14	0	1.6	0.000536835
-0.816667	0.18	0	1.6	0.000615688
-0.816667	0.22	0	1.6	0.000603258
-0.816667	0.26	0	1.6	0.000614097
-0.816667	0.3	0	1.6	0.000619671
-0.816667	0.34	0	1.6	0.000612196
-0.816667	0.38	0	1.6	0.00057365
-0.816667	0.42	0	1.6	0.000562612
-0.816667	0.46	0	1.6	0.000530187
-0.816667	0.5	0	1.6	0.00049416
-0.816667	0.54	0	1.6	0.000413858
-0.816667	0.58	0	1.6	0.000398349
-0.816667	0.62	0	1.6	0.000344851
-0.816667	0.66	0	1.6	0.000297796
-0.816667	0.7	0	1.6	0.00028345
-0.816667	0.74	0	1.6	0.000240798
-0.816667	0.78	0	1.6	0.000186026
-0.816667	0.82	0	1.6	0.000146721
-0.816667	0.86	0	1.6	0.000118727
-0.816667	0.9	0	1.6	0.000103227
-0.816667	0.94	0	1.6	7.91452e-05
-0.816667	0.98	0	1.6	5.60307e-05
-0.783333	-0.98	0	1.6	3.73475e-05
-0.783333	-0.94	0	1.6	2.86069e-05
-0.783333	-0.9	0	1.6	2.26239e-05
-0.783333	-0.86	0	1.6	1.76961e-05
-0.783333	-0.82	0	1.6	1.17822e-05
-0.783333	-0.78	0	1.6	1.01704e-05
-0.783333	-0.74	0	1.6	7.16202e-06
-0.783333	-0.7	0	1.6	5.63551e-06
-0.783333	-0.66	0	1.6	3.82088e-06
-0.783333	-0.62	0	1.6	3.05558e-06
-0.783333	-0.58	0	1.6	2.28137e-06
-0.783333	-0.54	0	1.6	1.57538e-06
-0.783333	-0.5	0	1.6	1.22892e-06
-0.783333	-0.46	0	1.6	8.42253e-07
-0.783333	-0.42	0	1.6	6.38246e-07
-0.783333	-0.38	0	1.6	4.53366e-07
-0.783333	-0.34	0	1.6	3.38808e-07
-0.783333	-0.3	0	1.6	2.1361e-07
-0.783333	-0.26	0	1.6	1.52134e-07
-0.783333	-0.22	0	1.6	1.1966e-07
-0.783333	-0.18	0	1.6	0.00011751
-0.783333	-0.14	0	1.6	0.00016486
-0.783333	-0.1	0	1.6	0.000198311
-0.783333	-0.06	0	1.6	0.000228327
-0.783333	-0.02	0	1.6	0.000265571
-0.783333	0.02	0	1.6	0.000294378
-0.783333	0.06	0	1.6	0.000344451
-0.783333	0.1	0	1.6	0.000357044
-0.783333	0.14	0	1.6	0.000407169
-0.783333	0.18	0	1.6	0.000428664
-0.783333	0.22	0	1.6	0.000389195
-0.783333	0.26	0	1.6	0.000444474
-0.783333	0.3	0	1.6	0.00043461
-0.783333	0.34	0	1.6	0.000464925
-0.783333	0.38	0	1.6	0.000405134
-0.783333	0.42	0	1.6	0.00040704
-0.783333	0.46	0	1.6	0.00038681
-0.783333	0.5	0	1.6	0.000368132
-0.783333	0.54	0	1.6	0.000327279
-0.783333	0.58	0	1.6	0.000321551
-0.783333	0.62	0	1.6	0.000259171
-0.783333	0.66	0	1.6	0.000216493
-0.783333	0.7	0	1.6	0.000191741
-0.783333	0.74	0	1.6	0.000159297
-0.783333	0.78	0	1.6	0.00013019
-0.783333	0.82	0	1.6	0.000118327
-0.783333	0.86	0	1.6	0.000100298
-0.783333	0.9	0	1.6	7.4549e-05
-0.783333	0.94	0	1.6	6.2161e-05
-0.783333	0.98	0	1.6	4.38217e-05
-0.75	-0.98	0	1.6	2.75446e-05
-0.75	-0.94	0	1.6	2.19544e-05
-0.75	-0.9	0	1.6	1.61285e-05
-0.75	-0.86	0	1.6	1.27472e-05
-0.75	-0.82	0	1.6	9.84035e-06
-0.75	-0.78	0	1.6	7.30729e-06
-0.75	-0.74	0	1.6	5.47951e-06
-0.75	-0.7	0	1.6	4.233e-06
-0.75	-0.66	0	1.6	3.20919e-06
-0.75	-0.62	0	1.6	2.23314e-06
-0.75	-0.58	0	1.6	1.86507e-06
-0.75	-0.54	0	1.6	1.35137e-06
-0.75	-0.5	0	1.6	9.45034e-07
-0.75	-0.46	0	1.6	7.41288e-07
-0.75	-0.42	0	1.6	4.89797e-07
-0.75	-0.38	0	1.6	3.86546e-07
-0.75	-0.34	0	1.6	2.9209e-07
-0.75	-0.3	0	1.6	1.8702e-07
-0.75	-0.26	0	1.6	1.41764e-07
-0.75	-0.22	0	1.6	1.00775e-07
-0.75	-0.18	0	1.6	0.000105603
-0.75	-0.14	0	1.6	0.000126078
-0.75	-0.1	0	1.6	0.000138964
-0.75	-0.06	0	1.6	0.00017498
-0.75	-0.02	0	1.6	0.000175111
-0.75	0.02	0	1.6	0.000215942
-0.75	0.06	0	1.6	0.000237775
-0.75	0.1	0	1.6	0.000261811
-0.75	0.14	0	1.6	0.000262193
-0.75	0.18	0	1.6	0.000310833
-0.75	0.22	0	1.6	0.000309812
-0.75	0.26	0	1.6	0.000325534
-0.75	0.3	0	1.6	0.000331241
-0.75	0.34	0	1.6	0.00033922
-0.75	0.38	0	1.6	0.000316484
-0.75	0.42	0	1.6	0.000287063
-0.75	0.46	0	1.6	0.00026133
-0.75	0.5	0	1.6	0.000247399
-0.75	0.54	0	1.6	0.000244359
-0.75	0.58	0	1.6	0.000211992
-0.75	0.62	0	1.6	0.000196124
-0.75	0.66	0	1.6	0.000170389
-0.75	0.7	0	1.6	0.000140284
-0.75	0.74	0	1.6	0.000124582
-0.75	0.78	0	1.6	9.80601e-05
-0.75	0.82	0	1.6	7.80069e-05
-0.75	0.86	0	1.6	7.21565e-05
-0.75	0.9	0	1.6	5.91057e-05
-0.75	0.94	0	1.6	4.6943e-05
-0.75	0.98	0	1.6	3.60315e-05
-0.716667	-0.98	0	1.6	2.11509e-05
-0.716667	-0.94	0	1.6	1.73689e-05
-0.716667	-0.9	0	1.6	1.29289e-05
-0.716667	-0.86	0	1.6	9.78425e-06
-0.716667	-0.82	0	1.6	8.05811e-06
-0.716667	-0.78	0	1.6	6.16984e-06
-0.716667	-0.74	0	1.6	4.55234e-06
-0.716667	-0.7	0	1.6	3.43253e-06
-0.716667	-0.66	0	1.6	2.65387e-06
-0.716667	-0.62	0	1.6	2.14682e-06
-0.716667	-0.58	0	1.6	1.3758e-06
-0.716667	-0.54	0	1.6	1.09825e-06
-0.716667	-0.5	0	1.6	8.14939e-07
-0.716667	-0.46	0	1.6	5.84504e-07
-0.716667	-0.42	0	1.6	4.27714e-07
-0.716667	-0.38	0	1.6	3.19321e-07
-0.716667	-0.34	0	1.6	2.19091e-07
-0.716667	-0.3	0	1.6	1.67975e-07
-0.716667	-0.26	0	1.6	1.10327e-07
-0.716667	-0.22	0	1.6	7.71533e-08
-0.716667	-0.18	0	1.6	8.06844e-05
-0.716667	-0.14	0	1.6	9.33708e-05
-0.716667	-0.1	0	1.6	9.69664e-05
-0.716667	-0.06	0	1.6	0.000117598
-0.716667	-0.02	0	1.6	0.00015443
-0.716667	0.02	0	1.6	0.000137205
-0.716667	0.06	0	1.6	0.000175264
-0.716667	0.1	0	1.6	0.000177958
-0.716667	0.14	0	1.6	0.000208002
-0.716667	0.18	0	1.6	0.000210203
-0.716667	0.22	0	1.6	0.000223665
-0.716667	0.26	0	1.6	0.000239689
-0.716667	0.3	0	1.6	0.000215502
-0.716667	0.34	0	1.6	0.000219365
-0.716667	0.38	0	1.6	0.000207934
-0.716667	0.42	0	1.6	0.000223341
-0.716667	0.46	0	1.6	0.000202414
-0.716667	0.5	0	1.6	0.000186625
-0.716667	0.54	0	1.6	0.000159379
-0.716667	0.58	0	1.6	0.000161586
-0.716667	0.62	0	1.6	0.000135712
-0.716667	0.66	0	1.6	0.000118345
-0.716667	0.7	0	1.6	0.000107956
-0.716667	0.74	0	1.6	8.72934e-05
-0.716667	0.78	0	1.6	6.94912e-05
-0.716667	0.82	0	1.6	6.38081e-05
-0.716667	0.86	0	1.6	5.48824e-05
-0.716667	0.9	0	1.6	4.34822e-05
-0.716667	0.94	0	1.6	3.83045e-05
-0.716667	0.98	0	1.6	2.65875e-05
-0.683333	-0.98	0	1.6	1.73167e-05
-0.683333	-0.94	0	1.6	1.25109e-05
-0.683333	-0.9	0	1.6	1.01249e-05
-0.683333	-0.86	0	1.6	8.07415e-06
-0.683333	-0.82	0	1.6	6.40775e-06
-0.683333	-0.78	0	1.6	4.84235e-06
-0.683333	-0.74	0	1.6	3.51248e-06
-0.683333	-0.7	0	1.6	2.51748e-06
-0.683333	-0.66	0	1.6	2.08097e-06
-0.683333	-0.62	0	1.6	1.54965e-06
-0.683333	-0.58	0	1.6	1.09835e-06
-0.683333	-0.54	0	1.6	8.70266e-07
-0.683333	-0.5	0	1.6	6.31075e-07
-0.683333	-0.46	0	1.6	5.02798e-07
-0.683333	-0.42	0	1.6	3.46265e-07
-0.683333	-0.38	0	1.6	2.40429e-07
-0.683333	-0.34	0	1.6	1.73709e-07
-0.683333	-0.3	0	1.6	1.31127e-07
-0.683333	-0.26	0	1.6	9.79276e-08
-0.683333	-0.22	0	1.6	7.82921e-08
-0.683333	-0.18	0	1.6	5.62923e-05
-0.683333	-0.14	0	1.6	7.04526e-05
-0.683333	-0.1	0	1.6	7.54316e-05
-0.683333	-0.06	0	1.6	8.45834e-05
-0.683333	-0.02	0	1.6	9.7568e-05
-0.683333	0.02	0	1.6	0.000116888
-0.683333	0.06	0	1.6	0.000120634
-0.683333	0.1	0	1.6	0.000137112
-0.683333	0.14	0	1.6	0.000130923
-0.683333	0.18	0	1.6	0.000171764
-0.683333	0.22	0	1.6	0.000161444
-0.683333	0.26	0	1.6	0.000160769
-0.683333	0.3	0	1.6	0.000160013
-0.683333	0.34	0	1.6	0.00015474
-0.683333	0.38	0	1.6	0.000150648
-0.683333	0.42	0	1.6	0.000144395
-0.683333	0.46	0	1.6	0.000140753
-0.683333	0.5	0	1.6	0.00012711
-0.683333	0.54	0	1.6	0.000133654
-0.683333	0.58	0	1.6	0.000109951
-0.683333	0.62	0	1.6	0.000107789
-0.683333	0.66	0	1.6	8.64934e-05
-0.683333	0.7	0	1.6	7.35339e-05
-0.683333	0.74	0	1.6	6.06788e-05
-0.683333	0.78	0	1.6	6.35447e-05
-0.683333	0.82	0	1.6	4.79088e-05
-0.683333	0.86	0	1.6	3.68347e-05
-0.683333	0.9	0	1.6	3.05082e-05
-0.683333	0.94	0	1.6	2.50132e-05
-0.683333	0.98	0	1.6	1.85115e-05
-0.65	-0.98	0	1.6	1.17313e-05
-0.65	-0.94	0	1.6	1.02148e-05
-0.65	-0.9	0	1.6	7.12064e-06
-0.65	-0.86	0	1.6	6.46283e-06
-0.65	-0.82	0	1.6	4.49812e-06
-0.65	-0.78	0	1.6	3.76379e-06
-0.65	-0.74	0	1.6	3.00474e-06
-0.65	-0.7	0	1.6	2.17407e-06
-0.65	-0.66	0	1.6	1.56476e-06
-0.65	-0.62	0	1.6	1.28752e-06
-0.65	-0.58	0	1.6	9.01672e-07
-0.65	-0.54	0	1.6	6.71856e-07
-0.65	-0.5	0	1.6	4.74809e-07
-0.65	-0.46	0	1.6	3.58736e-07
-0.65	-0.42	0	1.6	2.80852e-07
-0.65	-0.38	0	1.6	1.98892e-07
-0.65	-0.34	0	1.6	1.50177e-07
-0.65	-0.3	0	1.6	1.08572e-07
-0.65	-0.26	0	1.6	7.31927e-08
-0.65	-0.22	0	1.6	5.63665e-08
-0.65	-0.18	0	1.6	3.76515e-05
-0.65	-0.14	0	1.6	4.90004e-05
-0.65	-0.1	0	1.6	5.40643e-05
-0.65	-0.06	0	1.6	6.61282e-05
-0.65	-0.02	0	1.6	6.53347e-05
-0.65	0.02	0	1.6	8.14699e-05
-0.65	0.06	0	1.6	8.91345e-05
-0.65	0.1	0	1.6	9.52486e-05
-0.65	0.14	0	1.6	0.00010287
-0.65	0.18	0	1.6	0.000111841
-0.65	0.22	0	1.6	0.000119681
-0.65	0.26	0	1.6	0.000105517
-0.65	0.3	0	1.6	0.000120475
-0.65	0.34	0	1.6	0.000111999
-0.65	0.38	0	1.6	0.000119329
-0.65	0.42	0	1.6	0.000109807
-0.65	0.46	0	1.6	0.00010737
-0.65	0.5	0	1.6	9.13425e-05
-0.65	0.54	0	1.6	8.91345e-05
-0.65	0.58	0	1.6	8.04641e-05
-0.65	0.62	0	1.6	6.98406e-05
-0.65	0.66	0	1.6	6.09495e-05
-0.65	0.7	0	1.6	5.23259e-05
-0.65	0.74	0	1.6	5.0349e-05
-0.65	0.78	0	1.6	4.02042e-05
-0.65	0.82	0	1.6	3.62177e-05
-0.65	0.86	0	1.6	2.81052e-05
-0.65	0.9	0	1.6	2.33112e-05
-0.65	0.94	0	1.6	1.848e-05
-0.65	0.98	0	1.6	1.52777e-05
-0.616667	-0.98	0	1.6	1.01117e-05
-0.616667	-0.94	0	1.6	7.55048e-06
-0.616667	-0.9	0	1.6	5.97695e-06
-0.616667	-0.86	0	1.6	4.46035e-06
-0.616667	-0.82	0	1.6	3.58128e-06
-0.616667	-0.78	0	1.6	2.77356e-06
-0.616667	-0.74	0	1.6	2.06582e-06
-0.616667	-0.7	0	1.6	1.7569e-06
-0.616667	-0.66	0	1.6	1.26028e-06
-0.616667	-0.62	0	1.6	9.82712e-07
-0.616667	-0.58	0	1.6	6.87206e-07
-0.616667	-0.54	0	1.6	5.61448e-07
-0.616667	-0.5	0	1.6	3.85515e-07
-0.616667	-0.46	0	1.6	3.15653e-07
-0.616667	-0.42	0	1.6	2.35135e-07
-0.616667	-0.38	0	1.6	1.75457e-07
-0.616667	-0.34	0	1.6	1.104e-07
-0.616667	-0.3	0	1.6	8.24922e-08
-0.616667	-0.26	0	1.6	6.35631e-08
-0.616667	-0.22	0	1.6	4.65281e-08
-0.616667	-0.18	0	1.6	3.2304e-05
-0.616667	-0.14	0	1.6	3.49062e-05
-0.616667	-0.1	0	1.6	3.86809e-05
-0.616667	-0.06	0	1.6	4.92389e-05
-0.616667	-0.02	0	1.6	4.86261e-05
-0.616667	0.02	0	1.6	5.77457e-05
-0.616667	0.06	0	1.6	6.63935e-05
-0.616667	0.1	0	1.6	7.05937e-05
-0.616667	0.14	0	1.6	7.05198e-05
-0.616667	0.18	0	1.6	7.42279e-05
-0.616667	0.22	0	1.6	7.8774e-05
-0.616667	0.26	0	1.6	9.18927e-05
-0.616667	0.3	0	1.6	7.72312e-05
-0.616667	0.34	0	1.6	8.28583e-05
-0.616667	0.38	0	1.6	7.95315e-05
-0.616667	0.42	0	1.6	7.7635e-05
-0.616667	0.46	0	1.6	7.67625e-05
-0.616667	0.5	0	1.6	7.03771e-05
-0.616667	0.54	0	1.6	7.03932e-05
-0.616667	0.58	0	1.6	5.84743e-05
-0.616667	0.62	0	1.6	5.00996e-05
-0.616667	0.66	0	1.6	4.61887e-05
-0.616667	0.7	0	1.6	3.89354e-05
-0.616667	0.74	0	1.6	3.5677e-05
-0.616667	0.78	0	1.6	3.1268e-05
-0.616667	0.82	0	1.6	2.36557e-05
-0.616667	0.86	0	1.6	2.28554e-05
-0.616667	0.9	0	1.6	1.78203e-05
-0.616667	0.94	0	1.6	1.44287e-05
-0.616667	0.98	0	1.6	1.13141e-05
-0.583333	-0.98	0	1.6	7.51656e-06
-0.583333	-0.94	0	1.6	6.00858e-06
-0.583333	-0.9	0	1.6	4.65024e-06
-0.583333	-0.86	0	1.6	3.60243e-06
-0.583333	-0.82	0	1.6	2.83996e-06
-0.583333	-0.78	0	1.6	2.27132e-06
-0.583333	-0.74	0	1.6	1.80328e-06
-0.583333	-0.7	0	1.6	1.27918e-06
-0.583333	-0.66	0	1.6	1.03273e-06
-0.583333	-0.62	0	1.6	7.1801e-07
-0.583333	-0.58	0	1.6	5.79743e-07
-0.583333	-0.54	0	1.6	4.19567e-07
-0.583333	-0.5	0	1.6	3.22805e-07
-0.583333	-0.46	0	1.6	2.37341e-07
-0.583333	-0.42	0	1.6	1.71515e-07
-0.583333	-0.38	0	1.6	1.34797e-07
-0.583333	-0.34	0	1.6	9.46297e-08
-0.583333	-0.3	0	1.6	7.08814e-08
-0.583333	-0.26	0	1.6	5.15979e-08
-0.583333	-0.22	0	1.6	3.72025e-08
-0.583333	-0.18	0	1.6	2.27596e-05
-0.583333	-0.14	0	1.6	2.68278e-05
-0.583333	-0.1	0	1.6	3.2465e-05
-0.583333	-0.06	0	1.6	3.4072e-05
-0.583333	-0.02	0	1.6	3.98267e-05
-0.583333	0.02	0	1.6	4.02244e-05
-0.583333	0.06	0	1.6	4.77971e-05
-0.583333	0.1	0	1.6	5.22622e-05
-0.583333	0.14	0	1.6	4.95446e-05
-0.583333	0.18	0	1.6	5.48673e-05
-0.583333	0.22	0	1.6	5.72217e-05
-0.583333	0.26	0	1.6	6.30878e-05
-0.583333	0.3	0	1.6	5.85101e-05
-0.583333	0.34	0	1.6	5.90177e-05
-0.583333	0.38	0	1.6	6.03001e-05
-0.583333	0.42	0	1.6	5.48673e-05
-0.583333	0.46	0	1.6	5.3036e-05
-0.583333	0.5	0	1.6	5.08582e-05
-0.583333	0.54	0	1.6	4.95299e-05
-0.583333	0.58	0	1.6	4.03563e-05
-0.583333	0.62	0	1.6	3.87567e-05
-0.583333	0.66	0	1.6	3.34371e-05
-0.583333	0.7	0	1.6	2.98603e-05
-0.583333	0.74	0	1.6	2.47268e-05
-0.583333	0.78	0	1.6	2.07474e-05
-0.583333	0.82	0	1.6	1.85619e-05
-0.583333	0.86	0	1.6	1.54472e-05
-0.583333	0.9	0	1.6	1.36701e-05
-0.583333	0.94	0	1.6	1.13257e-05
-0.583333	0.98	0	1.6	9.32326e-06
-0.55	-0.98	0	1.6	5.13295e-06
-0.55	-0.94	0	1.6	4.33799e-06
-0.55	-0.9	0	1.6	3.58516e-06
-0.55	-0.86	0	1.6	2.86808e-06
-0.55	-0.82	0	1.6	2.36561e-06
-0.55	-0.78	0	1.6	1.79581e-06
-0.55	-0.74	0	1.6	1.2955e-06
-0.55	-0.7	0	1.6	9.836e-07
-0.55	-0.66	0	1.6	7.71348e-07
-0.55	-0.62	0	1.6	5.67781e-07
-0.55	-0.58	0	1.6	4.02488e-07
-0.55	-0.54	0	1.6	3.207e-07
-0.55	-0.5	0	1.6	2.57567e-07
-0.55	-0.46	0	1.6	2.00869e-07
-0.55	-0.42	0	1.6	1.46383e-07
-0.55	-0.38	0	1.6	1.07173e-07
-0.55	-0.34	0	1.6	7.71739e-08
-0.55	-0.3	0	1.6	5.35444e-08
-0.55	-0.26	0	1.6	4.39477e-08
-0.55	-0.22	0	1.6	2.86585e-08
-0.55	-0.18	0	1.6	1.64382e-05
-0.55	-0.14	0	1.6	1.88336e-05
-0.55	-0.1	0	1.6	2.25542e-05
-0.55	-0.06	0	1.6	2.37981e-05
-0.55	-0.02	0	1.6	2.86394e-05
-0.55	0.02	0	1.6	3.14905e-05
-0.55	0.06	0	1.6	3.41853e-05
-0.55	0.1	0	1.6	3.40441e-05
-0.55	0.14	0	1.6	3.92039e-05
-0.55	0.18	0	1.6	3.88871e-05
-0.55	0.22	0	1.6	3.92189e-05
-0.55	0.26	0	1.6	4.17684e-05
-0.55	0.3	0	1.6	4.63326e-05
-0.55	0.34	0	1.6	4.22988e-05
-0.55	0.38	0	1.6	4.15565e-05
-0.55	0.42	0	1.6	3.9138e-05
-0.55	0.46	0	1.6	3.7172e-05
-0.55	0.5	0	1.6	3.55047e-05
-0.55	0.54	0	1.6	3.52276e-05
-0.55	0.58	0	1.6	3.20631e-05
-0.55	0.62	0	1.6	2.70866e-05
-0.55	0.66	0	1.6	2.47223e-05
-0.55	0.7	0	1.6	2.23504e-05
-0.55	0.74	0	1.6	1.81821e-05
-0.55	0.78	0	1.6	1.76634e-05
-0.55	0.82	0	1.6	1.43199e-05
-0.55	0.86	0	1.6	1.24485e-05
-0.55	0.9	0	1.6	1.03048e-05
-0.55	0.94	0	1.6	7.78767e-06
-0.55	0.98	0	1.6	6.71446e-06
-0.516667	-0.98	0	1.6	4.32298e-06
-0.516667	-0.94	0	1.6	3.30148e-06
-0.516667	-0.9	0	1.6	2.72345e-06
-0.516667	-0.86	0	1.6	1.79404e-06
-0.516667	-0.82	0	1.6	1.66225e-06
-0.516667	-0.78	0	1.6	1.18654e-06
-0.516667	-0.74	0	1.6	1.0492e-06
-0.516667	-0.7	0	1.6	8.00626e-07
-0.516667	-0.66	0	1.6	6.35589e-07
-0.516667	-0.62	0	1.6	4.89619e-07
-0.516667	-0.58	0	1.6	3.58512e-07
-0.516667	-0.54	0	1.6	2.6828e-07
-0.516667	-0.5	0	1.6	2.09854e-07
-0.516667	-0.46	0	1.6	1.4989e-07
-0.516667	-0.42	0	1.6	1.14463e-07
-0.516667	-0.38	0	1.6	7.82988e-08
-0.516667	-0.34	0	1.6	6.27039e-08
-0.516667	-0.3	0	1.6	4.87344e-08
-0.516667	-0.26	0	1.6	3.91287e-08
-0.516667	-0.22	0	1.6	2.54134e-08
-0.516667	-0.18	0	1.6	1.11775e-05
-0.516667	-0.14	0	1.6	1.25302e-05
-0.516667	-0.1	0	1.6	1.59593e-05
-0.516667	-0.06	0	1.6	1.7083e-05
-0.516667	-0.02	0	1.6	2.07666e-05
-0.516667	0.02	0	1.6	2.32563e-05
-0.516667	0.06	0	1.6	2.56411e-05
-0.516667	0.1	0	1.6	2.76665e-05
-0.516667	0.14	0	1.6	2.80928e-05
-0.516667	0.18	0	1.6	2.95343e-05
-0.516667	0.22	0	1.6	3.00802e-05
-0.516667	0.26	0	1.6	3.24061e-05
-0.516667	0.3	0	1.6	2.93729e-05
-0.516667	0.34	0	1.6	3.06005e-05
-0.516667	0.38	0	1.6	3.1384e-05
-0.516667	0.42	0	1.6	3.20555e-05
-0.516667	0.46	0	1.6	2.74914e-05
-0.516667	0.5	0	1.6	2.55632e-05
-0.516667	0.54	0	1.6	2.51899e-05
-0.516667	0.58	0	1.6	2.1669e-05
-0.516667	0.62	0	1.6	1.88901e-05
-0.516667	0.66	0	1.6	1.78111e-05
-0.516667	0.7	0	1.6	1.66036e-05
-0.516667	0.74	0	1.6	1.48282e-05
-0.516667	0.78	0	1.6	1.18527e-05
-0.516667	0.82	0	1.6	1.05614e-05
-0.516667	0.86	0	1.6	8.61932e-06
-0.516667	0.9	0	1.6	7.18252e-06
-0.516667	0.94	0	1.6	5.81421e-06
-0.516667	0.98	0	1.6	5.08112e-06
-0.483333	-0.98	0	1.6	3.17184e-06
-0.483333	-0.94	0	1.6	2.49122e-06
-0.483333	-0.9	0	1.6	2.05131e-06
-0.483333	-0.86	0	1.6	1.6604e-06
-0.483333	-0.82	0	1.6	1.2784e-06
-0.483333	-0.78	0	1.6	9.98383e-07
-0.483333	-0.74	0	1.6	8.23461e-07
-0.483333	-0.7	0	1.6	6.00687e-07
-0.483333	-0.66	0	1.6	4.36545e-07
-0.483333	-0.62	0	1.6	3.4815e-07
-0.483333	-0.58	0	1.6	2.66237e-07
-0.483333	-0.54	0	1.6	2.17706e-07
-0.483333	-0.5	0	1.6	1.71282e-07
-0.483333	-0.46	0	1.6	1.23769e-07
-0.483333	-0.42	0	1.6	8.63325e-08
-0.483333	-0.38	0	1.6	6.82601e-08
-0.483333	-0.34	0	1.6	5.24877e-08
-0.483333	-0.3	0	1.6	3.76058e-08
-0.483333	-0.26	0	1.6	2.68126e-08
-0.483333	-0.22	0	1.6	2.00342e-08
-0.483333	-0.18	0	1.6	8.72536e-06
-0.483333	-0.14	0	1.6	1.03681e-05
-0.483333	-0.1	0	1.6	1.15967e-05
-0.483333	-0.06	0	1.6	1.35943e-05
-0.483333	-0.02	0	1.6	1.49126e-05
-0.483333	0.02	0	1.6	1.57626e-05
-0.483333	0.06	0	1.6	1.70824e-05
-0.483333	0.1	0	1.6	1.95651e-05
-0.483333	0.14	0	1.6	1.81514e-05
-0.483333	0.18	0	1.6	2.14563e-05
-0.483333	0.22	0	1.6	2.07017e-05
-0.483333	0.26	0	1.6	2.18627e-05
-0.483333	0.3	0	1.6	1.98816e-05
-0.483333	0.34	0	1.6	2.16584e-05
-0.483333	0.38	0	1.6	2.03678e-05
-0.483333	0.42	0	1.6	1.96467e-05
-0.483333	0.46	0	1.6	2.14236e-05
-0.483333	0.5	0	1.6	1.85752e-05
-0.483333	0.54	0	1.6	1.67028e-05
-0.483333	0.58	0	1.6	1.66605e-05
-0.483333	0.62	0	1.6	1.39154e-05
-0.483333	0.66	0	1.6	1.27396e-05
-0.483333	0.7	0	1.6	1.17412e-05
-0.483333	0.74	0	1.6	1.08437e-05
-0.483333	0.78	0	1.6	9.08318e-06
-0.483333	0.82	0	1.6	8.13314e-06
-0.483333	0.86	0	1.6	5.86973e-06
-0.483333	0.9	0	1.6	5.56782e-06
-0.483333	0.94	0	1.6	4.14926e-06
-0.483333	0.98	0	1.6	3.70872e-06
-0.45	-0.98	0	1.6	2.30681e-06
-0.45	-0.94	0	1.6	1.82314e-06
-0.45	-0.9	0	1.6	1.43741e-06
-0.45	-0.86	0	1.6	1.26057e-06
-0.45	-0.82	0	1.6	8.38398e-07
-0.45	-0.78	0	1.6	8.24196e-07
-0.45	-0.74	0	1.6	6.23587e-07
-0.45	-0.7	0	1.6	4.63664e-07
-0.45	-0.66	0	1.6	3.7721e-07
-0.45	-0.62	0	1.6	3.05349e-07
-0.45	-0.58	0	1.6	2.31733e-07
-0.45	-0.54	0	1.6	1.53179e-07
-0.45	-0.5	0	1.6	1.28591e-07
-0.45	-0.46	0	1.6	1.00519e-07
-0.45	-0.42	0	1.6	7.52226e-08
-0.45	-0.38	0	1.6	5.40315e-08
-0.45	-0.34	0	1.6	4.27091e-08
-0.45	-0.3	0	1.6	3.04485e-08
-0.45	-0.26	0	1.6	2.23446e-08
-0.45	-0.22	0	1.6	1.57773e-08
-0.45	-0.18	0	1.6	6.41575e-06
-0.45	-0.14	0	1.6	7.64402e-06
-0.45	-0.1	0	1.6	8.81405e-06
-0.45	-0.06	0	1.6	8.92602e-06
-0.45	-0.02	0	1.6	1.08659e-05
-0.45	0.02	0	1.6	1.13523e-05
-0.45	0.06	0	1.6	1.18464e-05
-0.45	0.1	0	1.6	1.52529e-05
-0.45	0.14	0	1.6	1.39739e-05
-0.45	0.18	0	1.6	1.47955e-05
-0.45	0.22	0	1.6	1.51792e-05
-0.45	0.26	0	1.6	1.64493e-05
-0.45	0.3	0	1.6	1.44426e-05
-0.45	0.34	0	1.6	1.52779e-05
-0.45	0.38	0	1.6	1.43173e-05
-0.45	0.42	0	1.6	1.40998e-05
-0.45	0.46	0	1.6	1.39296e-05
-0.45	0.5	0	1.6	1.27806e-05
-0.45	0.54	0	1.6	1.29412e-05
-0.45	0.58	0	1.6	1.17488e-05
-0.45	0.62	0	1.6	1.02422e-05
-0.45	0.66	0	1.6	9.28069e-06
-0.45	0.7	0	1.6	7.76162e-06
-0.45	0.74	0	1.6	7.55137e-06
-0.45	0.78	0	1.6	6.69821e-06
-0.45	0.82	0	1.6	5.72145e-06
-0.45	0.86	0	1.6	4.76355e-06
-0.45	0.9	0	1.6	3.84994e-06
-0.45	0.94	0	1.6	3.20208e-06
-0.45	0.98	0	1.6	2.44756e-06
-0.416667	-0.98	0	1.6	1.78545e-06
-0.416667	-0.94	0	1.6	1.36112e-06
-0.416667	-0.9	0	1.6	1.09866e-06
-0.416667	-0.86	0	1.6	9.11683e-07
-0.416667	-0.82	0	1.6	7.29698e-07
-0.416667	-0.78	0	1.6	6.33025e-07
-0.416667	-0.74	0	1.6	4.66553e-07
-0.416667	-0.7	0	1.6	3.84124e-07
-0.416667	-0.66	0	1.6	2.74757e-07
-0.416667	-0.62	0	1.6	2.2393e-07
-0.416667	-0.58	0	1.6	1.73136e-07
-0.416667	-0.54	0	1.6	1.36794e-07
-0.416667	-0.5	0	1.6	1.05893e-07
-0.416667	-0.46	0	1.6	7.47612e-08
-0.416667	-0.42	0	1.6	5.80843e-08
-0.416667	-0.38	0	1.6	4.08978e-08
-0.416667	-0.34	0	1.6	3.18342e-08
-0.416667	-0.3	0	1.6	2.2411e-08
-0.416667	-0.26	0	1.6	1.78185e-08
-0.416667	-0.22	0	1.6	1.40552e-08
-0.416667	-0.18	0	1.6	5.17036e-06
-0.416667	-0.14	0	1.6	5.13968e-06
-0.416667	-0.1	0	1.6	5.93541e-06
-0.416667	-0.06	0	1.6	7.16393e-06
-0.416667	-0.02	0	1.6	7.08116e-06
-0.416667	0.02	0	1.6	8.22457e-06
-0.416667	0.06	0	1.6	9.10161e-06
-0.416667	0.1	0	1.6	9.34599e-06
-0.416667	0.14	0	1.6	9.78425e-06
-0.416667	0.18	0	1.6	1.08836e-05
-0.416667	0.22	0	1.6	1.15704e-05
-0.416667	0.26	0	1.6	1.04943e-05
-0.416667	0.3	0	1.6	1.18271e-05
-0.416667	0.34	0	1.6	1.14737e-05
-0.416667	0.38	0	1.6	1.05404e-05
-0.416667	0.42	0	1.6	1.04177e-05
-0.416667	0.46	0	1.6	1.00711e-05
-0.416667	0.5	0	1.6	9.70777e-06
-0.416667	0.54	0	1.6	9.46793e-06
-0.416667	0.58	0	1.6	8.30265e-06
-0.416667	0.62	0	1.6	7.72274e-06
-0.416667	0.66	0	1.6	6.64916e-06
-0.416667	0.7	0	1.6	5.89712e-06
-0.416667	0.74	0	1.6	5.52854e-06
-0.416667	0.78	0	1.6	4.97832e-06
-0.416667	0.82	0	1.6	4.33106e-06
-0.416667	0.86	0	1.6	3.61027e-06
-0.416667	0.9	0	1.6	2.96919e-06
-0.416667	0.94	0	1.6	2.573e-06
-0.416667	0.98	0	1.6	2.13638e-06
-0.383333	-0.98	0	1.6	1.27779e-06
-0.383333	-0.94	0	1.6	1.0471e-06
-0.383333	-0.9	0	1.6	8.80846e-07
-0.383333	-0.86	0	1.6	6.91232e-07
-0.383333	-0.82	0	1.6	5.4146e-07
-0.383333	-0.78	0	1.6	4.16726e-07
-0.383333	-0.74	0	1.6	3.83334e-07
-0.383333	-0.7	0	1.6	3.01898e-07
-0.383333	-0.66	0	1.6	2.1111e-07
-0.383333	-0.62	0	1.6	1.81234e-07
-0.383333	-0.58	0	1.6	1.40649e-07
-0.383333	-0.54	0	1.6	1.02885e-07
-0.383333	-0.5	0	1.6	7.82972e-08
-0.383333	-0.46	0	1.6	6.29739e-08
-0.383333	-0.42	0	1.6	4.60836e-08
-0.383333	-0.38	0	1.6	3.38445e-08
-0.383333	-0.34	0	1.6	2.63156e-08
-0.383333	-0.3	0	1.6	2.0237e-08
-0.383333	-0.26	0	1.6	1.25698e-08
-0.383333	-0.22	0	1.6	1.04248e-08
-0.383333	-0.18	0	1.6	3.56588e-06
-0.383333	-0.14	0	1.6	3.94541e-06
-0.383333	-0.1	0	1.6	4.51101e-06
-0.383333	-0.06	0	1.6	4.91565e-06
-0.383333	-0.02	0	1.6	5.74208e-06
-0.383333	0.02	0	1.6	6.38836e-06
-0.383333	0.06	0	1.6	6.1518e-06
-0.383333	0.1	0	1.6	6.6577e-06
-0.383333	0.14	0	1.6	7.66933e-06
-0.383333	0.18	0	1.6	7.73789e-06
-0.383333	0.22	0	1.6	7.55736e-06
-0.383333	0.26	0	1.6	7.57087e-06
-0.383333	0.3	0	1.6	8.1971e-06
-0.383333	0.34	0	1.6	7.89677e-06
-0.383333	0.38	0	1.6	8.12355e-06
-0.383333	0.42	0	1.6	6.87813e-06
-0.383333	0.46	0	1.6	7.0512e-06
-0.383333	0.5	0	1.6	7.22154e-06
-0.383333	0.54	0	1.6	6.67968e-06
-0.383333	0.58	0	1.6	5.80589e-06
-0.383333	0.62	0	1.6	6.1203e-06
-0.383333	0.66	0	1.6	4.80676e-06
-0.383333	0.7	0	1.6	4.42747e-06
-0.383333	0.74	0	1.6	4.16733e-06
-0.383333	0.78	0	1.6	3.52265e-06
-0.383333	0.82	0	1.6	3.02823e-06
-0.383333	0.86	0	1.6	2.58571e-06
-0.383333	0.9	0	1.6	2.31036e-06
-0.383333	0.94	0	1.6	1.83278e-06
-0.383333	0.98	0	1.6	1.69636e-06
-0.35	-0.98	0	1.6	1.03662e-06
-0.35	-0.94	0	1.6	7.22209e-07
-0.35	-0.9	0	1.6	6.09397e-07
-0.35	-0.86	0	1.6	5.59074e-07
-0.35	-0.82	0	1.6	3.98063e-07
-0.35	-0.78	0	1.6	3.42162e-07
-0.35	-0.74	0	1.6	2.68037e-07
-0.35	-0.7	0	1.6	2.13241e-07
-0.35	-0.66	0	1.6	1.54987e-07
-0.35	-0.62	0	1.6	1.35789e-07
-0.35	-0.58	0	1.6	1.00071e-07
-0.35	-0.54	0	1.6	7.48551e-08
-0.35	-0.5	0	1.6	6.18692e-08
-0.35	-0.46	0	1.6	4.55845e-08
-0.35	-0.42	0	1.6	3.70026e-08
-0.35	-0.38	0	1.6	2.64567e-08
-0.35	-0.34	0	1.6	1.96461e-08
-0.35	-0.3	0	1.6	1.60809e-08
-0.35	-0.26	0	1.6	1.22105e-08
-0.35	-0.22	0	1.6	8.36643e-09
-0.35	-0.18	0	1.6	2.47168e-06
-0.35	-0.14	0	1.6	2.91083e-06
-0.35	-0.1	0	1.6	3.57147e-06
-0.35	-0.06	0	1.6	3.4503e-06
-0.35	-0.02	0	1.6	4.17731e-06
-0.35	0.02	0	1.6	4.65085e-06
-0.35	0.06	0	1.6	4.67991e-06
-0.35	0.1	0	1.6	5.20921e-06
-0.35	0.14	0	1.6	5.87016e-06
-0.35	0.18	0	1.6	5.32916e-06
-0.35	0.22	0	1.6	5.54191e-06
-0.35	0.26	0	1.6	5.56934e-06
-0.35	0.3	0	1.6	5.72894e-06
-0.35	0.34	0	1.6	5.85679e-06
-0.35	0.38	0	1.6	5.789e-06
-0.35	0.42	0	1.6	5.98031e-06
-0.35	0.46	0	1.6	5.14666e-06
-0.35	0.5	0	1.6	4.95966e-06
-0.35	0.54	0	1.6	4.89928e-06
-0.35	0.58	0	1.6	4.17627e-06
-0.35	0.62	0	1.6	4.21461e-06
-0.35	0.66	0	1.6	3.64199e-06
-0.35	0.7	0	1.6	3.27806e-06
-0.35	0.74	0	1.6	2.73114e-06
-0.35	0.78	0	1.6	2.57433e-06
-0.35	0.82	0	1.6	2.34354e-06
-0.35	0.86	0	1.6	1.85418e-06
-0.35	0.9	0	1.6	1.63902e-06
-0.35	0.94	0	1.6	1.38276e-06
-0.35	0.98	0	1.6	1.13485e-06
-0.316667	-0.98	0	1.6	7.14036e-07
-0.316667	-0.94	0	1.6	6.09687e-07
-0.316667	-0.9	0	1.6	4.67649e-07
-0.316667	-0.86	0	1.6	3.82602e-07
-0.316667	-0.82	0	1.6	3.50735e-07
-0.316667	-0.78	0	1.6	2.62717e-07
-0.316667	-0.74	0	1.6	2.09184e-07
-0.316667	-0.7	0	1.6	1.49197e-07
-0.316667	-0.66	0	1.6	1.38555e-07
-0.316667	-0.62	0	1.6	1.00132e-07
-0.316667	-0.58	0	1.6	8.39569e-08
-0.316667	-0.54	0	1.6	5.7486e-08
-0.316667	-0.5	0	1.6	4.55179e-08
-0.316667	-0.46	0	1.6	3.64018e-08
-0.316667	-0.42	0	1.6	2.77205e-08
-0.316667	-0.38	0	1.6	2.2715e-08
-0.316667	-0.34	0	1.6	1.70978e-08
-0.316667	-0.3	0	1.6	1.22549e-08
-0.316667	-0.26	0	1.6	9.11775e-09
-0.316667	-0.22	0	1.6	6.65217e-09
-0.316667	-0.18	0	1.6	1.97192e-06
-0.316667	-0.14	0	1.6	2.1783e-06
-0.316667	-0.1	0	1.6	2.36588e-06
-0.316667	-0.06	0	1.6	2.59762e-06
-0.316667	-0.02	0	1.6	2.76795e-06
-0.316667	0.02	0	1.6	3.04216e-06
-0.316667	0.06	0	1.6	3.48606e-06
-0.316667	0.1	0	1.6	3.95879e-06
-0.316667	0.14	0	1.6	3.90867e-06
-0.316667	0.18	0	1.6	4.21682e-06
-0.316667	0.22	0	1.6	3.88466e-06
-0.316667	0.26	0	1.6	4.35169e-06
-0.316667	0.3	0	1.6	4.20858e-06
-0.316667	0.34	0	1.6	4.19719e-06
-0.316667	0.38	0	1.6	3.83404e-06
-0.316667	0.42	0	1.6	3.93405e-06
-0.316667	0.46	0	1.6	3.82601e-06
-0.316667	0.5	0	1.6	3.813e-06
-0.316667	0.54	0	1.6	3.64403e-06
-0.316667	0.58	0	1.6	3.54103e-06
-0.316667	0.62	0	1.6	2.85782e-06
-0.316667	0.66	0	1.6	2.75282e-06
-0.316667	0.7	0	1.6	2.3218e-06
-0.316667	0.74	0	1.6	1.97552e-06
-0.316667	0.78	0	1.6	1.81624e-06
-0.316667	0.82	0	1.6	1.81688e-06
-0.316667	0.86	0	1.6	1.37512e-06
-0.316667	0.9	0	1.6	1.10352e-06
-0.316667	0.94	0	1.6	1.01296e-06
-0.316667	0.98	0	1.6	8.39373e-07
-0.283333	-0.98	0	1.6	5.39134e-07
-0.283333	-0.94	0	1.6	4.21883e-07
-0.283333	-0.9	0	1.6	3.60329e-07
-0.283333	-0.86	0	1.6	2.69864e-07
-0.283333	-0.82	0	1.6	2.25311e-07
-0.283333	-0.78	0	1.6	1.9033e-07
-0.283333	-0.74	0	1.6	1.49644e-07
-0.283333	-0.7	0	1.6	1.28118e-07
-0.283333	-0.66	0	1.6	9.49629e-08
-0.283333	-0.62	0	1.6	7.3519e-08
-0.283333	-0.58	0	1.6	5.94182e-08
-0.283333	-0.54	0	1.6	4.77123e-08
-0.283333	-0.5	0	1.6	3.56823e-08
-0.283333	-0.46	0	1.6	2.66948e-08
-0.283333	-0.42	0	1.6	2.22137e-08
-0.283333	-0.38	0	1.6	1.68987e-08
-0.283333	-0.34	0	1.6	1.1901e-08
-0.283333	-0.3	0	1.6	9.94722e-09
-0.283333	-0.26	0	1.6	7.58312e-09
-0.283333	-0.22	0	1.6	5.50728e-09
-0.283333	-0.18	0	1.6	1.33768e-06
-0.283333	-0.14	0	1.6	1.46596e-06
-0.283333	-0.1	0	1.6	1.76511e-06
-0.283333	-0.06	0	1.6	1.95783e-06
-0.283333	-0.02	0	1.6	2.09093e-06
-0.283333	0.02	0	1.6	2.19396e-06
-0.283333	0.06	0	1.6	2.57812e-06
-0.283333	0.1	0	1.6	2.50749e-06
-0.283333	0.14	0	1.6	2.90849e-06
-0.283333	0.18	0	1.6	2.6812e-06
-0.283333	0.22	0	1.6	2.90293e-06
-0.283333	0.26	0	1.6	2.98938e-06
-0.283333	0.3	0	1.6	2.94136e-06
-0.283333	0.34	0	1.6	2.83253e-06
-0.283333	0.38	0	1.6	3.04808e-06
-0.283333	0.42	0	1.6	2.87524e-06
-0.283333	0.46	0	1.6	2.92545e-06
-0.283333	0.5	0	1.6	2.65262e-06
-0.283333	0.54	0	1.6	2.38855e-06
-0.283333	0.58	0	1.6	2.28567e-06
-0.283333	0.62	0	1.6	2.12989e-06
-0.283333	0.66	0	1.6	1.91642e-06
-0.283333	0.7	0	1.6	1.72778e-06
-0.283333	0.74	0	1.6	1.52307e-06
-0.283333	0.78	0	1.6	1.3503e-06
-0.283333	0.82	0	1.6	1.26301e-06
-0.283333	0.86	0	1.6	9.73965e-07
-0.283333	0.9	0	1.6	8.61706e-07
-0.283333	0.94	0	1.6	7.27019e-07
-0.283333	0.98	0	1.6	6.25876e-07
-0.25	-0.98	0	1.6	4.11305e-07
-0.25	-0.94	0	1.6	3.55211e-07
-0.25	-0.9	0	1.6	2.76958e-07
-0.25	-0.86	0	1.6	2.3372e-07
-0.25	-0.82	0	1.6	1.94553e-07
-0.25	-0.78	0	1.6	1.62147e-07
-0.25	-0.74	0	1.6	1.17509e-07
-0.25	-0.7	0	1.6	8.83166e-08
-0.25	-0.66	0	1.6	8.00167e-08
-0.25	-0.62	0	1.6	6.04126e-08
-0.25	-0.58	0	1.6	4.482e-08
-0.25	-0.54	0	1.6	3.55714e-08
-0.25	-0.5	0	1.6	2.99303e-08
-0.25	-0.46	0	1.6	2.1702e-08
-0.25	-0.42	0	1.6	1.62215e-08
-0.25	-0.38	0	1.6	1.42692e-08
-0.25	-0.34	0	1.6	9.03844e-09
-0.25	-0.3	0	1.6	7.55781e-09
-0.25	-0.26	0	1.6	5.39644e-09
-0.25	-0.22	0	1.6	4.20863e-09
-0.25	-0.18	0	1.6	1.07944e-06
-0.25	-0.14	0	1.6	1.04517e-06
-0.25	-0.1	0	1.6	1.22622e-06
-0.25	-0.06	0	1.6	1.37848e-06
-0.25	-0.02	0	1.6	1.39301e-06
-0.25	0.02	0	1.6	1.62249e-06
-0.25	0.06	0	1.6	1.97586e-06
-0.25	0.1	0	1.6	1.7445e-06
-0.25	0.14	0	1.6	1.98482e-06
-0.25	0.18	0	1.6	2.03096e-06
-0.25	0.22	0	1.6	2.10063e-06
-0.25	0.26	0	1.6	1.97036e-06
-0.25	0.3	0	1.6	1.97461e-06
-0.25	0.34	0	1.6	2.18194e-06
-0.25	0.38	0	1.6	2.10063e-06
-0.25	0.42	0	1.6	2.07525e-06
-0.25	0.46	0	1.6	2.09441e-06
-0.25	0.5	0	1.6	1.67495e-06
-0.25	0.54	0	1.6	1.6975e-06
-0.25	0.58	0	1.6	1.54111e-06
-0.25	0.62	0	1.6	1.43522e-06
-0.25	0.66	0	1.6	1.42557e-06
-0.25	0.7	0	1.6	1.23395e-06
-0.25	0.74	0	1.6	1.11439e-06
-0.25	0.78	0	1.6	9.35308e-07
-0.25	0.82	0	1.6	8.07514e-07
-0.25	0.86	0	1.6	7.25718e-07
-0.25	0.9	0	1.6	6.19487e-07
-0.25	0.94	0	1.6	5.62106e-07
-0.25	0.98	0	1.6	4.64585e-07
-0.216667	-0.98	0	1.6	2.94017e-07
-0.216667	-0.94	0	1.6	2.3528e-07
-0.216667	-0.9	0	1.6	2.18071e-07
-0.216667	-0.86	0	1.6	1.75016e-07
-0.216667	-0.82	0	1.6	1.4235e-07
-0.216667	-0.78	0	1.6	1.0979e-07
-0.216667	-0.74	0	1.6	8.49949e-08
-0.216667	-0.7	0	1.6	7.10925e-08
-0.216667	-0.66	0	1.6	5.50668e-08
-0.216667	-0.62	0	1.6	4.3499e-08
-0.216667	-0.58	0	1.6	3.41657e-08
-0.216667	-0.54	0	1.6	2.83504e-08
-0.216667	-0.5	0	1.6	2.24423e-08
-0.216667	-0.46	0	1.6	1.73011e-08
-0.216667	-0.42	0	1.6	1.34357e-08
-0.216667	-0.38	0	1.6	1.0824e-08
-0.216667	-0.34	0	1.6	8.01435e-09
-0.216667	-0.3	0	1.6	6.35883e-09
-0.216667	-0.26	0	1.6	4.54512e-09
-0.216667	-0.22	0	1.6	3.31799e-09
-0.216667	-0.18	0	1.6	6.54545e-07
-0.216667	-0.14	0	1.6	8.12316e-07
-0.216667	-0.1	0	1.6	8.49744e-07
-0.216667	-0.06	0	1.6	1.03443e-06
-0.216667	-0.02	0	1.6	1.00581e-06
-0.216667	0.02	0	1.6	1.23178e-06
-0.216667	0.06	0	1.6	1.257e-06
-0.216667	0.1	0	1.6	1.3163e-06
-0.216667	0.14	0	1.6	1.33319e-06
-0.216667	0.18	0	1.6	1.61572e-06
-0.216667	0.22	0	1.6	1.53855e-06
-0.216667	0.26	0	1.6	1.50677e-06
-0.216667	0.3	0	1.6	1.50539e-06
-0.216667	0.34	0	1.6	1.72473e-06
-0.216667	0.38	0	1.6	1.37537e-06
-0.216667	0.42	0	1.6	1.62025e-06
-0.216667	0.46	0	1.6	1.36379e-06
-0.216667	0.5	0	1.6	1.27881e-06
-0.216667	0.54	0	1.6	1.23343e-06
-0.216667	0.58	0	1.6	1.19146e-06
-0.216667	0.62	0	1.6	1.14466e-06
-0.216667	0.66	0	1.6	1.00655e-06
-0.216667	0.7	0	1.6	9.00224e-07
-0.216667	0.74	0	1.6	8.45009e-07
-0.216667	0.78	0	1.6	7.32733e-07
-0.216667	0.82	0	1.6	6.38955e-07
-0.216667	0.86	0	1.6	5.81253e-07
-0.216667	0.9	0	1.6	5.23218e-07
-0.216667	0.94	0	1.6	3.84912e-07
-0.216667	0.98	0	1.6	3.56302e-07
-0.183333	-0.98	0	1.6	0.000734801
-0.183333	-0.94	0	1.6	0.000493741
-0.183333	-0.9	0	1.6	0.00037916
-0.183333	-0.86	0	1.6	0.000248368
-0.183333	-0.82	0	1.6	0.000190809
-0.183333	-0.78	0	1.6	0.000126484
-0.183333	-0.74	0	1.6	9.65626e-05
-0.183333	-0.7	0	1.6	6.29102e-05
-0.183333	-0.66	0	1.6	4.43807e-05
-0.183333	-0.62	0	1.6	3.10343e-05
-0.183333	-0.58	0	1.6	2.0456e-05
-0.183333	-0.54	0	1.6	1.59009e-05
-0.183333	-0.5	0	1.6	1.01566e-05
-0.183333	-0.46	0	1.6	6.9368e-06
-0.183333	-0.42	0	1.6	4.89547e-06
-0.183333	-0.38	0	1.6	3.33383e-06
-0.183333	-0.34	0	1.6	2.23155e-06
-0.183333	-0.3	0	1.6	1.6322e-06
-0.183333	-0.26	0	1.6	1.09434e-06
-0.183333	-0.22	0	1.6	7.25756e-07
-0.183333	-0.18	0	1.6	0.00495389
-0.183333	-0.14	0	1.6	0.00619865
-0.183333	-0.1	0	1.6	0.00833174
-0.183333	-0.06	0	1.6	0.00979737
-0.183333	-0.02	0	1.6	0.0119709
-0.183333	0.02	0	1.6	0.015651
-0.183333	0.06	0	1.6	0.01931
-0.183333	0.1	0	1.6	0.0197947
-0.183333	0.14	0	1.6	0.0232304
-0.183333	0.18	0	1.6	0.0281764
-0.183333	0.22	0	1.6	0.0296346
-0.183333	0.26	0	1.6	0.0306231
-0.183333	0.3	0	1.6	0.0329057
-0.183333	0.34	0	1.6	0.0291155
-0.183333	0.38	0	1.6	0.0296346
-0.183333	0.42	0	1.6	0.026337
-0.183333	0.46	0	1.6	0.0256439
-0.183333	0.5	0	1.6	0.0220456
-0.183333	0.54	0	1.6	0.0180076
-0.183333	0.58	0	1.6	0.0152254
-0.183333	0.62	0	1.6	0.011855
-0.183333	0.66	0	1.6	0.00979737
-0.183333	0.7	0	1.6	0.00757873
-0.183333	0.74	0	1.6	0.00616109
-0.183333	0.78	0	1.6	0.00456731
-0.183333	0.82	0	1.6	0.00338347
-0.183333	0.86	0	1.6	0.0028468
-0.183333	0.9	0	1.6	0.00196785
-0.183333	0.94	0	1.6	0.00134696
-0.183333	0.98	0	1.6	0.00104854
-0.15	-0.98	0	1.6	0.000920987
-0.15	-0.94	0	1.6	0.000622215
-0.15	-0.9	0	1.6	0.000437537
-0.15	-0.86	0	1.6	0.000329301
-0.15	-0.82	0	1.6	0.000206241
-0.15	-0.78	0	1.6	0.000152227
-0.15	-0.74	0	1.6	9.92574e-05
-0.15	-0.7	0	1.6	7.17474e-05
-0.15	-0.66	0	1.6	5.24479e-05
-0.15	-0.62	0	1.6	3.31246e-05
-0.15	-0.58	0	1.6	2.64246e-05
-0.15	-0.54	0	1.6	1.62377e-05
-0.15	-0.5	0	1.6	1.19263e-05
-0.15	-0.46	0	1.6	8.07159e-06
-0.15	-0.42	0	1.6	5.23426e-06
-0.15	-0.38	0	1.6	3.59829e-06
-0.15	-0.34	0	1.6	2.30437e-06
-0.15	-0.3	0	1.6	1.75949e-06
-0.15	-0.26	0	1.6	1.19058e-06
-0.15	-0.22	0	1.6	8.50207e-07
-0.15	-0.18	0	1.6	0.00570592
-0.15	-0.14	0	1.6	0.00733809
-0.15	-0.1	0	1.6	0.0096672
-0.15	-0.06	0	1.6	0.0117692
-0.15	-0.02	0	1.6	0.0178943
-0.15	0.02	0	1.6	0.0198495
-0.15	0.06	0	1.6	0.0248381
-0.15	0.1	0	1.6	0.0305376
-0.15	0.14	0	1.6	0.0332562
-0.15	0.18	0	1.6	0.036902
-0.15	0.22	0	1.6	0.0380519
-0.15	0.26	0	1.6	0.0420322
-0.15	0.3	0	1.6	0.041405
-0.15	0.34	0	1.6	0.0416512
-0.15	0.38	0	1.6	0.0391425
-0.15	0.42	0	1.6	0.0363411
-0.15	0.46	0	1.6	0.0318454
-0.15	0.5	0	1.6	0.0278095
-0.15	0.54	0	1.6	0.02207
-0.15	0.58	0	1.6	0.0199735
-0.15	0.62	0	1.6	0.0156826
-0.15	0.66	0	1.6	0.0118889
-0.15	0.7	0	1.6	0.0108795
-0.15	0.74	0	1.6	0.00781459
-0.15	0.78	0	1.6	0.00608391
-0.15	0.82	0	1.6	0.00424343
-0.15	0.86	0	1.6	0.00338885
-0.15	0.9	0	1.6	0.00244063
-0.15	0.94	0	1.6	0.00176902
-0.15	0.98	0	1.6	0.00114452
-0.116667	-0.98	0	1.6	0.001106
-0.116667	-0.94	0	1.6	0.000711019
-0.116667	-0.9	0	1.6	0.000527027
-0.116667	-0.86	0	1.6	0.000361308
-0.116667	-0.82	0	1.6	0.000252943
-0.116667	-0.78	0	1.6	0.00017003
-0.116667	-0.74	0	1.6	0.000122857
-0.116667	-0.7	0	1.6	8.45123e-05
-0.116667	-0.66	0	1.6	6.08772e-05
-0.116667	-0.62	0	1.6	4.03481e-05
-0.116667	-0.58	0	1.6	2.68213e-05
-0.116667	-0.54	0	1.6	1.85973e-05
-0.116667	-0.5	0	1.6	1.32756e-05
-0.116667	-0.46	0	1.6	9.17455e-06
-0.116667	-0.42	0	1.6	5.93741e-06
-0.116667	-0.38	0	1.6	3.96684e-06
-0.116667	-0.34	0	1.6	2.73376e-06
-0.116667	-0.3	0	1.6	1.92381e-06
-0.116667	-0.26	0	1.6	1.34724e-06
-0.116667	-0.22	0	1.6	7.67451e-07
-0.116667	-0.18	0	1.6	0.00757475
-0.116667	-0.14	0	1.6	0.00927776
-0.116667	-0.1	0	1.6	0.0131975
-0.116667	-0.06	0	1.6	0.0168313
-0.116667	-0.02	0	1.6	0.021771
-0.116667	0.02	0	1.6	0.0246561
-0.116667	0.06	0	1.6	0.0315073
-0.116667	0.1	0	1.6	0.0371647
-0.116667	0.14	0	1.6	0.0415631
-0.116667	0.18	0	1.6	0.0458337
-0.116667	0.22	0	1.6	0.0530311
-0.116667	0.26	0	1.6	0.0583595
-0.116667	0.3	0	1.6	0.0575898
-0.116667	0.34	0	1.6	0.0570063
-0.116667	0.38	0	1.6	0.0549654
-0.116667	0.42	0	1.6	0.0477682
-0.116667	0.46	0	1.6	0.0430285
-0.116667	0.5	0	1.6	0.0351965
-0.116667	0.54	0	1.6	0.0342471
-0.116667	0.58	0	1.6	0.0257035
-0.116667	0.62	0	1.6	0.0206695
-0.116667	0.66	0	1.6	0.0158622
-0.116667	0.7	0	1.6	0.0128429
-0.116667	0.74	0	1.6	0.00996611
-0.116667	0.78	0	1.6	0.00699208
-0.116667	0.82	0	1.6	0.00570122
-0.116667	0.86	0	1.6	0.0040621
-0.116667	0.9	0	1.6	0.00272491
-0.116667	0.94	0	1.6	0.00212403
-0.116667	0.98	0	1.6	0.00151257
-0.0833333	-0.98	0	1.6	0.00117909
-0.0833333	-0.94	0	1.6	0.000851273
-0.0833333	-0.9	0	1.6	0.000607897
-0.0833333	-0.86	0	1.6	0.00045551
-0.0833333	-0.82	0	1.6	0.000285851
-0.0833333	-0.78	0	1.6	0.000212735
-0.0833333	-0.74	0	1.6	0.000141362
-0.0833333	-0.7	0	1.6	9.00539e-05
-0.0833333	-0.66	0	1.6	6.65893e-05
-0.0833333	-0.62	0	1.6	4.46044e-05
-0.0833333	-0.58	0	1.6	2.88598e-05
-0.0833333	-0.54	0	1.6	2.21659e-05
-0.0833333	-0.5	0	1.6	1.36816e-05
-0.0833333	-0.46	0	1.6	9.95004e-06
-0.0833333	-0.42	0	1.6	6.74481e-06
-0.0833333	-0.38	0	1.6	4.75122e-06
-0.0833333	-0.34	0	1.6	3.0996e-06
-0.0833333	-0.3	0	1.6	2.08209e-06
-0.0833333	-0.26	0	1.6	1.5041e-06
-0.0833333	-0.22	0	1.6	9.49005e-07
-0.0833333	-0.18	0	1.6	0.00877813
-0.0833333	-0.14	0	1.6	0.0133514
-0.0833333	-0.1	0	1.6	0.0165444
-0.0833333	-0.06	0	1.6	0.021087
-0.0833333	-0.02	0	1.6	0.0261791
-0.0833333	0.02	0	1.6	0.0326909
-0.0833333	0.06	0	1.6	0.0388157
-0.0833333	0.1	0	1.6	0.0490299
-0.0833333	0.14	0	1.6	0.0535217
-0.0833333	0.18	0	1.6	0.0667848
-0.0833333	0.22	0	1.6	0.0724872
-0.0833333	0.26	0	1.6	0.0750484
-0.0833333	0.3	0	1.6	0.0711056
-0.0833333	0.34	0	1.6	0.072606
-0.0833333	0.38	0	1.6	0.0693172
-0.0833333	0.42	0	1.6	0.0605541
-0.0833333	0.46	0	1.6	0.060125
-0.0833333	0.5	0	1.6	0.0500827
-0.0833333	0.54	0	1.6	0.036287
-0.0833333	0.58	0	1.6	0.0317599
-0.0833333	0.62	0	1.6	0.027005
-0.0833333	0.66	0	1.6	0.0206356
-0.0833333	0.7	0	1.6	0.0148653
-0.0833333	0.74	0	1.6	0.0130167
-0.0833333	0.78	0	1.6	0.00855729
-0.0833333	0.82	0	1.6	0.00599035
-0.0833333	0.86	0	1.6	0.00461023
-0.0833333	0.9	0	1.6	0.00342063
-0.0833333	0.94	0	1.6	0.00238838
-0.0833333	0.98	0	1.6	0.00169883
-0.05	-0.98	0	1.6	0.001419
-0.05	-0.94	0	1.6	0.000986608
-0.05	-0.9	0	1.6	0.000619747
-0.05	-0.86	0	1.6	0.00044395
-0.05	-0.82	0	1.6	0.000325925
-0.05	-0.78	0	1.6	0.000231561
-0.05	-0.74	0	1.6	0.000158244
-0.05	-0.7	0	1.6	0.000107931
-0.05	-0.66	0	1.6	7.1e-05
-0.05	-0.62	0	1.6	5.53713e-05
-0.05	-0.58	0	1.6	3.26469e-05
-0.05	-0.54	0	1.6	2.34269e-05
-0.05	-0.5	0	1.6	1.58672e-05
-0.05	-0.46	0	1.6	1.03343e-05
-0.05	-0.42	0	1.6	7.75716e-06
-0.05	-0.38	0	1.6	5.14816e-06
-0.05	-0.34	0	1.6	3.79e-06
-0.05	-0.3	0	1.6	2.22993e-06
-0.05	-0.26	0	1.6	1.55573e-06
-0.05	-0.22	0	1.6	1.05767e-06
-0.05	-0.18	0	1.6	0.0103828
-0.05	-0.14	0	1.6	0.0144747
-0.05	-0.1	0	1.6	0.0211593
-0.05	-0.06	0	1.6	0.0262461
-0.05	-0.02	0	1.6	0.0355308
-0.05	0.02	0	1.6	0.0428453
-0.05	0.06	0	1.6	0.0510513
-0.05	0.1	0	1.6	0.0604216
-0.05	0.14	0	1.6	0.0687014
-0.05	0.18	0	1.6	0.0811542
-0.05	0.22	0	1.6	0.0862932
-0.05	0.26	0	1.6	0.0953033
-0.05	0.3	0	1.6	0.0969088
-0.05	0.34	0	1.6	0.0935861
-0.05	0.38	0	1.6	0.0819378
-0.05	0.42	0	1.6	0.0791504
-0.05	0.46	0	1.6	0.0765084
-0.05	0.5	0	1.6	0.0596519
-0.05	0.54	0	1.6	0.0523397
-0.05	0.58	0	1.6	0.0389145
-0.05	0.62	0	1.6	0.0352192
-0.05	0.66	0	1.6	0.0266486
-0.05	0.7	0	1.6	0.0191412
-0.05	0.74	0	1.6	0.0152966
-0.05	0.78	0	1.6	0.0103492
-0.05	0.82	0	1.6	0.00759642
-0.05	0.86	0	1.6	0.00599311
-0.05	0.9	0	1.6	0.00427548
-0.05	0.94	0	1.6	0.00296617
-0.05	0.98	0	1.6	0.00198203
-0.0166667	-0.98	0	1.6	0.0016061
-0.0166667	-0.94	0	1.6	0.00112398
-0.0166667	-0.9	0	1.6	0.000781502
-0.0166667	-0.86	0	1.6	0.000516891
-0.0166667	-0.82	0	1.6	0.000357584
-0.0166667	-0.78	0	1.6	0.000228037
-0.0166667	-0.74	0	1.6	0.000165249
-0.0166667	-0.7	0	1.6	0.000127258
-0.0166667	-0.66	0	1.6	8.48592e-05
-0.0166667	-0.62	0	1.6	5.23869e-05
-0.0166667	-0.58	0	1.6	3.66e-05
-0.0166667	-0.54	0	1.6	2.38679e-05
-0.0166667	-0.5	0	1.6	1.63272e-05
-0.0166667	-0.46	0	1.6	1.1086e-05
-0.0166667	-0.42	0	1.6	7.57092e-06
-0.0166667	-0.38	0	1.6	5.40138e-06
-0.0166667	-0.34	0	1.6	3.64834e-06
-0.0166667	-0.3	0	1.6	2.58592e-06
-0.0166667	-0.26	0	1.6	1.60947e-06
-0.0166667	-0.22	0	1.6	1.1169e-06
-0.0166667	-0.18	0	1.6	0.0138076
-0.0166667	-0.14	0	1.6	0.0173149
-0.0166667	-0.1	0	1.6	0.0249473
-0.0166667	-0.06	0	1.6	0.0310157
-0.0166667	-0.02	0	1.6	0.0453247
-0.0166667	0.02	0	1.6	0.0537455
-0.0166667	0.06	0	1.6	0.066975
-0.0166667	0.1	0	1.6	0.0766662
-0.0166667	0.14	0	1.6	0.0913038
-0.0166667	0.18	0	1.6	0.0988478
-0.0166667	0.22	0	1.6	0.113651
-0.0166667	0.26	0	1.6	0.118051
-0.0166667	0.3	0	1.6	0.110861
-0.0166667	0.34	0	1.6	0.121661
-0.0166667	0.38	0	1.6	0.121205
-0.0166667	0.42	0	1.6	0.098532
-0.0166667	0.46	0	1.6	0.0901801
-0.0166667	0.5	0	1.6	0.0769081
-0.0166667	0.54	0	1.6	0.0661681
-0.0166667	0.58	0	1.6	0.0553791
-0.0166667	0.62	0	1.6	0.0453247
-0.0166667	0.66	0	1.6	0.0349794
-0.0166667	0.7	0	1.6	0.0235281
-0.0166667	0.74	0	1.6	0.0172043
-0.0166667	0.78	0	1.6	0.0139287
-0.0166667	0.82	0	1.6	0.00986792
-0.0166667	0.86	0	1.6	0.00648292
-0.0166667	0.9	0	1.6	0.0050605
-0.0166667	0.94	0	1.6	0.00364131
-0.0166667	0.98	0	1.6	0.00242329
0.0166667	-0.98	0	1.6	0.0019161
0.0166667	-0.94	0	1.6	0.00133679
0.0166667	-0.9	0	1.6	0.000897252
0.0166667	-0.86	0	1.6	0.000557651
0.0166667	-0.82	0	1.6	0.000405768
0.0166667	-0.78	0	1.6	0.000271086
0.0166667	-0.74	0	1.6	0.000203844
0.0166667	-0.7	0	1.6	0.000127533
0.0166667	-0.66	0	1.6	9.47169e-05
0.0166667	-0.62	0	1.6	5.93262e-05
0.0166667	-0.58	0	1.6	3.9516e-05
0.0166667	-0.54	0	1.6	2.78351e-05
0.0166667	-0.5	0	1.6	1.74106e-05
0.0166667	-0.46	0	1.6	1.23053e-05
0.0166667	-0.42	0	1.6	8.22259e-06
0.0166667	-0.38	0	1.6	5.72517e-06
0.0166667	-0.34	0	1.6	3.70011e-06
0.0166667	-0.3	0	1.6	2.49237e-06
0.0166667	-0.26	0	1.6	1.85649e-06
0.0166667	-0.22	0	1.6	1.1896e-06
0.0166667	-0.18	0	1.6	0.0155438
0.0166667	-0.14	0	1.6	0.0196814
0.0166667	-0.1	0	1.6	0.0294709
0.0166667	-0.06	0	1.6	0.0374523
0.0166667	-0.02	0	1.6	0.0472391
0.0166667	0.02	0	1.6	0.064428
0.0166667	0.06	0	1.6	0.0726481
0.0166667	0.1	0	1.6	0.0982912
0.0166667	0.14	0	1.6	0.10318
0.0166667	0.18	0	1.6	0.112853
0.0166667	0.22	0	1.6	0.127697
0.0166667	0.26	0	1.6	0.139072
0.0166667	0.3	0	1.6	0.130991
0.0166667	0.34	0	1.6	0.134629
0.0166667	0.38	0	1.6	0.138691
0.0166667	0.42	0	1.6	0.117134
0.0166667	0.46	0	1.6	0.120492
0.0166667	0.5	0	1.6	0.10127
0.0166667	0.54	0	1.6	0.0828139
0.0166667	0.58	0	1.6	0.0634276
0.0166667	0.62	0	1.6	0.0538306
0.0166667	0.66	0	1.6	0.0375723
0.0166667	0.7	0	1.6	0.026416
0.0166667	0.74	0	1.6	0.0217948
0.0166667	0.78	0	1.6	0.0159742
0.0166667	0.82	0	1.6	0.0110519
0.0166667	0.86	0	1.6	0.00746604
0.0166667	0.9	0	1.6	0.00574172
0.0166667	0.94	0	1.6	0.00371251
0.0166667	0.98	0	1.6	0.00268687
0.05	-0.98	0	1.6	0.00200865
0.05	-0.94	0	1.6	0.00143049
0.05	-0.9	0	1.6	0.000924431
0.05	-0.86	0	1.6	0.000631097
0.05	-0.82	0	1.6	0.000445491
0.05	-0.78	0	1.6	0.000305998
0.05	-0.74	0	1.6	0.000213134
0.05	-0.7	0	1.6	0.000158753
0.05	-0.66	0	1.6	9.69246e-05
0.05	-0.62	0	1.6	6.66846e-05
0.05	-0.58	0	1.6	4.2687e-05
0.05	-0.54	0	1.6	2.99004e-05
0.05	-0.5	0	1.6	1.99679e-05
0.05	-0.46	0	1.6	1.37907e-05
0.05	-0.42	0	1.6	9.25817e-06
0.05	-0.38	0	1.6	5.59488e-06
0.05	-0.34	0	1.6	4.3358e-06
0.05	-0.3	0	1.6	2.69668e-06
0.05	-0.26	0	1.6	1.81863e-06
0.05	-0.22	0	1.6	1.30596e-06
0.05	-0.18	0	1.6	0.0186913
0.05	-0.14	0	1.6	0.0232807
0.05	-0.1	0	1.6	0.0346534
0.05	-0.06	0	1.6	0.0470119
0.05	-0.02	0	1.6	0.0632812
0.05	0.02	0	1.6	0.0812196
0.05	0.06	0	1.6	0.0895218
0.05	0.1	0	1.6	0.122308
0.05	0.14	0	1.6	0.13958
0.05	0.18	0	1.6	0.147301
0.05	0.22	0	1.6	0.163859
0.05	0.26	0	1.6	0.166654
0.05	0.3	0	1.6	0.18179
0.05	0.34	0	1.6	0.170381
0.05	0.38	0	1.6	0.16741
0.05	0.42	0	1.6	0.150107
0.05	0.46	0	1.6	0.134164
0.05	0.5	0	1.6	0.117287
0.05	0.54	0	1.6	0.0939979
0.05	0.58	0	1.6	0.0756928
0.05	0.62	0	1.6	0.0664734
0.05	0.66	0	1.6	0.0445827
0.05	0.7	0	1.6	0.0349723
0.05	0.74	0	1.6	0.0242119
0.05	0.78	0	1.6	0.0183565
0.05	0.82	0	1.6	0.0134346
0.05	0.86	0	1.6	0.00956222
0.05	0.9	0	1.6	0.00595556
0.05	0.94	0	1.6	0.00422737
0.05	0.98	0	1.6	0.00289159
0.0833333	-0.98	0	1.6	0.0021535
0.0833333	-0.94	0	1.6	0.0015186
0.0833333	-0.9	0	1.6	0.00112033
0.0833333	-0.86	0	1.6	0.00069435
0.0833333	-0.82	0	1.6	0.000479058
0.0833333	-0.78	0	1.6	0.000319686
0.0833333	-0.74	0	1.6	0.000220065
0.0833333	-0.7	0	1.6	0.000157956
0.0833333	-0.66	0	1.6	9.88053e-05
0.0833333	-0.62	0	1.6	7.06791e-05
0.0833333	-0.58	0	1.6	4.49571e-05
0.0833333	-0.54	0	1.6	2.99543e-05
0.0833333	-0.5	0	1.6	1.84111e-05
0.0833333	-0.46	0	1.6	1.46675e-05
0.0833333	-0.42	0	1.6	1.02834e-05
0.0833333	-0.38	0	1.6	6.62421e-06
0.0833333	-0.34	0	1.6	4.69739e-06
0.0833333	-0.3	0	1.6	3.12693e-06
0.0833333	-0.26	0	1.6	2.01819e-06
0.0833333	-0.22	0	1.6	1.42602e-06
0.0833333	-0.18	0	1.6	0.0222813
0.0833333	-0.14	0	1.6	0.0292183
0.0833333	-0.1	0	1.6	0.0405117
0.0833333	-0.06	0	1.6	0.0550776
0.0833333	-0.02	0	1.6	0.0737714
0.0833333	0.02	0	1.6	0.0889883
0.0833333	0.06	0	1.6	0.106734
0.0833333	0.1	0	1.6	0.135779
0.0833333	0.14	0	1.6	0.158887
0.0833333	0.18	0	1.6	0.158724
0.0833333	0.22	0	1.6	0.205557
0.0833333	0.26	0	1.6	0.190563
0.0833333	0.3	0	1.6	0.19353
0.0833333	0.34	0	1.6	0.193667
0.0833333	0.38	0	1.6	0.195487
0.0833333	0.42	0	1.6	0.176785
0.0833333	0.46	0	1.6	0.162798
0.0833333	0.5	0	1.6	0.13114
0.0833333	0.54	0	1.6	0.100414
0.0833333	0.58	0	1.6	0.0909658
0.0833333	0.62	0	1.6	0.0704682
0.0833333	0.66	0	1.6	0.0519064
0.0833333	0.7	0	1.6	0.0365593
0.0833333	0.74	0	1.6	0.0299353
0.0833333	0.78	0	1.6	0.0208087
0.0833333	0.82	0	1.6	0.0138704
0.0833333	0.86	0	1.6	0.00937896
0.0833333	0.9	0	1.6	0.00668272
0.0833333	0.94	0	1.6	0.00477673
0.0833333	0.98	0	1.6	0.00323948
0.116667	-0.98	0	1.6	0.00265582
0.116667	-0.94	0	1.6	0.00174738
0.116667	-0.9	0	1.6	0.00118567
0.116667	-0.86	0	1.6	0.000757228
0.116667	-0.82	0	1.6	0.000540362
0.116667	-0.78	0	1.6	0.000389753
0.116667	-0.74	0	1.6	0.000238534
0.116667	-0.7	0	1.6	0.000154949
0.116667	-0.66	0	1.6	0.000106589
0.116667	-0.62	0	1.6	7.41791e-05
0.116667	-0.58	0	1.6	4.99986e-05
0.116667	-0.54	0	1.6	3.49426e-05
0.116667	-0.5	0	1.6	2.50851e-05
0.116667	-0.46	0	1.6	1.51822e-05
0.116667	-0.42	0	1.6	1.04112e-05
0.116667	-0.38	0	1.6	7.04933e-06
0.116667	-0.34	0	1.6	4.77174e-06
0.116667	-0.3	0	1.6	3.27786e-06
0.116667	-0.26	0	1.6	1.87085e-06
0.116667	-0.22	0	1.6	1.31957e-06
0.116667	-0.18	0	1.6	0.0210092
0.116667	-0.14	0	1.6	0.0316073
0.116667	-0.1	0	1.6	0.0442027
0.116667	-0.06	0	1.6	0.0605583
0.116667	-0.02	0	1.6	0.0821598
0.116667	0.02	0	1.6	0.109761
0.116667	0.06	0	1.6	0.121028
0.116667	0.1	0	1.6	0.160556
0.116667	0.14	0	1.6	0.182816
0.116667	0.18	0	1.6	0.204027
0.116667	0.22	0	1.6	0.219556
0.116667	0.26	0	1.6	0.226837
0.116667	0.3	0	1.6	0.238093
0.116667	0.34	0	1.6	0.234586
0.116667	0.38	0	1.6	0.214841
0.116667	0.42	0	1.6	0.187805
0.116667	0.46	0	1.6	0.177225
0.116667	0.5	0	1.6	0.154753
0.116667	0.54	0	1.6	0.119818
0.116667	0.58	0	1.6	0.108462
0.116667	0.62	0	1.6	0.0816542
0.116667	0.66	0	1.6	0.0617045
0.116667	0.7	0	1.6	0.041528
0.116667	0.74	0	1.6	0.0330301
0.116667	0.78	0	1.6	0.0237527
0.116667	0.82	0	1.6	0.0158035
0.116667	0.86	0	1.6	0.0114759
0.116667	0.9	0	1.6	0.0079188
0.116667	0.94	0	1.6	0.00513486
0.116667	0.98	0	1.6	0.00394298
0.15	-0.98	0	1.6	0.00282804
0.15	-0.94	0	1.6	0.00187034
0.15	-0.9	0	1.6	0.00117678
0.15	-0.86	0	1.6	0.00080267
0.15	-0.82	0	1.6	0.000531196
0.15	-0.78	0	1.6	0.000424189
0.15	-0.74	0	1.6	0.00025093
0.15	-0.7	0	1.6	0.000175439
0.15	-0.66	0	1.6	0.000119201
0.15	-0.62	0	1.6	7.48955e-05
0.15	-0.58	0	1.6	5.08814e-05
0.15	-0.54	0	1.6	3.49932e-05
0.15	-0.5	0	1.6	2.24997e-05
0.15	-0.46	0	1.6	1.50779e-05
0.15	-0.42	0	1.6	1.13358e-05
0.15	-0.38	0	1.6	6.63282e-06
0.15	-0.34	0	1.6	4.86377e-06
0.15	-0.3	0	1.6	3.47029e-06
0.15	-0.26	0	1.6	2.08668e-06
0.15	-0.22	0	1.6	1.54321e-06
0.15	-0.18	0	1.6	0.027332
0.15	-0.14	0	1.6	0.0385437
0.15	-0.1	0	1.6	0.0543981
0.15	-0.06	0	1.6	0.0657145
0.15	-0.02	0	1.6	0.0962136
0.15	0.02	0	1.6	0.122909
0.15	0.06	0	1.6	0.133946
0.15	0.1	0	1.6	0.168805
0.15	0.14	0	1.6	0.200735
0.15	0.18	0	1.6	0.234388
0.15	0.22	0	1.6	0.223237
0.15	0.26	0	1.6	0.245631
0.15	0.3	0	1.6	0.268963
0.15	0.34	0	1.6	0.243292
0.15	0.38	0	1.6	0.238916
0.15	0.42	0	1.6	0.229534
0.15	0.46	0	1.6	0.195125
0.15	0.5	0	1.6	0.174216
0.15	0.54	0	1.6	0.143449
0.15	0.58	0	1.6	0.111603
0.15	0.62	0	1.6	0.0876991
0.15	0.66	0	1.6	0.071494
0.15	0.7	0	1.6	0.0507821
0.15	0.74	0	1.6	0.0374133
0.15	0.78	0	1.6	0.0252541
0.15	0.82	0	1.6	0.0189145
0.15	0.86	0	1.6	0.0133126
0.15	0.9	0	1.6	0.00924893
0.15	0.94	0	1.6	0.00579447
0.15	0.98	0	1.6	0.00407991
0.183333	-0.98	0	1.6	0.00282578
0.183333	-0.94	0	1.6	0.00192057
0.183333	-0.9	0	1.6	0.00139258
0.183333	-0.86	0	1.6	0.000826518
0.183333	-0.82	0	1.6	0.000617117
0.183333	-0.78	0	1.6	0.000383138
0.183333	-0.74	0	1.6	0.000269344
0.183333	-0.7	0	1.6	0.000190602
0.183333	-0.66	0	1.6	0.000125112
0.183333	-0.62	0	1.6	8.18038e-05
0.183333	-0.58	0	1.6	5.71667e-05
0.183333	-0.54	0	1.6	3.56669e-05
0.183333	-0.5	0	1.6	2.5027e-05
0.183333	-0.46	0	1.6	1.7064e-05
0.183333	-0.42	0	1.6	1.09058e-05
0.183333	-0.38	0	1.6	6.92827e-06
0.183333	-0.34	0	1.6	4.63564e-06
0.183333	-0.3	0	1.6	3.50861e-06
0.183333	-0.26	0	1.6	2.20086e-06
0.183333	-0.22	0	1.6	1.50068e-06
0.183333	-0.18	0	1.6	0.0290693
0.183333	-0.14	0	1.6	0.0384356
0.183333	-0.1	0	1.6	0.0589651
0.183333	-0.06	0	1.6	0.0753105
0.183333	-0.02	0	1.6	0.100282
0.183333	0.02	0	1.6	0.121627
0.183333	0.06	0	1.6	0.155605
0.183333	0.1	0	1.6	0.197931
0.183333	0.14	0	1.6	0.224611
0.183333	0.18	0	1.6	0.242363
0.183333	0.22	0	1.6	0.262075
0.183333	0.26	0	1.6	0.293786
0.183333	0.3	0	1.6	0.268038
0.183333	0.34	0	1.6	0.295474
0.183333	0.38	0	1.6	0.241853
0.183333	0.42	0	1.6	0.234083
0.183333	0.46	0	1.6	0.215789
0.183333	0.5	0	1.6	0.19734
0.183333	0.54	0	1.6	0.150154
0.183333	0.58	0	1.6	0.13163
0.183333	0.62	0	1.6	0.0987251
0.183333	0.66	0	1.6	0.0710875
0.183333	0.7	0	1.6	0.0577617
0.183333	0.74	0	1.6	0.0413922
0.183333	0.78	0	1.6	0.0270735
0.183333	0.82	0	1.6	0.0192485
0.183333	0.86	0	1.6	0.0135084
0.183333	0.9	0	1.6	0.00941218
0.183333	0.94	0	1.6	0.00677543
0.183333	0.98	0	1.6	0.00428115
0.216667	-0.98	0	1.6	0.00328269
0.216667	-0.94	0	1.6	0.00212449
0.216667	-0.9	0	1.6	0.00148909
0.216667	-0.86	0	1.6	0.000896526
0.216667	-0.82	0	1.6	0.000604507
0.216667	-0.78	0	1.6	0.000418952
0.216667	-0.74	0	1.6	0.000287404
0.216667	-0.7	0	1.6	0.000186047
0.216667	-0.66	0	1.6	0.000119856
0.216667	-0.62	0	1.6	7.96695e-05
0.216667	-0.58	0	1.6	5.74883e-05
0.216667	-0.54	0	1.6	3.78751e-05
0.216667	-0.5	0	1.6	2.49425e-05
0.216667	-0.46	0	1.6	1.60491e-05
0.216667	-0.42	0	1.6	1.12281e-05
0.216667	-0.38	0	1.6	8.10294e-06
0.216667	-0.34	0	1.6	5.40391e-06
0.216667	-0.3	0	1.6	3.28282e-06
0.216667	-0.26	0	1.6	2.37421e-06
0.216667	-0.22	0	1.6	1.54922e-06
0.216667	-0.18	0	1.6	0.0275216
0.216667	-0.14	0	1.6	0.0450986
0.216667	-0.1	0	1.6	0.0575655
0.216667	-0.06	0	1.6	0.0814544
0.216667	-0.02	0	1.6	0.108858
0.216667	0.02	0	1.6	0.128184
0.216667	0.06	0	1.6	0.173864
0.216667	0.1	0	1.6	0.211181
0.216667	0.14	0	1.6	0.229619
0.216667	0.18	0	1.6	0.248581
0.216667	0.22	0	1.6	0.281554
0.216667	0.26	0	1.6	0.281533
0.216667	0.3	0	1.6	0.299448
0.216667	0.34	0	1.6	0.279739
0.216667	0.38	0	1.6	0.296147
0.216667	0.42	0	1.6	0.227
0.216667	0.46	0	1.6	0.252726
0.216667	0.5	0	1.6	0.196682
0.216667	0.54	0	1.6	0.171213
0.216667	0.58	0	1.6	0.137187
0.216667	0.62	0	1.6	0.105852
0.216667	0.66	0	1.6	0.0804488
0.216667	0.7	0	1.6	0.0606921
0.216667	0.74	0	1.6	0.0412856
0.216667	0.78	0	1.6	0.0285375
0.216667	0.82	0	1.6	0.0206166
0.216667	0.86	0	1.6	0.0148177
0.216667	0.9	0	1.6	0.00971752
0.216667	0.94	0	1.6	0.00710601
0.216667	0.98	0	1.6	0.00431203
0.25	-0.98	0	1.6	0.00310618
0.25	-0.94	0	1.6	0.00200626
0.25	-0.9	0	1.6	0.0012662
0.25	-0.86	0	1.6	0.000949541
0.25	-0.82	0	1.6	0.000619892
0.25	-0.78	0	1.6	0.000434403
0.25	-0.74	0	1.6	0.000281784
0.25	-0.7	0	1.6	0.000198486
0.25	-0.66	0	1.6	0.000115702
0.25	-0.62	0	1.6	8.98263e-05
0.25	-0.58	0	1.6	5.72121e-05
0.25	-0.54	0	1.6	3.92039e-05
0.25	-0.5	0	1.6	2.51675e-05
0.25	-0.46	0	1.6	1.71988e-05
0.25	-0.42	0	1.6	1.12442e-05
0.25	-0.38	0	1.6	7.56369e-06
0.25	-0.34	0	1.6	5.07154e-06
0.25	-0.3	0	1.6	3.58516e-06
0.25	-0.26	0	1.6	2.30183e-06
0.25	-0.22	0	1.6	1.54821e-06
0.25	-0.18	0	1.6	0.0324531
0.25	-0.14	0	1.6	0.0461518
0.25	-0.1	0	1.6	0.058305
0.25	-0.06	0	1.6	0.0897833
0.25	-0.02	0	1.6	0.115433
0.25	0.02	0	1.6	0.140479
0.25	0.06	0	1.6	0.17345
0.25	0.1	0	1.6	0.201941
0.25	0.14	0	1.6	0.249687
0.25	0.18	0	1.6	0.280252
0.25	0.22	0	1.6	0.279714
0.25	0.26	0	1.6	0.295866
0.25	0.3	0	1.6	0.317381
0.25	0.34	0	1.6	0.308974
0.25	0.38	0	1.6	0.293119
0.25	0.42	0	1.6	0.272768
0.25	0.46	0	1.6	0.249687
0.25	0.5	0	1.6	0.221674
0.25	0.54	0	1.6	0.169571
0.25	0.58	0	1.6	0.140479
0.25	0.62	0	1.6	0.111935
0.25	0.66	0	1.6	0.0879403
0.25	0.7	0	1.6	0.0608065
0.25	0.74	0	1.6	0.0424432
0.25	0.78	0	1.6	0.0316827
0.25	0.82	0	1.6	0.0205212
0.25	0.86	0	1.6	0.0138811
0.25	0.9	0	1.6	0.0102889
0.25	0.94	0	1.6	0.0068242
0.25	0.98	0	1.6	0.00442421
0.283333	-0.98	0	1.6	0.00346549
0.283333	-0.94	0	1.6	0.00210759
0.283333	-0.9	0	1.6	0.00139813
0.283333	-0.86	0	1.6	0.000909014
0.283333	-0.82	0	1.6	0.000665372
0.283333	-0.78	0	1.6	0.000437014
0.283333	-0.74	0	1.6	0.000283277
0.283333	-0.7	0	1.6	0.000189352
0.283333	-0.66	0	1.6	0.000136167
0.283333	-0.62	0	1.6	8.99489e-05
0.283333	-0.58	0	1.6	5.79621e-05
0.283333	-0.54	0	1.6	3.9219e-05
0.283333	-0.5	0	1.6	2.75856e-05
0.283333	-0.46	0	1.6	1.66485e-05
0.283333	-0.42	0	1.6	1.10877e-05
0.283333	-0.38	0	1.6	7.48139e-06
0.283333	-0.34	0	1.6	5.61954e-06
0.283333	-0.3	0	1.6	3.63561e-06
0.283333	-0.26	0	1.6	2.38572e-06
0.283333	-0.22	0	1.6	1.59432e-06
0.283333	-0.18	0	1.6	0.0327485
0.283333	-0.14	0	1.6	0.044648
0.283333	-0.1	0	1.6	0.0647605
0.283333	-0.06	0	1.6	0.0908076
0.283333	-0.02	0	1.6	0.112773
0.283333	0.02	0	1.6	0.163009
0.283333	0.06	0	1.6	0.187516
0.283333	0.1	0	1.6	0.220347
0.283333	0.14	0	1.6	0.216401
0.283333	0.18	0	1.6	0.276525
0.283333	0.22	0	1.6	0.301125
0.283333	0.26	0	1.6	0.300631
0.283333	0.3	0	1.6	0.326508
0.283333	0.34	0	1.6	0.324643
0.283333	0.38	0	1.6	0.296562
0.283333	0.42	0	1.6	0.262105
0.283333	0.46	0	1.6	0.233283
0.283333	0.5	0	1.6	0.213629
0.283333	0.54	0	1.6	0.169954
0.283333	0.58	0	1.6	0.165304
0.283333	0.62	0	1.6	0.0980945
0.283333	0.66	0	1.6	0.0835322
0.283333	0.7	0	1.6	0.0594458
0.283333	0.74	0	1.6	0.0471752
0.283333	0.78	0	1.6	0.03147
0.283333	0.82	0	1.6	0.0218191
0.283333	0.86	0	1.6	0.0159616
0.283333	0.9	0	1.6	0.00968403
0.283333	0.94	0	1.6	0.00608421
0.283333	0.98	0	1.6	0.00445264
0.316667	-0.98	0	1.6	0.00323186
0.316667	-0.94	0	1.6	0.00219923
0.316667	-0.9	0	1.6	0.00140252
0.316667	-0.86	0	1.6	0.000970992
0.316667	-0.82	0	1.6	0.00057626
0.316667	-0.78	0	1.6	0.000437014
0.316667	-0.74	0	1.6	0.000279714
0.316667	-0.7	0	1.6	0.000192338
0.316667	-0.66	0	1.6	0.000127757
0.316667	-0.62	0	1.6	9.26339e-05
0.316667	-0.58	0	1.6	6.22823e-05
0.316667	-0.54	0	1.6	4.09084e-05
0.316667	-0.5	0	1.6	2.60486e-05
0.316667	-0.46	0	1.6	1.77331e-05
0.316667	-0.42	0	1.6	1.22874e-05
0.316667	-0.38	0	1.6	7.99314e-06
0.316667	-0.34	0	1.6	5.27649e-06
0.316667	-0.3	0	1.6	3.52611e-06
0.316667	-0.26	0	1.6	2.29763e-06
0.316667	-0.22	0	1.6	1.61892e-06
0.316667	-0.18	0	1.6	0.0328469
0.316667	-0.14	0	1.6	0.0426823
0.316667	-0.1	0	1.6	0.0677131
0.316667	-0.06	0	1.6	0.0854184
0.316667	-0.02	0	1.6	0.117785
0.316667	0.02	0	1.6	0.148315
0.316667	0.06	0	1.6	0.201678
0.316667	0.1	0	1.6	0.216316
0.316667	0.14	0	1.6	0.247096
0.316667	0.18	0	1.6	0.273132
0.316667	0.22	0	1.6	0.28105
0.316667	0.26	0	1.6	0.301591
0.316667	0.3	0	1.6	0.325522
0.316667	0.34	0	1.6	0.311196
0.316667	0.38	0	1.6	0.2847
0.316667	0.42	0	1.6	0.2884
0.316667	0.46	0	1.6	0.218703
0.316667	0.5	0	1.6	0.200193
0.316667	0.54	0	1.6	0.186382
0.316667	0.58	0	1.6	0.148315
0.316667	0.62	0	1.6	0.112415
0.316667	0.66	0	1.6	0.0832628
0.316667	0.7	0	1.6	0.0596426
0.316667	0.74	0	1.6	0.04535
0.316667	0.78	0	1.6	0.0321584
0.316667	0.82	0	1.6	0.0212073
0.316667	0.86	0	1.6	0.014612
0.316667	0.9	0	1.6	0.00996885
0.316667	0.94	0	1.6	0.00681261
0.316667	0.98	0	1.6	0.00495862
0.35	-0.98	0	1.6	0.00278981
0.35	-0.94	0	1.6	0.0022256
0.35	-0.9	0	1.6	0.00143531
0.35	-0.86	0	1.6	0.000946629
0.35	-0.82	0	1.6	0.00065118
0.35	-0.78	0	1.6	0.000430466
0.35	-0.74	0	1.6	0.000261531
0.35	-0.7	0	1.6	0.00019376
0.35	-0.66	0	1.6	0.000123231
0.35	-0.62	0	1.6	9.46099e-05
0.35	-0.58	0	1.6	5.95292e-05
0.35	-0.54	0	1.6	3.75306e-05
0.35	-0.5	0	1.6	2.56484e-05
0.35	-0.46	0	1.6	1.74675e-05
0.35	-0.42	0	1.6	1.22173e-05
0.35	-0.38	0	1.6	7.95034e-06
0.35	-0.34	0	1.6	4.53684e-06
0.35	-0.3	0	1.6	3.37874e-06
0.35	-0.26	0	1.6	2.40381e-06
0.35	-0.22	0	1.6	1.5824e-06
0.35	-0.18	0	1.6	0.0318753
0.35	-0.14	0	1.6	0.0429926
0.35	-0.1	0	1.6	0.0600368
0.35	-0.06	0	1.6	0.0882036
0.35	-0.02	0	1.6	0.117531
0.35	0.02	0	1.6	0.145864
0.35	0.06	0	1.6	0.17345
0.35	0.1	0	1.6	0.211808
0.35	0.14	0	1.6	0.237654
0.35	0.18	0	1.6	0.251146
0.35	0.22	0	1.6	0.302056
0.35	0.26	0	1.6	0.282758
0.35	0.3	0	1.6	0.309757
0.35	0.34	0	1.6	0.310847
0.35	0.38	0	1.6	0.296694
0.35	0.42	0	1.6	0.271105
0.35	0.46	0	1.6	0.233142
0.35	0.5	0	1.6	0.212465
0.35	0.54	0	1.6	0.180099
0.35	0.58	0	1.6	0.134644
0.35	0.62	0	1.6	0.115083
0.35	0.66	0	1.6	0.0874137
0.35	0.7	0	1.6	0.0590747
0.35	0.74	0	1.6	0.0462891
0.35	0.78	0	1.6	0.0305271
0.35	0.82	0	1.6	0.0217204
0.35	0.86	0	1.6	0.0157075
0.35	0.9	0	1.6	0.0107862
0.35	0.94	0	1.6	0.00678208
0.35	0.98	0	1.6	0.00465182
0.383333	-0.98	0	1.6	0.003013
0.383333	-0.94	0	1.6	0.00223103
0.383333	-0.9	0	1.6	0.00139629
0.383333	-0.86	0	1.6	0.000927734
0.383333	-0.82	0	1.6	0.000614042
0.383333	-0.78	0	1.6	0.000430483
0.383333	-0.74	0	1.6	0.000267613
0.383333	-0.7	0	1.6	0.000190092
0.383333	-0.66	0	1.6	0.00012839
0.383333	-0.62	0	1.6	8.09713e-05
0.383333	-0.58	0	1.6	4.94505e-05
0.383333	-0.54	0	1.6	3.77579e-05
0.383333	-0.5	0	1.6	2.3841e-05
0.383333	-0.46	0	1.6	1.6841e-05
0.383333	-0.42	0	1.6	1.22198e-05
0.383333	-0.38	0	1.6	7.77027e-06
0.383333	-0.34	0	1.6	4.94163e-06
0.383333	-0.3	0	1.6	3.38975e-06
0.383333	-0.26	0	1.6	2.27379e-06
0.383333	-0.22	0	1.6	1.53959e-06
0.383333	-0.18	0	1.6	0.0331552
0.383333	-0.14	0	1.6	0.0369467
0.383333	-0.1	0	1.6	0.0636347
0.383333	-0.06	0	1.6	0.0829628
0.383333	-0.02	0	1.6	0.107522
0.383333	0.02	0	1.6	0.134186
0.383333	0.06	0	1.6	0.166443
0.383333	0.1	0	1.6	0.203616
0.383333	0.14	0	1.6	0.228175
0.383333	0.18	0	1.6	0.231796
0.383333	0.22	0	1.6	0.252369
0.383333	0.26	0	1.6	0.273463
0.383333	0.3	0	1.6	0.306729
0.383333	0.34	0	1.6	0.296775
0.383333	0.38	0	1.6	0.26267
0.383333	0.42	0	1.6	0.26057
0.383333	0.46	0	1.6	0.235396
0.383333	0.5	0	1.6	0.201725
0.383333	0.54	0	1.6	0.164322
0.383333	0.58	0	1.6	0.125612
0.383333	0.62	0	1.6	0.115202
0.383333	0.66	0	1.6	0.0754208
0.383333	0.7	0	1.6	0.0557263
0.383333	0.74	0	1.6	0.0414171
0.383333	0.78	0	1.6	0.0303846
0.383333	0.82	0	1.6	0.0208087
0.383333	0.86	0	1.6	0.0136745
0.383333	0.9	0	1.6	0.00893772
0.383333	0.94	0	1.6	0.00651554
0.383333	0.98	0	1.6	0.00464266
0.416667	-0.98	0	1.6	0.00292353
0.416667	-0.94	0	1.6	0.00208262
0.416667	-0.9	0	1.6	0.00125899
0.416667	-0.86	0	1.6	0.000913808
0.416667	-0.82	0	1.6	0.000556507
0.416667	-0.78	0	1.6	0.000370779
0.416667	-0.74	0	1.6	0.000268512
0.416667	-0.7	0	1.6	0.000185571
0.416667	-0.66	0	1.6	0.000124736
0.416667	-0.62	0	1.6	8.58435e-05
0.416667	-0.58	0	1.6	5.75059e-05
0.416667	-0.54	0	1.6	3.73761e-05
0.416667	-0.5	0	1.6	2.31901e-05
0.416667	-0.46	0	1.6	1.5779e-05
0.416667	-0.42	0	1.6	1.13545e-05
0.416667	-0.38	0	1.6	7.76244e-06
0.416667	-0.34	0	1.6	5.1801e-06
0.416667	-0.3	0	1.6	3.4564e-06
0.416667	-0.26	0	1.6	2.306e-06
0.416667	-0.22	0	1.6	1.51479e-06
0.416667	-0.18	0	1.6	0.027247
0.416667	-0.14	0	1.6	0.0443488
0.416667	-0.1	0	1.6	0.0606842
0.416667	-0.06	0	1.6	0.0713221
0.416667	-0.02	0	1.6	0.111183
0.416667	0.02	0	1.6	0.126828
0.416667	0.06	0	1.6	0.155605
0.416667	0.1	0	1.6	0.18316
0.416667	0.14	0	1.6	0.213753
0.416667	0.18	0	1.6	0.245373
0.416667	0.22	0	1.6	0.249942
0.416667	0.26	0	1.6	0.258329
0.416667	0.3	0	1.6	0.251768
0.416667	0.34	0	1.6	0.266771
0.416667	0.38	0	1.6	0.254795
0.416667	0.42	0	1.6	0.247631
0.416667	0.46	0	1.6	0.214432
0.416667	0.5	0	1.6	0.193795
0.416667	0.54	0	1.6	0.163038
0.416667	0.58	0	1.6	0.128429
0.416667	0.62	0	1.6	0.111183
0.416667	0.66	0	1.6	0.0741375
0.416667	0.7	0	1.6	0.0563864
0.416667	0.74	0	1.6	0.0378196
0.416667	0.78	0	1.6	0.0273338
0.416667	0.82	0	1.6	0.018102
0.416667	0.86	0	1.6	0.0128849
0.416667	0.9	0	1.6	0.00853068
0.416667	0.94	0	1.6	0.00634955
0.416667	0.98	0	1.6	0.00403163
0.45	-0.98	0	1.6	0.00275273
0.45	-0.94	0	1.6	0.00176832
0.45	-0.9	0	1.6	0.00124961
0.45	-0.86	0	1.6	0.00083892
0.45	-0.82	0	1.6	0.000602838
0.45	-0.78	0	1.6	0.000401801
0.45	-0.74	0	1.6	0.000273958
0.45	-0.7	0	1.6	0.000179183
0.45	-0.66	0	1.6	0.000117761
0.45	-0.62	0	1.6	8.19245e-05
0.45	-0.58	0	1.6	5.54477e-05
0.45	-0.54	0	1.6	3.71871e-05
0.45	-0.5	0	1.6	2.29423e-05
0.45	-0.46	0	1.6	1.55739e-05
0.45	-0.42	0	1.6	1.08357e-05
0.45	-0.38	0	1.6	7.61878e-06
0.45	-0.34	0	1.6	4.99929e-06
0.45	-0.3	0	1.6	3.34888e-06
0.45	-0.26	0	1.6	2.30418e-06
0.45	-0.22	0	1.6	1.36972e-06
0.45	-0.18	0	1.6	0.0267726
0.45	-0.14	0	1.6	0.0347006
0.45	-0.1	0	1.6	0.0470088
0.45	-0.06	0	1.6	0.0738486
0.45	-0.02	0	1.6	0.0970651
0.45	0.02	0	1.6	0.119626
0.45	0.06	0	1.6	0.130326
0.45	0.1	0	1.6	0.161772
0.45	0.14	0	1.6	0.228788
0.45	0.18	0	1.6	0.241323
0.45	0.22	0	1.6	0.218757
0.45	0.26	0	1.6	0.276822
0.45	0.3	0	1.6	0.268172
0.45	0.34	0	1.6	0.246411
0.45	0.38	0	1.6	0.226223
0.45	0.42	0	1.6	0.233695
0.45	0.46	0	1.6	0.200112
0.45	0.5	0	1.6	0.176921
0.45	0.54	0	1.6	0.142092
0.45	0.58	0	1.6	0.117803
0.45	0.62	0	1.6	0.084861
0.45	0.66	0	1.6	0.0689253
0.45	0.7	0	1.6	0.0509393
0.45	0.74	0	1.6	0.0343615
0.45	0.78	0	1.6	0.0284509
0.45	0.82	0	1.6	0.0186355
0.45	0.86	0	1.6	0.0114218
0.45	0.9	0	1.6	0.00882491
0.45	0.94	0	1.6	0.00595744
0.45	0.98	0	1.6	0.003932
0.483333	-0.98	0	1.6	0.0025238
0.483333	-0.94	0	1.6	0.0016154
0.483333	-0.9	0	1.6	0.00118209
0.483333	-0.86	0	1.6	0.000742666
0.483333	-0.82	0	1.6	0.000528865
0.483333	-0.78	0	1.6	0.000350889
0.483333	-0.74	0	1.6	0.000238534
0.483333	-0.7	0	1.6	0.000178242
0.483333	-0.66	0	1.6	0.000106247
0.483333	-0.62	0	1.6	7.41791e-05
0.483333	-0.58	0	1.6	4.81353e-05
0.483333	-0.54	0	1.6	3.68258e-05
0.483333	-0.5	0	1.6	2.13505e-05
0.483333	-0.46	0	1.6	1.49925e-05
0.483333	-0.42	0	1.6	1.07306e-05
0.483333	-0.38	0	1.6	7.09231e-06
0.483333	-0.34	0	1.6	4.5693e-06
0.483333	-0.3	0	1.6	2.98606e-06
0.483333	-0.26	0	1.6	2.02131e-06
0.483333	-0.22	0	1.6	1.41634e-06
0.483333	-0.18	0	1.6	0.0230307
0.483333	-0.14	0	1.6	0.0316073
0.483333	-0.1	0	1.6	0.0494113
0.483333	-0.06	0	1.6	0.0594121
0.483333	-0.02	0	1.6	0.0841822
0.483333	0.02	0	1.6	0.0974212
0.483333	0.06	0	1.6	0.131114
0.483333	0.1	0	1.6	0.160556
0.483333	0.14	0	1.6	0.187848
0.483333	0.18	0	1.6	0.195916
0.483333	0.22	0	1.6	0.232352
0.483333	0.26	0	1.6	0.242335
0.483333	0.3	0	1.6	0.235233
0.483333	0.34	0	1.6	0.230359
0.483333	0.38	0	1.6	0.222923
0.483333	0.42	0	1.6	0.205899
0.483333	0.46	0	1.6	0.186171
0.483333	0.5	0	1.6	0.162007
0.483333	0.54	0	1.6	0.125466
0.483333	0.58	0	1.6	0.103916
0.483333	0.62	0	1.6	0.0851934
0.483333	0.66	0	1.6	0.0609404
0.483333	0.7	0	1.6	0.0474405
0.483333	0.74	0	1.6	0.0357741
0.483333	0.78	0	1.6	0.0220922
0.483333	0.82	0	1.6	0.016462
0.483333	0.86	0	1.6	0.0116871
0.483333	0.9	0	1.6	0.00699575
0.483333	0.94	0	1.6	0.00555165
0.483333	0.98	0	1.6	0.00352133
0.516667	-0.98	0	1.6	0.00229564
0.516667	-0.94	0	1.6	0.00161563
0.516667	-0.9	0	1.6	0.00108067
0.516667	-0.86	0	1.6	0.000775245
0.516667	-0.82	0	1.6	0.000469904
0.516667	-0.78	0	1.6	0.000327963
0.516667	-0.74	0	1.6	0.000229176
0.516667	-0.7	0	1.6	0.000161751
0.516667	-0.66	0	1.6	0.000101051
0.516667	-0.62	0	1.6	6.28741e-05
0.516667	-0.58	0	1.6	4.71537e-05
0.516667	-0.54	0	1.6	3.2327e-05
0.516667	-0.5	0	1.6	2.21466e-05
0.516667	-0.46	0	1.6	1.31377e-05
0.516667	-0.42	0	1.6	9.31274e-06
0.516667	-0.38	0	1.6	6.86955e-06
0.516667	-0.34	0	1.6	4.49076e-06
0.516667	-0.3	0	1.6	3.08054e-06
0.516667	-0.26	0	1.6	2.05568e-06
0.516667	-0.22	0	1.6	1.27458e-06
0.516667	-0.18	0	1.6	0.019144
0.516667	-0.14	0	1.6	0.0282324
0.516667	-0.1	0	1.6	0.0397706
0.516667	-0.06	0	1.6	0.0542431
0.516667	-0.02	0	1.6	0.0643022
0.516667	0.02	0	1.6	0.0977459
0.516667	0.06	0	1.6	0.12148
0.516667	0.1	0	1.6	0.127767
0.516667	0.14	0	1.6	0.152532
0.516667	0.18	0	1.6	0.178427
0.516667	0.22	0	1.6	0.183047
0.516667	0.26	0	1.6	0.202357
0.516667	0.3	0	1.6	0.221897
0.516667	0.34	0	1.6	0.19615
0.516667	0.38	0	1.6	0.202003
0.516667	0.42	0	1.6	0.154345
0.516667	0.46	0	1.6	0.14471
0.516667	0.5	0	1.6	0.145899
0.516667	0.54	0	1.6	0.110596
0.516667	0.58	0	1.6	0.0960509
0.516667	0.62	0	1.6	0.073331
0.516667	0.66	0	1.6	0.052574
0.516667	0.7	0	1.6	0.0417468
0.516667	0.74	0	1.6	0.0286805
0.516667	0.78	0	1.6	0.0197843
0.516667	0.82	0	1.6	0.0135541
0.516667	0.86	0	1.6	0.00934738
0.516667	0.9	0	1.6	0.00714284
0.516667	0.94	0	1.6	0.00497324
0.516667	0.98	0	1.6	0.0033537
0.55	-0.98	0	1.6	0.00212417
0.55	-0.94	0	1.6	0.00140848
0.55	-0.9	0	1.6	0.000915398
0.55	-0.86	0	1.6	0.000678378
0.55	-0.82	0	1.6	0.000435685
0.55	-0.78	0	1.6	0.000323157
0.55	-0.74	0	1.6	0.000200178
0.55	-0.7	0	1.6	0.000135886
0.55	-0.66	0	1.6	9.75211e-05
0.55	-0.62	0	1.6	6.18349e-05
0.55	-0.58	0	1.6	4.51498e-05
0.55	-0.54	0	1.6	3.02707e-05
0.55	-0.5	0	1.6	2.01557e-05
0.55	-0.46	0	1.6	1.39176e-05
0.55	-0.42	0	1.6	9.60107e-06
0.55	-0.38	0	1.6	6.55951e-06
0.55	-0.34	0	1.6	4.37486e-06
0.55	-0.3	0	1.6	3.06561e-06
0.55	-0.26	0	1.6	1.87787e-06
0.55	-0.22	0	1.6	1.1542e-06
0.55	-0.18	0	1.6	0.0181891
0.55	-0.14	0	1.6	0.0237463
0.55	-0.1	0	1.6	0.0363542
0.55	-0.06	0	1.6	0.0460116
0.55	-0.02	0	1.6	0.0640323
0.55	0.02	0	1.6	0.0780958
0.55	0.06	0	1.6	0.0942963
0.55	0.1	0	1.6	0.11083
0.55	0.14	0	1.6	0.134997
0.55	0.18	0	1.6	0.166006
0.55	0.22	0	1.6	0.158786
0.55	0.26	0	1.6	0.168784
0.55	0.3	0	1.6	0.175298
0.55	0.34	0	1.6	0.155473
0.55	0.38	0	1.6	0.164874
0.55	0.42	0	1.6	0.15338
0.55	0.46	0	1.6	0.129997
0.55	0.5	0	1.6	0.127688
0.55	0.54	0	1.6	0.098474
0.55	0.58	0	1.6	0.0761734
0.55	0.62	0	1.6	0.065159
0.55	0.66	0	1.6	0.0477264
0.55	0.7	0	1.6	0.0370982
0.55	0.74	0	1.6	0.0253759
0.55	0.78	0	1.6	0.0194724
0.55	0.82	0	1.6	0.0122457
0.55	0.86	0	1.6	0.00867012
0.55	0.9	0	1.6	0.00667567
0.55	0.94	0	1.6	0.00436243
0.55	0.98	0	1.6	0.00285428
0.583333	-0.98	0	1.6	0.00183031
0.583333	-0.94	0	1.6	0.00129341
0.583333	-0.9	0	1.6	0.000870145
0.583333	-0.86	0	1.6	0.000557651
0.583333	-0.82	0	1.6	0.000382872
0.583333	-0.78	0	1.6	0.000287594
0.583333	-0.74	0	1.6	0.000192585
0.583333	-0.7	0	1.6	0.000132779
0.583333	-0.66	0	1.6	8.73043e-05
0.583333	-0.62	0	1.6	5.98859e-05
0.583333	-0.58	0	1.6	4.2429e-05
0.583333	-0.54	0	1.6	2.65464e-05
0.583333	-0.5	0	1.6	1.82841e-05
0.583333	-0.46	0	1.6	1.27786e-05
0.583333	-0.42	0	1.6	7.87553e-06
0.583333	-0.38	0	1.6	5.47232e-06
0.583333	-0.34	0	1.6	4.18857e-06
0.583333	-0.3	0	1.6	2.77297e-06
0.583333	-0.26	0	1.6	1.85649e-06
0.583333	-0.22	0	1.6	1.16701e-06
0.583333	-0.18	0	1.6	0.0158308
0.583333	-0.14	0	1.6	0.02054
0.583333	-0.1	0	1.6	0.0301897
0.583333	-0.06	0	1.6	0.039493
0.583333	-0.02	0	1.6	0.0505349
0.583333	0.02	0	1.6	0.0580252
0.583333	0.06	0	1.6	0.0815742
0.583333	0.1	0	1.6	0.0941213
0.583333	0.14	0	1.6	0.110451
0.583333	0.18	0	1.6	0.131143
0.583333	0.22	0	1.6	0.134462
0.583333	0.26	0	1.6	0.146625
0.583333	0.3	0	1.6	0.154028
0.583333	0.34	0	1.6	0.147958
0.583333	0.38	0	1.6	0.134885
0.583333	0.42	0	1.6	0.119858
0.583333	0.46	0	1.6	0.114259
0.583333	0.5	0	1.6	0.0917385
0.583333	0.54	0	1.6	0.082566
0.583333	0.58	0	1.6	0.0634276
0.583333	0.62	0	1.6	0.0536737
0.583333	0.66	0	1.6	0.0369721
0.583333	0.7	0	1.6	0.031807
0.583333	0.74	0	1.6	0.0217288
0.583333	0.78	0	1.6	0.0147786
0.583333	0.82	0	1.6	0.0108466
0.583333	0.86	0	1.6	0.00780541
0.583333	0.9	0	1.6	0.00562246
0.583333	0.94	0	1.6	0.00414088
0.583333	0.98	0	1.6	0.00277782
0.616667	-0.98	0	1.6	0.00158596
0.616667	-0.94	0	1.6	0.00114842
0.616667	-0.9	0	1.6	0.000776678
0.616667	-0.86	0	1.6	0.000543483
0.616667	-0.82	0	1.6	0.00034159
0.616667	-0.78	0	1.6	0.000236657
0.616667	-0.74	0	1.6	0.000182417
0.616667	-0.7	0	1.6	0.000111488
0.616667	-0.66	0	1.6	7.33444e-05
0.616667	-0.62	0	1.6	5.6141e-05
0.616667	-0.58	0	1.6	3.67162e-05
0.616667	-0.54	0	1.6	2.4105e-05
0.616667	-0.5	0	1.6	1.64346e-05
0.616667	-0.46	0	1.6	1.11954e-05
0.616667	-0.42	0	1.6	8.2142e-06
0.616667	-0.38	0	1.6	5.46848e-06
0.616667	-0.34	0	1.6	3.44376e-06
0.616667	-0.3	0	1.6	2.53974e-06
0.616667	-0.26	0	1.6	1.45321e-06
0.616667	-0.22	0	1.6	1.15566e-06
0.616667	-0.18	0	1.6	0.0140498
0.616667	-0.14	0	1.6	0.0173702
0.616667	-0.1	0	1.6	0.0209886
0.616667	-0.06	0	1.6	0.0318084
0.616667	-0.02	0	1.6	0.0423632
0.616667	0.02	0	1.6	0.0519485
0.616667	0.06	0	1.6	0.0570901
0.616667	0.1	0	1.6	0.0781173
0.616667	0.14	0	1.6	0.090461
0.616667	0.18	0	1.6	0.104532
0.616667	0.22	0	1.6	0.0971702
0.616667	0.26	0	1.6	0.110831
0.616667	0.3	0	1.6	0.122241
0.616667	0.34	0	1.6	0.118773
0.616667	0.38	0	1.6	0.102321
0.616667	0.42	0	1.6	0.102006
0.616667	0.46	0	1.6	0.0873707
0.616667	0.5	0	1.6	0.0788429
0.616667	0.54	0	1.6	0.0633438
0.616667	0.58	0	1.6	0.0468844
0.616667	0.62	0	1.6	0.045196
0.616667	0.66	0	1.6	0.033493
0.616667	0.7	0	1.6	0.0255448
0.616667	0.74	0	1.6	0.0178681
0.616667	0.78	0	1.6	0.0123138
0.616667	0.82	0	1.6	0.00995525
0.616667	0.86	0	1.6	0.00729328
0.616667	0.9	0	1.6	0.004781
0.616667	0.94	0	1.6	0.00315511
0.616667	0.98	0	1.6	0.00232926
0.65	-0.98	0	1.6	0.00137959
0.65	-0.94	0	1.6	0.000983553
0.65	-0.9	0	1.6	0.000711011
0.65	-0.86	0	1.6	0.00044836
0.65	-0.82	0	1.6	0.00034014
0.65	-0.78	0	1.6	0.000214771
0.65	-0.74	0	1.6	0.00015151
0.65	-0.7	0	1.6	0.00010232
0.65	-0.66	0	1.6	7.3035e-05
0.65	-0.62	0	1.6	4.65552e-05
0.65	-0.58	0	1.6	3.12734e-05
0.65	-0.54	0	1.6	2.27061e-05
0.65	-0.5	0	1.6	1.59654e-05
0.65	-0.46	0	1.6	1.03677e-05
0.65	-0.42	0	1.6	7.23395e-06
0.65	-0.38	0	1.6	4.83896e-06
0.65	-0.34	0	1.6	3.47504e-06
0.65	-0.3	0	1.6	2.35105e-06
0.65	-0.26	0	1.6	1.46877e-06
0.65	-0.22	0	1.6	1.05113e-06
0.65	-0.18	0	1.6	0.0102484
0.65	-0.14	0	1.6	0.0153422
0.65	-0.1	0	1.6	0.0200586
0.65	-0.06	0	1.6	0.0267291
0.65	-0.02	0	1.6	0.0395826
0.65	0.02	0	1.6	0.0403558
0.65	0.06	0	1.6	0.0542722
0.65	0.1	0	1.6	0.0636929
0.65	0.14	0	1.6	0.0731626
0.65	0.18	0	1.6	0.077898
0.65	0.22	0	1.6	0.0887432
0.65	0.26	0	1.6	0.0953033
0.65	0.3	0	1.6	0.0873052
0.65	0.34	0	1.6	0.101027
0.65	0.38	0	1.6	0.0819378
0.65	0.42	0	1.6	0.0763951
0.65	0.46	0	1.6	0.074724
0.65	0.5	0	1.6	0.0636929
0.65	0.54	0	1.6	0.0520176
0.65	0.58	0	1.6	0.0440245
0.65	0.62	0	1.6	0.0355308
0.65	0.66	0	1.6	0.0251994
0.65	0.7	0	1.6	0.0188355
0.65	0.74	0	1.6	0.014155
0.65	0.78	0	1.6	0.0110212
0.65	0.82	0	1.6	0.00784068
0.65	0.86	0	1.6	0.00609856
0.65	0.9	0	1.6	0.00402472
0.65	0.94	0	1.6	0.00301057
0.65	0.98	0	1.6	0.00206956
0.683333	-0.98	0	1.6	0.00122429
0.683333	-0.94	0	1.6	0.000808974
0.683333	-0.9	0	1.6	0.000607897
0.683333	-0.86	0	1.6	0.000423342
0.683333	-0.82	0	1.6	0.000313543
0.683333	-0.78	0	1.6	0.000202841
0.683333	-0.74	0	1.6	0.000143925
0.683333	-0.7	0	1.6	9.18197e-05
0.683333	-0.66	0	1.6	6.27437e-05
0.683333	-0.62	0	1.6	4.75225e-05
0.683333	-0.58	0	1.6	2.98123e-05
0.683333	-0.54	0	1.6	2.17096e-05
0.683333	-0.5	0	1.6	1.39044e-05
0.683333	-0.46	0	1.6	9.64576e-06
0.683333	-0.42	0	1.6	6.72405e-06
0.683333	-0.38	0	1.6	4.72293e-06
0.683333	-0.34	0	1.6	3.19587e-06
0.683333	-0.3	0	1.6	2.27851e-06
0.683333	-0.26	0	1.6	1.3973e-06
0.683333	-0.22	0	1.6	9.39938e-07
0.683333	-0.18	0	1.6	0.0086125
0.683333	-0.14	0	1.6	0.0120497
0.683333	-0.1	0	1.6	0.0159024
0.683333	-0.06	0	1.6	0.0215384
0.683333	-0.02	0	1.6	0.0263443
0.683333	0.02	0	1.6	0.031346
0.683333	0.06	0	1.6	0.0436202
0.683333	0.1	0	1.6	0.0481275
0.683333	0.14	0	1.6	0.0556069
0.683333	0.18	0	1.6	0.0675636
0.683333	0.22	0	1.6	0.0684719
0.683333	0.26	0	1.6	0.0777128
0.683333	0.3	0	1.6	0.0686226
0.683333	0.34	0	1.6	0.0652788
0.683333	0.38	0	1.6	0.0686832
0.683333	0.42	0	1.6	0.0593859
0.683333	0.46	0	1.6	0.0556069
0.683333	0.5	0	1.6	0.0496315
0.683333	0.54	0	1.6	0.0381835
0.683333	0.58	0	1.6	0.032484
0.683333	0.62	0	1.6	0.0293999
0.683333	0.66	0	1.6	0.0214739
0.683333	0.7	0	1.6	0.0166926
0.683333	0.74	0	1.6	0.01231
0.683333	0.78	0	1.6	0.00864011
0.683333	0.82	0	1.6	0.00641534
0.683333	0.86	0	1.6	0.00453682
0.683333	0.9	0	1.6	0.00334673
0.683333	0.94	0	1.6	0.00245619
0.683333	0.98	0	1.6	0.00162404
0.716667	-0.98	0	1.6	0.00104188
0.716667	-0.94	0	1.6	0.000711019
0.716667	-0.9	0	1.6	0.000469707
0.716667	-0.86	0	1.6	0.000343466
0.716667	-0.82	0	1.6	0.000231929
0.716667	-0.78	0	1.6	0.000179236
0.716667	-0.74	0	1.6	0.000128493
0.716667	-0.7	0	1.6	8.73727e-05
0.716667	-0.66	0	1.6	5.60286e-05
0.716667	-0.62	0	1.6	4.03481e-05
0.716667	-0.58	0	1.6	2.94609e-05
0.716667	-0.54	0	1.6	1.90651e-05
0.716667	-0.5	0	1.6	1.29146e-05
0.716667	-0.46	0	1.6	9.03721e-06
0.716667	-0.42	0	1.6	6.44472e-06
0.716667	-0.38	0	1.6	4.22359e-06
0.716667	-0.34	0	1.6	2.74252e-06
0.716667	-0.3	0	1.6	1.93575e-06
0.716667	-0.26	0	1.6	1.34317e-06
0.716667	-0.22	0	1.6	8.86586e-07
0.716667	-0.18	0	1.6	0.00705931
0.716667	-0.14	0	1.6	0.00930768
0.716667	-0.1	0	1.6	0.012055
0.716667	-0.06	0	1.6	0.0172393
0.716667	-0.02	0	1.6	0.0200215
0.716667	0.02	0	1.6	0.0247366
0.716667	0.06	0	1.6	0.0321923
0.716667	0.1	0	1.6	0.0346176
0.716667	0.14	0	1.6	0.0416963
0.716667	0.18	0	1.6	0.0480658
0.716667	0.22	0	1.6	0.0568996
0.716667	0.26	0	1.6	0.0507474
0.716667	0.3	0	1.6	0.0577617
0.716667	0.34	0	1.6	0.0541306
0.716667	0.38	0	1.6	0.0488402
0.716667	0.42	0	1.6	0.0491075
0.716667	0.46	0	1.6	0.0423624
0.716667	0.5	0	1.6	0.0411011
0.716667	0.54	0	1.6	0.031703
0.716667	0.58	0	1.6	0.0258647
0.716667	0.62	0	1.6	0.0196328
0.716667	0.66	0	1.6	0.0151992
0.716667	0.7	0	1.6	0.0124096
0.716667	0.74	0	1.6	0.0094274
0.716667	0.78	0	1.6	0.00833671
0.716667	0.82	0	1.6	0.00473997
0.716667	0.86	0	1.6	0.00380746
0.716667	0.9	0	1.6	0.00284797
0.716667	0.94	0	1.6	0.00197231
0.716667	0.98	0	1.6	0.00145387
0.75	-0.98	0	1.6	0.000918286
0.75	-0.94	0	1.6	0.000627976
0.75	-0.9	0	1.6	0.000406284
0.75	-0.86	0	1.6	0.000299626
0.75	-0.82	0	1.6	0.000229082
0.75	-0.78	0	1.6	0.000167732
0.75	-0.74	0	1.6	0.000105809
0.75	-0.7	0	1.6	6.94697e-05
0.75	-0.66	0	1.6	5.32378e-05
0.75	-0.62	0	1.6	3.47645e-05
0.75	-0.58	0	1.6	2.38577e-05
0.75	-0.54	0	1.6	1.51968e-05
0.75	-0.5	0	1.6	1.2177e-05
0.75	-0.46	0	1.6	7.8009e-06
0.75	-0.42	0	1.6	5.33556e-06
0.75	-0.38	0	1.6	3.69086e-06
0.75	-0.34	0	1.6	2.43899e-06
0.75	-0.3	0	1.6	1.77032e-06
0.75	-0.26	0	1.6	1.14252e-06
0.75	-0.22	0	1.6	7.69475e-07
0.75	-0.18	0	1.6	0.00599391
0.75	-0.14	0	1.6	0.00800519
0.75	-0.1	0	1.6	0.0103821
0.75	-0.06	0	1.6	0.0120086
0.75	-0.02	0	1.6	0.0155821
0.75	0.02	0	1.6	0.0212141
0.75	0.06	0	1.6	0.0254366
0.75	0.1	0	1.6	0.0265774
0.75	0.14	0	1.6	0.0317446
0.75	0.18	0	1.6	0.0353317
0.75	0.22	0	1.6	0.0373248
0.75	0.26	0	1.6	0.0410163
0.75	0.3	0	1.6	0.042308
0.75	0.34	0	1.6	0.0411433
0.75	0.38	0	1.6	0.0376883
0.75	0.42	0	1.6	0.0354438
0.75	0.46	0	1.6	0.0311399
0.75	0.5	0	1.6	0.0314176
0.75	0.54	0	1.6	0.0243144
0.75	0.58	0	1.6	0.0194773
0.75	0.62	0	1.6	0.0163361
0.75	0.66	0	1.6	0.0125671
0.75	0.7	0	1.6	0.00941852
0.75	0.74	0	1.6	0.00755251
0.75	0.78	0	1.6	0.00563392
0.75	0.82	0	1.6	0.00475372
0.75	0.86	0	1.6	0.00301231
0.75	0.9	0	1.6	0.00241166
0.75	0.94	0	1.6	0.00166929
0.75	0.98	0	1.6	0.00124273
0.783333	-0.98	0	1.6	0.000782135
0.783333	-0.94	0	1.6	0.00050665
0.783333	-0.9	0	1.6	0.000369968
0.783333	-0.86	0	1.6	0.000260583
0.783333	-0.82	0	1.6	0.000181613
0.783333	-0.78	0	1.6	0.000127292
0.783333	-0.74	0	1.6	0.000103642
0.783333	-0.7	0	1.6	6.80538e-05
0.783333	-0.66	0	1.6	4.47941e-05
0.783333	-0.62	0	1.6	3.15132e-05
0.783333	-0.58	0	1.6	2.24485e-05
0.783333	-0.54	0	1.6	1.36031e-05
0.783333	-0.5	0	1.6	1.07914e-05
0.783333	-0.46	0	1.6	6.89304e-06
0.783333	-0.42	0	1.6	5.03104e-06
0.783333	-0.38	0	1.6	3.10605e-06
0.783333	-0.34	0	1.6	2.13206e-06
0.783333	-0.3	0	1.6	1.58347e-06
0.783333	-0.26	0	1.6	1.02427e-06
0.783333	-0.22	0	1.6	7.87377e-07
0.783333	-0.18	0	1.6	0.00451004
0.783333	-0.14	0	1.6	0.00619865
0.783333	-0.1	0	1.6	0.00667997
0.783333	-0.06	0	1.6	0.00936468
0.783333	-0.02	0	1.6	0.0127818
0.783333	0.02	0	1.6	0.0145634
0.783333	0.06	0	1.6	0.0183473
0.783333	0.1	0	1.6	0.0212512
0.783333	0.14	0	1.6	0.0258702
0.783333	0.18	0	1.6	0.0267551
0.783333	0.22	0	1.6	0.0292743
0.783333	0.26	0	1.6	0.0296808
0.783333	0.3	0	1.6	0.0315665
0.783333	0.34	0	1.6	0.0310942
0.783333	0.38	0	1.6	0.0308056
0.783333	0.42	0	1.6	0.0257518
0.783333	0.46	0	1.6	0.0259456
0.783333	0.5	0	1.6	0.0228401
0.783333	0.54	0	1.6	0.0195365
0.783333	0.58	0	1.6	0.0157455
0.783333	0.62	0	1.6	0.0117006
0.783333	0.66	0	1.6	0.00970465
0.783333	0.7	0	1.6	0.00774877
0.783333	0.74	0	1.6	0.00616109
0.783333	0.78	0	1.6	0.00440982
0.783333	0.82	0	1.6	0.00344812
0.783333	0.86	0	1.6	0.00231754
0.783333	0.9	0	1.6	0.00190284
0.783333	0.94	0	1.6	0.00137718
0.783333	0.98	0	1.6	0.00101724
0.816667	-0.98	0	1.6	0.000598481
0.816667	-0.94	0	1.6	0.000400449
0.816667	-0.9	0	1.6	0.000310115
0.816667	-0.86	0	1.6	0.000221827
0.816667	-0.82	0	1.6	0.000158442
0.816667	-0.78	0	1.6	0.000104433
0.816667	-0.74	0	1.6	8.01159e-05
0.816667	-0.7	0	1.6	5.40293e-05
0.816667	-0.66	0	1.6	3.67431e-05
0.816667	-0.62	0	1.6	2.84783e-05
0.816667	-0.58	0	1.6	1.87849e-05
0.816667	-0.54	0	1.6	1.22037e-05
0.816667	-0.5	0	1.6	9.13005e-06
0.816667	-0.46	0	1.6	6.12388e-06
0.816667	-0.42	0	1.6	4.33636e-06
0.816667	-0.38	0	1.6	2.98096e-06
0.816667	-0.34	0	1.6	1.9701e-06
0.816667	-0.3	0	1.6	1.48959e-06
0.816667	-0.26	0	1.6	9.4511e-07
0.816667	-0.22	0	1.6	6.78984e-07
0.816667	-0.18	0	1.6	0.00340949
0.816667	-0.14	0	1.6	0.00459555
0.816667	-0.1	0	1.6	0.00624874
0.816667	-0.06	0	1.6	0.0079776
0.816667	-0.02	0	1.6	0.00982661
0.816667	0.02	0	1.6	0.012547
0.816667	0.06	0	1.6	0.0132625
0.816667	0.1	0	1.6	0.0155567
0.816667	0.14	0	1.6	0.0181899
0.816667	0.18	0	1.6	0.0187209
0.816667	0.22	0	1.6	0.0234257
0.816667	0.26	0	1.6	0.0216193
0.816667	0.3	0	1.6	0.0208094
0.816667	0.34	0	1.6	0.0233516
0.816667	0.38	0	1.6	0.0205721
0.816667	0.42	0	1.6	0.0204508
0.816667	0.46	0	1.6	0.0170706
0.816667	0.5	0	1.6	0.0151122
0.816667	0.54	0	1.6	0.0150478
0.816667	0.58	0	1.6	0.0117248
0.816667	0.62	0	1.6	0.00976776
0.816667	0.66	0	1.6	0.00769268
0.816667	0.7	0	1.6	0.00619227
0.816667	0.74	0	1.6	0.00493325
0.816667	0.78	0	1.6	0.00355626
0.816667	0.82	0	1.6	0.00270825
0.816667	0.86	0	1.6	0.00209051
0.816667	0.9	0	1.6	0.00148628
0.816667	0.94	0	1.6	0.00111198
0.816667	0.98	0	1.6	0.000879111
0.85	-0.98	0	1.6	0.000458821
0.85	-0.94	0	1.6	0.000330745
0.85	-0.9	0	1.6	0.000250602
0.85	-0.86	0	1.6	0.000193597
0.85	-0.82	0	1.6	0.000139468
0.85	-0.78	0	1.6	8.89444e-05
0.85	-0.74	0	1.6	6.46347e-05
0.85	-0.7	0	1.6	4.16704e-05
0.85	-0.66	0	1.6	3.33013e-05
0.85	-0.62	0	1.6	2.24157e-05
0.85	-0.58	0	1.6	1.53226e-05
0.85	-0.54	0	1.6	1.07577e-05
0.85	-0.5	0	1.6	7.80344e-06
0.85	-0.46	0	1.6	5.13117e-06
0.85	-0.42	0	1.6	3.68551e-06
0.85	-0.38	0	1.6	2.5742e-06
0.85	-0.34	0	1.6	1.82851e-06
0.85	-0.3	0	1.6	1.31519e-06
0.85	-0.26	0	1.6	8.25812e-07
0.85	-0.22	0	1.6	5.25821e-07
0.85	-0.18	0	1.6	0.00266744
0.85	-0.14	0	1.6	0.00375829
0.85	-0.1	0	1.6	0.00470447
0.85	-0.06	0	1.6	0.00619284
0.85	-0.02	0	1.6	0.00696665
0.85	0.02	0	1.6	0.0081856
0.85	0.06	0	1.6	0.00991981
0.85	0.1	0	1.6	0.0124786
0.85	0.14	0	1.6	0.0139442
0.85	0.18	0	1.6	0.0163265
0.85	0.22	0	1.6	0.0151029
0.85	0.26	0	1.6	0.0159938
0.85	0.3	0	1.6	0.0164733
0.85	0.34	0	1.6	0.0159432
0.85	0.38	0	1.6	0.017871
0.85	0.42	0	1.6	0.015873
0.85	0.46	0	1.6	0.0136967
0.85	0.5	0	1.6	0.0117468
0.85	0.54	0	1.6	0.00903241
0.85	0.58	0	1.6	0.00813193
0.85	0.62	0	1.6	0.00701116
0.85	0.66	0	1.6	0.00546853
0.85	0.7	0	1.6	0.00457419
0.85	0.74	0	1.6	0.00371274
0.85	0.78	0	1.6	0.00291476
0.85	0.82	0	1.6	0.00197459
0.85	0.86	0	1.6	0.00168372
0.85	0.9	0	1.6	0.00119977
0.85	0.94	0	1.6	0.000975687
0.85	0.98	0	1.6	0.000699239
0.883333	-0.98	0	1.6	0.000446898
0.883333	-0.94	0	1.6	0.000298337
0.883333	-0.9	0	1.6	0.0002153
0.883333	-0.86	0	1.6	0.000157828
0.883333	-0.82	0	1.6	0.000113023
0.883333	-0.78	0	1.6	8.37432e-05
0.883333	-0.74	0	1.6	5.96182e-05
0.883333	-0.7	0	1.6	4.30214e-05
0.883333	-0.66	0	1.6	3.26736e-05
0.883333	-0.62	0	1.6	2.00616e-05
0.883333	-0.58	0	1.6	1.4133e-05
0.883333	-0.54	0	1.6	9.80826e-06
0.883333	-0.5	0	1.6	6.9163e-06
0.883333	-0.46	0	1.6	4.86543e-06
0.883333	-0.42	0	1.6	3.18955e-06
0.883333	-0.38	0	1.6	2.37808e-06
0.883333	-0.34	0	1.6	1.46048e-06
0.883333	-0.3	0	1.6	1.11962e-06
0.883333	-0.26	0	1.6	7.28567e-07
0.883333	-0.22	0	1.6	5.26914e-07
0.883333	-0.18	0	1.6	0.0022781
0.883333	-0.14	0	1.6	0.00286037
0.883333	-0.1	0	1.6	0.00347286
0.883333	-0.06	0	1.6	0.0040073
0.883333	-0.02	0	1.6	0.00498778
0.883333	0.02	0	1.6	0.00663122
0.883333	0.06	0	1.6	0.00768399
0.883333	0.1	0	1.6	0.00825293
0.883333	0.14	0	1.6	0.00895411
0.883333	0.18	0	1.6	0.0105647
0.883333	0.22	0	1.6	0.0116324
0.883333	0.26	0	1.6	0.0114762
0.883333	0.3	0	1.6	0.0115172
0.883333	0.34	0	1.6	0.0114762
0.883333	0.38	0	1.6	0.011102
0.883333	0.42	0	1.6	0.00993541
0.883333	0.46	0	1.6	0.0102851
0.883333	0.5	0	1.6	0.0085496
0.883333	0.54	0	1.6	0.00735502
0.883333	0.58	0	1.6	0.0069718
0.883333	0.62	0	1.6	0.00542296
0.883333	0.66	0	1.6	0.00415826
0.883333	0.7	0	1.6	0.0038489
0.883333	0.74	0	1.6	0.00313237
0.883333	0.78	0	1.6	0.00208597
0.883333	0.82	0	1.6	0.00166327
0.883333	0.86	0	1.6	0.00135392
0.883333	0.9	0	1.6	0.00100387
0.883333	0.94	0	1.6	0.000764419
0.883333	0.98	0	1.6	0.000568478
0.916667	-0.98	0	1.6	0.00032892
0.916667	-0.94	0	1.6	0.000237526
0.916667	-0.9	0	1.6	0.000162776
0.916667	-0.86	0	1.6	0.000128863
0.916667	-0.82	0	1.6	9.0841e-05
0.916667	-0.78	0	1.6	6.87853e-05
0.916667	-0.74	0	1.6	4.74819e-05
0.916667	-0.7	0	1.6	3.07227e-05
0.916667	-0.66	0	1.6	2.27795e-05
0.916667	-0.62	0	1.6	1.65401e-05
0.916667	-0.58	0	1.6	1.2961e-05
0.916667	-0.54	0	1.6	8.38972e-06
0.916667	-0.5	0	1.6	5.64875e-06
0.916667	-0.46	0	1.6	4.08045e-06
0.916667	-0.42	0	1.6	2.86672e-06
0.916667	-0.38	0	1.6	1.94144e-06
0.916667	-0.34	0	1.6	1.5009e-06
0.916667	-0.3	0	1.6	9.78863e-07
0.916667	-0.26	0	1.6	6.32609e-07
0.916667	-0.22	0	1.6	4.46241e-07
0.916667	-0.18	0	1.6	0.00175862
0.916667	-0.14	0	1.6	0.002224
0.916667	-0.1	0	1.6	0.00294916
0.916667	-0.06	0	1.6	0.00314476
0.916667	-0.02	0	1.6	0.00440782
0.916667	0.02	0	1.6	0.00467326
0.916667	0.06	0	1.6	0.00572356
0.916667	0.1	0	1.6	0.00605649
0.916667	0.14	0	1.6	0.00724581
0.916667	0.18	0	1.6	0.00782922
0.916667	0.22	0	1.6	0.00802665
0.916667	0.26	0	1.6	0.0083357
0.916667	0.3	0	1.6	0.00868445
0.916667	0.34	0	1.6	0.00852212
0.916667	0.38	0	1.6	0.00779585
0.916667	0.42	0	1.6	0.0080942
0.916667	0.46	0	1.6	0.00740044
0.916667	0.5	0	1.6	0.00643255
0.916667	0.54	0	1.6	0.00541136
0.916667	0.58	0	1.6	0.00492628
0.916667	0.62	0	1.6	0.00413233
0.916667	0.66	0	1.6	0.00339304
0.916667	0.7	0	1.6	0.00266349
0.916667	0.74	0	1.6	0.00215009
0.916667	0.78	0	1.6	0.00174273
0.916667	0.82	0	1.6	0.0013974
0.916667	0.86	0	1.6	0.00104298
0.916667	0.9	0	1.6	0.000808034
0.916667	0.94	0	1.6	0.000588867
0.916667	0.98	0	1.6	0.000433041
0.95	-0.98	0	1.6	0.000264783
0.95	-0.94	0	1.6	0.000186531
0.95	-0.9	0	1.6	0.000137205
0.95	-0.86	0	1.6	0.000100619
0.95	-0.82	0	1.6	7.38384e-05
0.95	-0.78	0	1.6	5.4914e-05
0.95	-0.74	0	1.6	3.91559e-05
0.95	-0.7	0	1.6	2.80575e-05
0.95	-0.66	0	1.6	1.95893e-05
0.95	-0.62	0	1.6	1.53005e-05
0.95	-0.58	0	1.6	1.02478e-05
0.95	-0.54	0	1.6	7.26193e-06
0.95	-0.5	0	1.6	4.7881e-06
0.95	-0.46	0	1.6	3.40781e-06
0.95	-0.42	0	1.6	2.50353e-06
0.95	-0.38	0	1.6	1.6915e-06
0.95	-0.34	0	1.6	1.18775e-06
0.95	-0.3	0	1.6	7.87982e-07
0.95	-0.26	0	1.6	6.02136e-07
0.95	-0.22	0	1.6	3.91398e-07
0.95	-0.18	0	1.6	0.00127266
0.95	-0.14	0	1.6	0.0015916
0.95	-0.1	0	1.6	0.00210848
0.95	-0.06	0	1.6	0.00249126
0.95	-0.02	0	1.6	0.00317142
0.95	0.02	0	1.6	0.00364498
0.95	0.06	0	1.6	0.00400483
0.95	0.1	0	1.6	0.00437153
0.95	0.14	0	1.6	0.0052746
0.95	0.18	0	1.6	0.00594005
0.95	0.22	0	1.6	0.00625035
0.95	0.26	0	1.6	0.00646094
0.95	0.3	0	1.6	0.00638374
0.95	0.34	0	1.6	0.00628788
0.95	0.38	0	1.6	0.00586087
0.95	0.42	0	1.6	0.00630693
0.95	0.46	0	1.6	0.00530677
0.95	0.5	0	1.6	0.00479132
0.95	0.54	0	1.6	0.00401758
0.95	0.58	0	1.6	0.00355688
0.95	0.62	0	1.6	0.00310613
0.95	0.66	0	1.6	0.00261544
0.95	0.7	0	1.6	0.00210213
0.95	0.74	0	1.6	0.00161207
0.95	0.78	0	1.6	0.00140277
0.95	0.82	0	1.6	0.00109056
0.95	0.86	0	1.6	0.000874829
0.95	0.9	0	1.6	0.000615734
0.95	0.94	0	1.6	0.000441515
0.95	0.98	0	1.6	0.000347295
0.983333	-0.98	0	1.6	0.000224678
0.983333	-0.94	0	1.6	0.000153101
0.983333	-0.9	0	1.6	0.000123285
0.983333	-0.86	0	1.6	8.36227e-05
0.983333	-0.82	0	1.6	6.17168e-05
0.983333	-0.78	0	1.6	4.71056e-05
0.983333	-0.74	0	1.6	3.23771e-05
0.983333	-0.7	0	1.6	2.31768e-05
0.983333	-0.66	0	1.6	1.62606e-05
0.983333	-0.62	0	1.6	1.1841e-05
0.983333	-0.58	0	1.6	9.17006e-06
0.983333	-0.54	0	1.6	5.94442e-06
0.983333	-0.5	0	1.6	4.13886e-06
0.983333	-0.46	0	1.6	2.90088e-06
0.983333	-0.42	0	1.6	2.1331e-06
0.983333	-0.38	0	1.6	1.40005e-06
0.983333	-0.34	0	1.6	1.01273e-06
0.983333	-0.3	0	1.6	7.14431e-07
0.983333	-0.26	0	1.6	5.28184e-07
0.983333	-0.22	0	1.6	3.6876e-07
0.983333	-0.18	0	1.6	0.00105574
0.983333	-0.14	0	1.6	0.00119484
0.983333	-0.1	0	1.6	0.00148628
0.983333	-0.06	0	1.6	0.00198317
0.983333	-0.02	0	1.6	0.00213896
0.983333	0.02	0	1.6	0.0026391
0.983333	0.06	0	1.6	0.00286123
0.983333	0.1	0	1.6	0.00363178
0.983333	0.14	0	1.6	0.00384182
0.983333	0.18	0	1.6	0.00433608
0.983333	0.22	0	1.6	0.00445747
0.983333	0.26	0	1.6	0.00446167
0.983333	0.3	0	1.6	0.00463964
0.983333	0.34	0	1.6	0.0041984
0.983333	0.38	0	1.6	0.00432361
0.983333	0.42	0	1.6	0.00390626
0.983333	0.46	0	1.6	0.00394692
0.983333	0.5	0	1.6	0.0033784
0.983333	0.54	0	1.6	0.00291733
0.983333	0.58	0	1.6	0.00256602
0.983333	0.62	0	1.6	0.00222203
0.983333	0.66	0	1.6	0.0018614
0.983333	0.7	0	1.6	0.00156752
0.983333	0.74	0	1.6	0.00124915
0.983333	0.78	0	1.6	0.000965696
0.983333	0.82	0	1.6	0.000785107
0.983333	0.86	0	1.6	0.000678122
0.983333	0.9	0	1.6	0.000468966
0.983333	0.94	0	1.6	0.000359695
0.983333	0.98	0	1.6	0.000253651
