-0.983333	-0.98	0	1.2	1.31884e-05
-0.983333	-0.94	0	1.2	9.72312e-06
-0.983333	-0.9	0	1.2	7.68325e-06
-0.983333	-0.86	0	1.2	5.50508e-06
-0.983333	-0.82	0	1.2	3.96575e-06
-0.983333	-0.78	0	1.2	3.04639e-06
-0.983333	-0.74	0	1.2	2.14552e-06
-0.983333	-0.7	0	1.2	1.53159e-06
-0.983333	-0.66	0	1.2	1.19716e-06
-0.983333	-0.62	0	1.2	8.20328e-07
-0.983333	-0.58	0	1.2	6.04028e-07
-0.983333	-0.54	0	1.2	4.03391e-07
-0.983333	-0.5	0	1.2	3.1187e-07
-0.983333	-0.46	0	1.2	1.97418e-07
-0.983333	-0.42	0	1.2	1.51206e-07
-0.983333	-0.38	0	1.2	0.000183027
-0.983333	-0.34	0	1.2	0.000225545
-0.983333	-0.3	0	1.2	0.000247889
-0.983333	-0.26	0	1.2	0.000277055
-0.983333	-0.22	0	1.2	0.000321564
-0.983333	-0.18	0	1.2	0.000385862
-0.983333	-0.14	0	1.2	0.000424251
-0.983333	-0.1	0	1.2	0.000475689
-0.983333	-0.06	0	1.2	0.000518541
-0.983333	-0.02	0	1.2	0.000560952
-0.983333	0.02	0	1.2	0.000553905
-0.983333	0.06	0	1.2	0.000549457
-0.983333	0.1	0	1.2	0.000621657
-0.983333	0.14	0	1.2	0.000569909
-0.983333	0.18	0	1.2	0.00055789
-0.983333	0.22	0	1.2	0.000554592
-0.983333	0.26	0	1.2	0.000502973
-0.983333	0.3	0	1.2	0.000491213
-0.983333	0.34	0	1.2	0.000444453
-0.983333	0.38	0	1.2	0.000380427
-0.983333	0.42	0	1.2	0.000350361
-0.983333	0.46	0	1.2	0.000296546
-0.983333	0.5	0	1.2	0.000274769
-0.983333	0.54	0	1.2	0.000217453
-0.983333	0.58	0	1.2	0.000185141
-0.983333	0.62	0	1.2	0.000154977
-0.983333	0.66	0	1.2	0.000115114
-0.983333	0.7	0	1.2	9.5027e-05
-0.983333	0.74	0	1.2	7.44828e-05
-0.983333	0.78	0	1.2	6.05642e-05
-0.983333	0.82	0	1.2	4.95683e-05
-0.983333	0.86	0	1.2	3.77575e-05
-0.983333	0.9	0	1.2	2.79714e-05
-0.983333	0.94	0	1.2	2.28422e-05
-0.983333	0.98	0	1.2	1.73337e-05
-0.95	-0.98	0	1.2	1.02112e-05
-0.95	-0.94	0	1.2	7.58149e-06
-0.95	-0.9	0	1.2	5.62153e-06
-0.95	-0.86	0	1.2	4.42647e-06
-0.95	-0.82	0	1.2	3.18914e-06
-0.95	-0.78	0	1.2	2.4279e-06
-0.95	-0.74	0	1.2	1.77342e-06
-0.95	-0.7	0	1.2	1.27788e-06
-0.95	-0.66	0	1.2	9.06019e-07
-0.95	-0.62	0	1.2	6.9611e-07
-0.95	-0.58	0	1.2	4.97151e-07
-0.95	-0.54	0	1.2	3.62027e-07
-0.95	-0.5	0	1.2	2.51531e-07
-0.95	-0.46	0	1.2	1.84208e-07
-0.95	-0.42	0	1.2	1.29915e-07
-0.95	-0.38	0	1.2	0.000137661
-0.95	-0.34	0	1.2	0.000166109
-0.95	-0.3	0	1.2	0.00018294
-0.95	-0.26	0	1.2	0.000229566
-0.95	-0.22	0	1.2	0.000237567
-0.95	-0.18	0	1.2	0.00028902
-0.95	-0.14	0	1.2	0.000327032
-0.95	-0.1	0	1.2	0.000377904
-0.95	-0.06	0	1.2	0.00037604
-0.95	-0.02	0	1.2	0.000414139
-0.95	0.02	0	1.2	0.000415624
-0.95	0.06	0	1.2	0.000427202
-0.95	0.1	0	1.2	0.000414051
-0.95	0.14	0	1.2	0.000429157
-0.95	0.18	0	1.2	0.000407045
-0.95	0.22	0	1.2	0.000416882
-0.95	0.26	0	1.2	0.000356203
-0.95	0.3	0	1.2	0.000331467
-0.95	0.34	0	1.2	0.000311668
-0.95	0.38	0	1.2	0.000278486
-0.95	0.42	0	1.2	0.000250992
-0.95	0.46	0	1.2	0.000219873
-0.95	0.5	0	1.2	0.000187338
-0.95	0.54	0	1.2	0.000154137
-0.95	0.58	0	1.2	0.00012729
-0.95	0.62	0	1.2	0.000107749
-0.95	0.66	0	1.2	8.45751e-05
-0.95	0.7	0	1.2	7.49252e-05
-0.95	0.74	0	1.2	6.24509e-05
-0.95	0.78	0	1.2	5.05997e-05
-0.95	0.82	0	1.2	3.69308e-05
-0.95	0.86	0	1.2	2.81977e-05
-0.95	0.9	0	1.2	2.40596e-05
-0.95	0.94	0	1.2	1.6928e-05
-0.95	0.98	0	1.2	1.38517e-05
-0.916667	-0.98	0	1.2	8.35733e-06
-0.916667	-0.94	0	1.2	6.31087e-06
-0.916667	-0.9	0	1.2	4.65155e-06
-0.916667	-0.86	0	1.2	3.55987e-06
-0.916667	-0.82	0	1.2	2.52356e-06
-0.916667	-0.78	0	1.2	1.83293e-06
-0.916667	-0.74	0	1.2	1.43592e-06
-0.916667	-0.7	0	1.2	1.0247e-06
-0.916667	-0.66	0	1.2	7.55794e-07
-0.916667	-0.62	0	1.2	5.30778e-07
-0.916667	-0.58	0	1.2	4.06408e-07
-0.916667	-0.54	0	1.2	2.876e-07
-0.916667	-0.5	0	1.2	2.11071e-07
-0.916667	-0.46	0	1.2	1.49452e-07
-0.916667	-0.42	0	1.2	1.08773e-07
-0.916667	-0.38	0	1.2	9.98061e-05
-0.916667	-0.34	0	1.2	0.000119614
-0.916667	-0.3	0	1.2	0.000134783
-0.916667	-0.26	0	1.2	0.000156797
-0.916667	-0.22	0	1.2	0.000186337
-0.916667	-0.18	0	1.2	0.000213218
-0.916667	-0.14	0	1.2	0.000223978
-0.916667	-0.1	0	1.2	0.000250181
-0.916667	-0.06	0	1.2	0.000247119
-0.916667	-0.02	0	1.2	0.000266039
-0.916667	0.02	0	1.2	0.000292065
-0.916667	0.06	0	1.2	0.00029015
-0.916667	0.1	0	1.2	0.000306649
-0.916667	0.14	0	1.2	0.000310474
-0.916667	0.18	0	1.2	0.000294116
-0.916667	0.22	0	1.2	0.00027852
-0.916667	0.26	0	1.2	0.000267609
-0.916667	0.3	0	1.2	0.00025827
-0.916667	0.34	0	1.2	0.000230862
-0.916667	0.38	0	1.2	0.000208915
-0.916667	0.42	0	1.2	0.000174426
-0.916667	0.46	0	1.2	0.000163144
-0.916667	0.5	0	1.2	0.000138662
-0.916667	0.54	0	1.2	0.000117404
-0.916667	0.58	0	1.2	0.000102371
-0.916667	0.62	0	1.2	8.38454e-05
-0.916667	0.66	0	1.2	6.30666e-05
-0.916667	0.7	0	1.2	5.51386e-05
-0.916667	0.74	0	1.2	4.34894e-05
-0.916667	0.78	0	1.2	3.66636e-05
-0.916667	0.82	0	1.2	3.00142e-05
-0.916667	0.86	0	1.2	2.24899e-05
-0.916667	0.9	0	1.2	1.73758e-05
-0.916667	0.94	0	1.2	1.37999e-05
-0.916667	0.98	0	1.2	1.01155e-05
-0.883333	-0.98	0	1.2	6.33455e-06
-0.883333	-0.94	0	1.2	4.89516e-06
-0.883333	-0.9	0	1.2	3.6157e-06
-0.883333	-0.86	0	1.2	2.71735e-06
-0.883333	-0.82	0	1.2	2.15998e-06
-0.883333	-0.78	0	1.2	1.49646e-06
-0.883333	-0.74	0	1.2	1.06542e-06
-0.883333	-0.7	0	1.2	8.25851e-07
-0.883333	-0.66	0	1.2	6.13099e-07
-0.883333	-0.62	0	1.2	4.43849e-07
-0.883333	-0.58	0	1.2	3.33845e-07
-0.883333	-0.54	0	1.2	2.43304e-07
-0.883333	-0.5	0	1.2	1.74702e-07
-0.883333	-0.46	0	1.2	1.3057e-07
-0.883333	-0.42	0	1.2	9.15157e-08
-0.883333	-0.38	0	1.2	7.75314e-05
-0.883333	-0.34	0	1.2	9.02037e-05
-0.883333	-0.3	0	1.2	0.000104371
-0.883333	-0.26	0	1.2	0.000110777
-0.883333	-0.22	0	1.2	0.000125445
-0.883333	-0.18	0	1.2	0.000154694
-0.883333	-0.14	0	1.2	0.000163526
-0.883333	-0.1	0	1.2	0.000187122
-0.883333	-0.06	0	1.2	0.000189011
-0.883333	-0.02	0	1.2	0.00020102
-0.883333	0.02	0	1.2	0.000211005
-0.883333	0.06	0	1.2	0.000214024
-0.883333	0.1	0	1.2	0.000232423
-0.883333	0.14	0	1.2	0.000215531
-0.883333	0.18	0	1.2	0.000202172
-0.883333	0.22	0	1.2	0.000197717
-0.883333	0.26	0	1.2	0.000193479
-0.883333	0.3	0	1.2	0.000178787
-0.883333	0.34	0	1.2	0.000154717
-0.883333	0.38	0	1.2	0.000157816
-0.883333	0.42	0	1.2	0.000134427
-0.883333	0.46	0	1.2	0.000115143
-0.883333	0.5	0	1.2	0.000105557
-0.883333	0.54	0	1.2	9.06109e-05
-0.883333	0.58	0	1.2	6.8725e-05
-0.883333	0.62	0	1.2	6.2238e-05
-0.883333	0.66	0	1.2	5.29123e-05
-0.883333	0.7	0	1.2	4.24162e-05
-0.883333	0.74	0	1.2	3.51623e-05
-0.883333	0.78	0	1.2	2.6546e-05
-0.883333	0.82	0	1.2	2.17227e-05
-0.883333	0.86	0	1.2	1.68431e-05
-0.883333	0.9	0	1.2	1.41558e-05
-0.883333	0.94	0	1.2	1.10124e-05
-0.883333	0.98	0	1.2	7.76177e-06
-0.85	-0.98	0	1.2	4.99558e-06
-0.85	-0.94	0	1.2	3.91315e-06
-0.85	-0.9	0	1.2	2.74584e-06
-0.85	-0.86	0	1.2	2.18362e-06
-0.85	-0.82	0	1.2	1.61698e-06
-0.85	-0.78	0	1.2	1.23625e-06
-0.85	-0.74	0	1.2	9.00034e-07
-0.85	-0.7	0	1.2	6.81657e-07
-0.85	-0.66	0	1.2	4.98759e-07
-0.85	-0.62	0	1.2	3.69363e-07
-0.85	-0.58	0	1.2	2.44406e-07
-0.85	-0.54	0	1.2	2.03422e-07
-0.85	-0.5	0	1.2	1.36377e-07
-0.85	-0.46	0	1.2	1.0391e-07
-0.85	-0.42	0	1.2	7.30164e-08
-0.85	-0.38	0	1.2	5.53924e-05
-0.85	-0.34	0	1.2	6.62329e-05
-0.85	-0.3	0	1.2	7.64897e-05
-0.85	-0.26	0	1.2	8.22619e-05
-0.85	-0.22	0	1.2	0.000100255
-0.85	-0.18	0	1.2	9.93229e-05
-0.85	-0.14	0	1.2	0.000116816
-0.85	-0.1	0	1.2	0.000130704
-0.85	-0.06	0	1.2	0.000137588
-0.85	-0.02	0	1.2	0.000153188
-0.85	0.02	0	1.2	0.00015277
-0.85	0.06	0	1.2	0.000148732
-0.85	0.1	0	1.2	0.00015132
-0.85	0.14	0	1.2	0.000157735
-0.85	0.18	0	1.2	0.00016509
-0.85	0.22	0	1.2	0.000137259
-0.85	0.26	0	1.2	0.000143696
-0.85	0.3	0	1.2	0.000132206
-0.85	0.34	0	1.2	0.000121245
-0.85	0.38	0	1.2	9.93229e-05
-0.85	0.42	0	1.2	9.34963e-05
-0.85	0.46	0	1.2	8.58472e-05
-0.85	0.5	0	1.2	8.13573e-05
-0.85	0.54	0	1.2	6.3236e-05
-0.85	0.58	0	1.2	5.52648e-05
-0.85	0.62	0	1.2	4.38481e-05
-0.85	0.66	0	1.2	3.95621e-05
-0.85	0.7	0	1.2	3.21635e-05
-0.85	0.74	0	1.2	2.67268e-05
-0.85	0.78	0	1.2	2.10191e-05
-0.85	0.82	0	1.2	1.60965e-05
-0.85	0.86	0	1.2	1.33412e-05
-0.85	0.9	0	1.2	1.06322e-05
-0.85	0.94	0	1.2	8.48365e-06
-0.85	0.98	0	1.2	6.6436e-06
-0.816667	-0.98	0	1.2	3.71284e-06
-0.816667	-0.94	0	1.2	2.99987e-06
-0.816667	-0.9	0	1.2	2.1479e-06
-0.816667	-0.86	0	1.2	1.69622e-06
-0.816667	-0.82	0	1.2	1.31528e-06
-0.816667	-0.78	0	1.2	9.12519e-07
-0.816667	-0.74	0	1.2	7.28364e-07
-0.816667	-0.7	0	1.2	5.18624e-07
-0.816667	-0.66	0	1.2	3.83626e-07
-0.816667	-0.62	0	1.2	3.01825e-07
-0.816667	-0.58	0	1.2	1.99222e-07
-0.816667	-0.54	0	1.2	1.5782e-07
-0.816667	-0.5	0	1.2	1.17653e-07
-0.816667	-0.46	0	1.2	7.79287e-08
-0.816667	-0.42	0	1.2	6.15142e-08
-0.816667	-0.38	0	1.2	4.00268e-05
-0.816667	-0.34	0	1.2	4.44861e-05
-0.816667	-0.3	0	1.2	5.43315e-05
-0.816667	-0.26	0	1.2	6.23112e-05
-0.816667	-0.22	0	1.2	6.95827e-05
-0.816667	-0.18	0	1.2	8.12447e-05
-0.816667	-0.14	0	1.2	8.49917e-05
-0.816667	-0.1	0	1.2	9.48467e-05
-0.816667	-0.06	0	1.2	9.78028e-05
-0.816667	-0.02	0	1.2	0.000101485
-0.816667	0.02	0	1.2	0.00010478
-0.816667	0.06	0	1.2	0.000112801
-0.816667	0.1	0	1.2	0.000115717
-0.816667	0.14	0	1.2	0.000106606
-0.816667	0.18	0	1.2	0.00010377
-0.816667	0.22	0	1.2	0.000100755
-0.816667	0.26	0	1.2	0.000100115
-0.816667	0.3	0	1.2	9.26812e-05
-0.816667	0.34	0	1.2	8.91913e-05
-0.816667	0.38	0	1.2	8.03339e-05
-0.816667	0.42	0	1.2	6.53259e-05
-0.816667	0.46	0	1.2	5.99872e-05
-0.816667	0.5	0	1.2	5.70035e-05
-0.816667	0.54	0	1.2	4.81199e-05
-0.816667	0.58	0	1.2	4.22872e-05
-0.816667	0.62	0	1.2	3.5603e-05
-0.816667	0.66	0	1.2	2.66535e-05
-0.816667	0.7	0	1.2	2.44961e-05
-0.816667	0.74	0	1.2	1.9178e-05
-0.816667	0.78	0	1.2	1.49875e-05
-0.816667	0.82	0	1.2	1.30979e-05
-0.816667	0.86	0	1.2	1.01931e-05
-0.816667	0.9	0	1.2	8.12492e-06
-0.816667	0.94	0	1.2	6.38241e-06
-0.816667	0.98	0	1.2	4.49663e-06
-0.783333	-0.98	0	1.2	2.89576e-06
-0.783333	-0.94	0	1.2	2.07377e-06
-0.783333	-0.9	0	1.2	1.60917e-06
-0.783333	-0.86	0	1.2	1.31269e-06
-0.783333	-0.82	0	1.2	9.49473e-07
-0.783333	-0.78	0	1.2	7.95586e-07
-0.783333	-0.74	0	1.2	5.4557e-07
-0.783333	-0.7	0	1.2	4.3709e-07
-0.783333	-0.66	0	1.2	3.04513e-07
-0.783333	-0.62	0	1.2	2.42887e-07
-0.783333	-0.58	0	1.2	1.69926e-07
-0.783333	-0.54	0	1.2	1.2407e-07
-0.783333	-0.5	0	1.2	9.2454e-08
-0.783333	-0.46	0	1.2	6.46179e-08
-0.783333	-0.42	0	1.2	5.2411e-08
-0.783333	-0.38	0	1.2	3.05312e-05
-0.783333	-0.34	0	1.2	3.41003e-05
-0.783333	-0.3	0	1.2	4.21394e-05
-0.783333	-0.26	0	1.2	4.34894e-05
-0.783333	-0.22	0	1.2	5.1953e-05
-0.783333	-0.18	0	1.2	5.52591e-05
-0.783333	-0.14	0	1.2	6.02156e-05
-0.783333	-0.1	0	1.2	6.44308e-05
-0.783333	-0.06	0	1.2	6.75004e-05
-0.783333	-0.02	0	1.2	7.32146e-05
-0.783333	0.02	0	1.2	7.76839e-05
-0.783333	0.06	0	1.2	8.04786e-05
-0.783333	0.1	0	1.2	8.34794e-05
-0.783333	0.14	0	1.2	7.71485e-05
-0.783333	0.18	0	1.2	7.51487e-05
-0.783333	0.22	0	1.2	7.84567e-05
-0.783333	0.26	0	1.2	7.14906e-05
-0.783333	0.3	0	1.2	6.52108e-05
-0.783333	0.34	0	1.2	6.13709e-05
-0.783333	0.38	0	1.2	5.71055e-05
-0.783333	0.42	0	1.2	5.13586e-05
-0.783333	0.46	0	1.2	4.87801e-05
-0.783333	0.5	0	1.2	4.03719e-05
-0.783333	0.54	0	1.2	3.45044e-05
-0.783333	0.58	0	1.2	3.12251e-05
-0.783333	0.62	0	1.2	2.43367e-05
-0.783333	0.66	0	1.2	2.17845e-05
-0.783333	0.7	0	1.2	1.70053e-05
-0.783333	0.74	0	1.2	1.39367e-05
-0.783333	0.78	0	1.2	1.18685e-05
-0.783333	0.82	0	1.2	9.44045e-06
-0.783333	0.86	0	1.2	7.58696e-06
-0.783333	0.9	0	1.2	6.59022e-06
-0.783333	0.94	0	1.2	4.87453e-06
-0.783333	0.98	0	1.2	3.78367e-06
-0.75	-0.98	0	1.2	2.2037e-06
-0.75	-0.94	0	1.2	1.82192e-06
-0.75	-0.9	0	1.2	1.27551e-06
-0.75	-0.86	0	1.2	1.04874e-06
-0.75	-0.82	0	1.2	8.0714e-07
-0.75	-0.78	0	1.2	5.96695e-07
-0.75	-0.74	0	1.2	4.84236e-07
-0.75	-0.7	0	1.2	3.3412e-07
-0.75	-0.66	0	1.2	2.56302e-07
-0.75	-0.62	0	1.2	1.92072e-07
-0.75	-0.58	0	1.2	1.35445e-07
-0.75	-0.54	0	1.2	9.95009e-08
-0.75	-0.5	0	1.2	7.639e-08
-0.75	-0.46	0	1.2	5.54578e-08
-0.75	-0.42	0	1.2	4.08862e-08
-0.75	-0.38	0	1.2	2.20537e-05
-0.75	-0.34	0	1.2	2.61182e-05
-0.75	-0.3	0	1.2	2.90759e-05
-0.75	-0.26	0	1.2	3.22699e-05
-0.75	-0.22	0	1.2	3.7352e-05
-0.75	-0.18	0	1.2	4.20828e-05
-0.75	-0.14	0	1.2	4.39823e-05
-0.75	-0.1	0	1.2	4.28079e-05
-0.75	-0.06	0	1.2	4.86464e-05
-0.75	-0.02	0	1.2	5.14313e-05
-0.75	0.02	0	1.2	5.4413e-05
-0.75	0.06	0	1.2	5.84758e-05
-0.75	0.1	0	1.2	5.91509e-05
-0.75	0.14	0	1.2	5.5426e-05
-0.75	0.18	0	1.2	5.20755e-05
-0.75	0.22	0	1.2	4.92988e-05
-0.75	0.26	0	1.2	5.10368e-05
-0.75	0.3	0	1.2	4.83134e-05
-0.75	0.34	0	1.2	4.47119e-05
-0.75	0.38	0	1.2	3.90292e-05
-0.75	0.42	0	1.2	3.51091e-05
-0.75	0.46	0	1.2	3.08836e-05
-0.75	0.5	0	1.2	2.90759e-05
-0.75	0.54	0	1.2	2.58221e-05
-0.75	0.58	0	1.2	2.10327e-05
-0.75	0.62	0	1.2	1.87159e-05
-0.75	0.66	0	1.2	1.65613e-05
-0.75	0.7	0	1.2	1.35557e-05
-0.75	0.74	0	1.2	1.03751e-05
-0.75	0.78	0	1.2	9.18821e-06
-0.75	0.82	0	1.2	6.90584e-06
-0.75	0.86	0	1.2	5.76586e-06
-0.75	0.9	0	1.2	4.56293e-06
-0.75	0.94	0	1.2	3.45375e-06
-0.75	0.98	0	1.2	2.85364e-06
-0.716667	-0.98	0	1.2	1.78593e-06
-0.716667	-0.94	0	1.2	1.35124e-06
-0.716667	-0.9	0	1.2	1.08392e-06
-0.716667	-0.86	0	1.2	8.42393e-07
-0.716667	-0.82	0	1.2	6.08755e-07
-0.716667	-0.78	0	1.2	4.79122e-07
-0.716667	-0.74	0	1.2	3.56309e-07
-0.716667	-0.7	0	1.2	2.65478e-07
-0.716667	-0.66	0	1.2	1.99221e-07
-0.716667	-0.62	0	1.2	1.50963e-07
-0.716667	-0.58	0	1.2	1.15735e-07
-0.716667	-0.54	0	1.2	8.39959e-08
-0.716667	-0.5	0	1.2	6.27203e-08
-0.716667	-0.46	0	1.2	4.78239e-08
-0.716667	-0.42	0	1.2	3.2097e-08
-0.716667	-0.38	0	1.2	1.64287e-05
-0.716667	-0.34	0	1.2	1.67792e-05
-0.716667	-0.3	0	1.2	2.17086e-05
-0.716667	-0.26	0	1.2	2.48123e-05
-0.716667	-0.22	0	1.2	2.67089e-05
-0.716667	-0.18	0	1.2	2.89841e-05
-0.716667	-0.14	0	1.2	3.30853e-05
-0.716667	-0.1	0	1.2	3.57562e-05
-0.716667	-0.06	0	1.2	3.69416e-05
-0.716667	-0.02	0	1.2	3.99794e-05
-0.716667	0.02	0	1.2	3.96723e-05
-0.716667	0.06	0	1.2	4.05789e-05
-0.716667	0.1	0	1.2	4.09498e-05
-0.716667	0.14	0	1.2	3.85833e-05
-0.716667	0.18	0	1.2	3.96723e-05
-0.716667	0.22	0	1.2	3.67378e-05
-0.716667	0.26	0	1.2	3.6598e-05
-0.716667	0.3	0	1.2	3.60798e-05
-0.716667	0.34	0	1.2	3.31605e-05
-0.716667	0.38	0	1.2	2.96052e-05
-0.716667	0.42	0	1.2	2.6834e-05
-0.716667	0.46	0	1.2	2.34121e-05
-0.716667	0.5	0	1.2	2.24025e-05
-0.716667	0.54	0	1.2	1.86002e-05
-0.716667	0.58	0	1.2	1.53034e-05
-0.716667	0.62	0	1.2	1.44456e-05
-0.716667	0.66	0	1.2	1.13112e-05
-0.716667	0.7	0	1.2	9.96432e-06
-0.716667	0.74	0	1.2	8.03005e-06
-0.716667	0.78	0	1.2	6.7021e-06
-0.716667	0.82	0	1.2	5.51815e-06
-0.716667	0.86	0	1.2	4.41226e-06
-0.716667	0.9	0	1.2	3.49923e-06
-0.716667	0.94	0	1.2	2.87177e-06
-0.716667	0.98	0	1.2	2.22326e-06
-0.683333	-0.98	0	1.2	1.32387e-06
-0.683333	-0.94	0	1.2	1.01952e-06
-0.683333	-0.9	0	1.2	7.89474e-07
-0.683333	-0.86	0	1.2	6.3712e-07
-0.683333	-0.82	0	1.2	5.04648e-07
-0.683333	-0.78	0	1.2	3.61631e-07
-0.683333	-0.74	0	1.2	2.89615e-07
-0.683333	-0.7	0	1.2	2.0374e-07
-0.683333	-0.66	0	1.2	1.56498e-07
-0.683333	-0.62	0	1.2	1.24985e-07
-0.683333	-0.58	0	1.2	8.8696e-08
-0.683333	-0.54	0	1.2	6.72155e-08
-0.683333	-0.5	0	1.2	4.90964e-08
-0.683333	-0.46	0	1.2	3.61499e-08
-0.683333	-0.42	0	1.2	2.78462e-08
-0.683333	-0.38	0	1.2	1.14228e-05
-0.683333	-0.34	0	1.2	1.39509e-05
-0.683333	-0.3	0	1.2	1.64016e-05
-0.683333	-0.26	0	1.2	1.76645e-05
-0.683333	-0.22	0	1.2	1.87201e-05
-0.683333	-0.18	0	1.2	1.92044e-05
-0.683333	-0.14	0	1.2	2.16377e-05
-0.683333	-0.1	0	1.2	2.42235e-05
-0.683333	-0.06	0	1.2	2.66714e-05
-0.683333	-0.02	0	1.2	2.66265e-05
-0.683333	0.02	0	1.2	2.68454e-05
-0.683333	0.06	0	1.2	2.82649e-05
-0.683333	0.1	0	1.2	2.97539e-05
-0.683333	0.14	0	1.2	2.98995e-05
-0.683333	0.18	0	1.2	3.01176e-05
-0.683333	0.22	0	1.2	2.94701e-05
-0.683333	0.26	0	1.2	2.62392e-05
-0.683333	0.3	0	1.2	2.53881e-05
-0.683333	0.34	0	1.2	2.32103e-05
-0.683333	0.38	0	1.2	2.01023e-05
-0.683333	0.42	0	1.2	1.96267e-05
-0.683333	0.46	0	1.2	1.61585e-05
-0.683333	0.5	0	1.2	1.56068e-05
-0.683333	0.54	0	1.2	1.40144e-05
-0.683333	0.58	0	1.2	1.19733e-05
-0.683333	0.62	0	1.2	1.03083e-05
-0.683333	0.66	0	1.2	8.32215e-06
-0.683333	0.7	0	1.2	6.90477e-06
-0.683333	0.74	0	1.2	6.18155e-06
-0.683333	0.78	0	1.2	5.10824e-06
-0.683333	0.82	0	1.2	4.089e-06
-0.683333	0.86	0	1.2	3.35267e-06
-0.683333	0.9	0	1.2	2.57039e-06
-0.683333	0.94	0	1.2	2.09551e-06
-0.683333	0.98	0	1.2	1.63969e-06
-0.65	-0.98	0	1.2	1.06139e-06
-0.65	-0.94	0	1.2	8.23286e-07
-0.65	-0.9	0	1.2	6.5649e-07
-0.65	-0.86	0	1.2	4.85801e-07
-0.65	-0.82	0	1.2	3.68007e-07
-0.65	-0.78	0	1.2	2.96104e-07
-0.65	-0.74	0	1.2	2.12691e-07
-0.65	-0.7	0	1.2	1.70275e-07
-0.65	-0.66	0	1.2	1.26689e-07
-0.65	-0.62	0	1.2	9.55954e-08
-0.65	-0.58	0	1.2	7.51743e-08
-0.65	-0.54	0	1.2	5.31046e-08
-0.65	-0.5	0	1.2	3.95737e-08
-0.65	-0.46	0	1.2	2.86204e-08
-0.65	-0.42	0	1.2	2.01542e-08
-0.65	-0.38	0	1.2	8.65521e-06
-0.65	-0.34	0	1.2	9.54345e-06
-0.65	-0.3	0	1.2	1.2366e-05
-0.65	-0.26	0	1.2	1.26206e-05
-0.65	-0.22	0	1.2	1.47068e-05
-0.65	-0.18	0	1.2	1.5641e-05
-0.65	-0.14	0	1.2	1.73982e-05
-0.65	-0.1	0	1.2	1.92757e-05
-0.65	-0.06	0	1.2	1.97853e-05
-0.65	-0.02	0	1.2	2.03149e-05
-0.65	0.02	0	1.2	2.14999e-05
-0.65	0.06	0	1.2	2.07447e-05
-0.65	0.1	0	1.2	2.20077e-05
-0.65	0.14	0	1.2	2.12328e-05
-0.65	0.18	0	1.2	2.10211e-05
-0.65	0.22	0	1.2	2.06859e-05
-0.65	0.26	0	1.2	1.84988e-05
-0.65	0.3	0	1.2	1.71805e-05
-0.65	0.34	0	1.2	1.70854e-05
-0.65	0.38	0	1.2	1.46679e-05
-0.65	0.42	0	1.2	1.5035e-05
-0.65	0.46	0	1.2	1.23546e-05
-0.65	0.5	0	1.2	1.05769e-05
-0.65	0.54	0	1.2	9.45079e-06
-0.65	0.58	0	1.2	8.31223e-06
-0.65	0.62	0	1.2	7.53006e-06
-0.65	0.66	0	1.2	6.51463e-06
-0.65	0.7	0	1.2	5.43004e-06
-0.65	0.74	0	1.2	4.47241e-06
-0.65	0.78	0	1.2	3.87604e-06
-0.65	0.82	0	1.2	2.87993e-06
-0.65	0.86	0	1.2	2.5711e-06
-0.65	0.9	0	1.2	1.95753e-06
-0.65	0.94	0	1.2	1.61748e-06
-0.65	0.98	0	1.2	1.31359e-06
-0.616667	-0.98	0	1.2	7.7573e-07
-0.616667	-0.94	0	1.2	6.1533e-07
-0.616667	-0.9	0	1.2	4.90637e-07
-0.616667	-0.86	0	1.2	3.59569e-07
-0.616667	-0.82	0	1.2	2.99943e-07
-0.616667	-0.78	0	1.2	2.4123e-07
-0.616667	-0.74	0	1.2	1.79693e-07
-0.616667	-0.7	0	1.2	1.27504e-07
-0.616667	-0.66	0	1.2	1.00775e-07
-0.616667	-0.62	0	1.2	7.54387e-08
-0.616667	-0.58	0	1.2	5.68839e-08
-0.616667	-0.54	0	1.2	4.06161e-08
-0.616667	-0.5	0	1.2	3.36538e-08
-0.616667	-0.46	0	1.2	2.44036e-08
-0.616667	-0.42	0	1.2	1.80299e-08
-0.616667	-0.38	0	1.2	6.18966e-06
-0.616667	-0.34	0	1.2	7.13468e-06
-0.616667	-0.3	0	1.2	8.34787e-06
-0.616667	-0.26	0	1.2	9.15868e-06
-0.616667	-0.22	0	1.2	1.04554e-05
-0.616667	-0.18	0	1.2	1.11917e-05
-0.616667	-0.14	0	1.2	1.23703e-05
-0.616667	-0.1	0	1.2	1.29336e-05
-0.616667	-0.06	0	1.2	1.40868e-05
-0.616667	-0.02	0	1.2	1.36794e-05
-0.616667	0.02	0	1.2	1.45574e-05
-0.616667	0.06	0	1.2	1.53566e-05
-0.616667	0.1	0	1.2	1.46782e-05
-0.616667	0.14	0	1.2	1.52867e-05
-0.616667	0.18	0	1.2	1.43171e-05
-0.616667	0.22	0	1.2	1.44449e-05
-0.616667	0.26	0	1.2	1.37043e-05
-0.616667	0.3	0	1.2	1.28733e-05
-0.616667	0.34	0	1.2	1.23139e-05
-0.616667	0.38	0	1.2	1.08273e-05
-0.616667	0.42	0	1.2	1.00514e-05
-0.616667	0.46	0	1.2	8.6439e-06
-0.616667	0.5	0	1.2	8.27128e-06
-0.616667	0.54	0	1.2	7.37138e-06
-0.616667	0.58	0	1.2	6.13057e-06
-0.616667	0.62	0	1.2	5.4809e-06
-0.616667	0.66	0	1.2	4.79182e-06
-0.616667	0.7	0	1.2	4.03625e-06
-0.616667	0.74	0	1.2	3.32931e-06
-0.616667	0.78	0	1.2	2.7208e-06
-0.616667	0.82	0	1.2	2.3109e-06
-0.616667	0.86	0	1.2	1.91435e-06
-0.616667	0.9	0	1.2	1.56595e-06
-0.616667	0.94	0	1.2	1.25105e-06
-0.616667	0.98	0	1.2	9.92112e-07
-0.583333	-0.98	0	1.2	5.53312e-07
-0.583333	-0.94	0	1.2	4.77234e-07
-0.583333	-0.9	0	1.2	3.6889e-07
-0.583333	-0.86	0	1.2	2.90788e-07
-0.583333	-0.82	0	1.2	2.28928e-07
-0.583333	-0.78	0	1.2	1.74683e-07
-0.583333	-0.74	0	1.2	1.39495e-07
-0.583333	-0.7	0	1.2	1.05363e-07
-0.583333	-0.66	0	1.2	7.9546e-08
-0.583333	-0.62	0	1.2	6.06069e-08
-0.583333	-0.58	0	1.2	4.42826e-08
-0.583333	-0.54	0	1.2	3.22604e-08
-0.583333	-0.5	0	1.2	2.48067e-08
-0.583333	-0.46	0	1.2	1.89432e-08
-0.583333	-0.42	0	1.2	1.35818e-08
-0.583333	-0.38	0	1.2	4.56e-06
-0.583333	-0.34	0	1.2	5.46192e-06
-0.583333	-0.3	0	1.2	5.86153e-06
-0.583333	-0.26	0	1.2	6.40901e-06
-0.583333	-0.22	0	1.2	7.34092e-06
-0.583333	-0.18	0	1.2	7.7224e-06
-0.583333	-0.14	0	1.2	8.26332e-06
-0.583333	-0.1	0	1.2	9.60703e-06
-0.583333	-0.06	0	1.2	9.11162e-06
-0.583333	-0.02	0	1.2	9.64848e-06
-0.583333	0.02	0	1.2	1.06837e-05
-0.583333	0.06	0	1.2	1.13814e-05
-0.583333	0.1	0	1.2	1.18795e-05
-0.583333	0.14	0	1.2	1.09051e-05
-0.583333	0.18	0	1.2	1.18161e-05
-0.583333	0.22	0	1.2	1.04127e-05
-0.583333	0.26	0	1.2	1.03708e-05
-0.583333	0.3	0	1.2	9.47692e-06
-0.583333	0.34	0	1.2	8.99422e-06
-0.583333	0.38	0	1.2	7.79755e-06
-0.583333	0.42	0	1.2	7.20339e-06
-0.583333	0.46	0	1.2	6.68902e-06
-0.583333	0.5	0	1.2	5.97291e-06
-0.583333	0.54	0	1.2	5.27698e-06
-0.583333	0.58	0	1.2	4.81933e-06
-0.583333	0.62	0	1.2	3.95639e-06
-0.583333	0.66	0	1.2	3.60066e-06
-0.583333	0.7	0	1.2	3.21531e-06
-0.583333	0.74	0	1.2	2.66533e-06
-0.583333	0.78	0	1.2	2.16032e-06
-0.583333	0.82	0	1.2	1.72642e-06
-0.583333	0.86	0	1.2	1.40272e-06
-0.583333	0.9	0	1.2	1.04735e-06
-0.583333	0.94	0	1.2	9.65117e-07
-0.583333	0.98	0	1.2	8.0171e-07
-0.55	-0.98	0	1.2	4.59747e-07
-0.55	-0.94	0	1.2	3.80141e-07
-0.55	-0.9	0	1.2	3.03202e-07
-0.55	-0.86	0	1.2	2.27768e-07
-0.55	-0.82	0	1.2	1.8855e-07
-0.55	-0.78	0	1.2	1.43276e-07
-0.55	-0.74	0	1.2	1.04552e-07
-0.55	-0.7	0	1.2	8.01658e-08
-0.55	-0.66	0	1.2	6.2318e-08
-0.55	-0.62	0	1.2	4.6665e-08
-0.55	-0.58	0	1.2	3.71059e-08
-0.55	-0.54	0	1.2	2.8559e-08
-0.55	-0.5	0	1.2	1.87689e-08
-0.55	-0.46	0	1.2	1.5422e-08
-0.55	-0.42	0	1.2	1.17604e-08
-0.55	-0.38	0	1.2	3.41928e-06
-0.55	-0.34	0	1.2	3.69244e-06
-0.55	-0.3	0	1.2	4.4618e-06
-0.55	-0.26	0	1.2	5.33331e-06
-0.55	-0.22	0	1.2	5.3211e-06
-0.55	-0.18	0	1.2	6.11526e-06
-0.55	-0.14	0	1.2	6.34713e-06
-0.55	-0.1	0	1.2	6.44132e-06
-0.55	-0.06	0	1.2	7.20204e-06
-0.55	-0.02	0	1.2	7.19694e-06
-0.55	0.02	0	1.2	7.43039e-06
-0.55	0.06	0	1.2	7.833e-06
-0.55	0.1	0	1.2	7.62654e-06
-0.55	0.14	0	1.2	7.49166e-06
-0.55	0.18	0	1.2	7.1127e-06
-0.55	0.22	0	1.2	7.72814e-06
-0.55	0.26	0	1.2	6.97184e-06
-0.55	0.3	0	1.2	6.64408e-06
-0.55	0.34	0	1.2	6.15701e-06
-0.55	0.38	0	1.2	5.78983e-06
-0.55	0.42	0	1.2	5.40813e-06
-0.55	0.46	0	1.2	4.85974e-06
-0.55	0.5	0	1.2	4.21898e-06
-0.55	0.54	0	1.2	4.06976e-06
-0.55	0.58	0	1.2	3.40349e-06
-0.55	0.62	0	1.2	3.01018e-06
-0.55	0.66	0	1.2	2.56504e-06
-0.55	0.7	0	1.2	2.16512e-06
-0.55	0.74	0	1.2	1.71667e-06
-0.55	0.78	0	1.2	1.47243e-06
-0.55	0.82	0	1.2	1.2069e-06
-0.55	0.86	0	1.2	1.09687e-06
-0.55	0.9	0	1.2	8.93917e-07
-0.55	0.94	0	1.2	7.26304e-07
-0.55	0.98	0	1.2	5.68661e-07
-0.516667	-0.98	0	1.2	3.45469e-07
-0.516667	-0.94	0	1.2	2.60517e-07
-0.516667	-0.9	0	1.2	2.23032e-07
-0.516667	-0.86	0	1.2	1.7992e-07
-0.516667	-0.82	0	1.2	1.45475e-07
-0.516667	-0.78	0	1.2	1.04578e-07
-0.516667	-0.74	0	1.2	8.05185e-08
-0.516667	-0.7	0	1.2	6.62212e-08
-0.516667	-0.66	0	1.2	4.7897e-08
-0.516667	-0.62	0	1.2	3.75346e-08
-0.516667	-0.58	0	1.2	2.7821e-08
-0.516667	-0.54	0	1.2	1.96252e-08
-0.516667	-0.5	0	1.2	1.69252e-08
-0.516667	-0.46	0	1.2	1.18952e-08
-0.516667	-0.42	0	1.2	9.19133e-09
-0.516667	-0.38	0	1.2	2.43896e-06
-0.516667	-0.34	0	1.2	2.78011e-06
-0.516667	-0.3	0	1.2	3.12267e-06
-0.516667	-0.26	0	1.2	3.44715e-06
-0.516667	-0.22	0	1.2	4.04408e-06
-0.516667	-0.18	0	1.2	3.9323e-06
-0.516667	-0.14	0	1.2	4.53925e-06
-0.516667	-0.1	0	1.2	4.73261e-06
-0.516667	-0.06	0	1.2	5.03049e-06
-0.516667	-0.02	0	1.2	5.60603e-06
-0.516667	0.02	0	1.2	5.55493e-06
-0.516667	0.06	0	1.2	5.89667e-06
-0.516667	0.1	0	1.2	5.71072e-06
-0.516667	0.14	0	1.2	5.67779e-06
-0.516667	0.18	0	1.2	4.84633e-06
-0.516667	0.22	0	1.2	5.33556e-06
-0.516667	0.26	0	1.2	5.08953e-06
-0.516667	0.3	0	1.2	5.10269e-06
-0.516667	0.34	0	1.2	4.48659e-06
-0.516667	0.38	0	1.2	4.48987e-06
-0.516667	0.42	0	1.2	3.70258e-06
-0.516667	0.46	0	1.2	3.65137e-06
-0.516667	0.5	0	1.2	2.96837e-06
-0.516667	0.54	0	1.2	2.83245e-06
-0.516667	0.58	0	1.2	2.54851e-06
-0.516667	0.62	0	1.2	2.28997e-06
-0.516667	0.66	0	1.2	1.94083e-06
-0.516667	0.7	0	1.2	1.65155e-06
-0.516667	0.74	0	1.2	1.38016e-06
-0.516667	0.78	0	1.2	1.18845e-06
-0.516667	0.82	0	1.2	9.20906e-07
-0.516667	0.86	0	1.2	8.03093e-07
-0.516667	0.9	0	1.2	6.43206e-07
-0.516667	0.94	0	1.2	5.233e-07
-0.516667	0.98	0	1.2	4.12688e-07
-0.483333	-0.98	0	1.2	2.55394e-07
-0.483333	-0.94	0	1.2	2.03262e-07
-0.483333	-0.9	0	1.2	1.66941e-07
-0.483333	-0.86	0	1.2	1.29998e-07
-0.483333	-0.82	0	1.2	1.03507e-07
-0.483333	-0.78	0	1.2	7.7395e-08
-0.483333	-0.74	0	1.2	6.28801e-08
-0.483333	-0.7	0	1.2	4.67404e-08
-0.483333	-0.66	0	1.2	3.72322e-08
-0.483333	-0.62	0	1.2	2.86085e-08
-0.483333	-0.58	0	1.2	2.23432e-08
-0.483333	-0.54	0	1.2	1.66224e-08
-0.483333	-0.5	0	1.2	1.222e-08
-0.483333	-0.46	0	1.2	9.42887e-09
-0.483333	-0.42	0	1.2	6.3751e-09
-0.483333	-0.38	0	1.2	1.72889e-06
-0.483333	-0.34	0	1.2	2.07519e-06
-0.483333	-0.3	0	1.2	2.3677e-06
-0.483333	-0.26	0	1.2	2.50791e-06
-0.483333	-0.22	0	1.2	2.62989e-06
-0.483333	-0.18	0	1.2	2.91353e-06
-0.483333	-0.14	0	1.2	3.20749e-06
-0.483333	-0.1	0	1.2	3.41051e-06
-0.483333	-0.06	0	1.2	3.67165e-06
-0.483333	-0.02	0	1.2	3.68665e-06
-0.483333	0.02	0	1.2	3.80102e-06
-0.483333	0.06	0	1.2	3.94894e-06
-0.483333	0.1	0	1.2	3.87851e-06
-0.483333	0.14	0	1.2	4.23496e-06
-0.483333	0.18	0	1.2	3.57423e-06
-0.483333	0.22	0	1.2	3.53672e-06
-0.483333	0.26	0	1.2	3.33247e-06
-0.483333	0.3	0	1.2	3.53145e-06
-0.483333	0.34	0	1.2	3.25298e-06
-0.483333	0.38	0	1.2	2.81476e-06
-0.483333	0.42	0	1.2	2.88314e-06
-0.483333	0.46	0	1.2	2.54931e-06
-0.483333	0.5	0	1.2	2.33037e-06
-0.483333	0.54	0	1.2	2.07519e-06
-0.483333	0.58	0	1.2	1.75833e-06
-0.483333	0.62	0	1.2	1.53182e-06
-0.483333	0.66	0	1.2	1.3412e-06
-0.483333	0.7	0	1.2	1.14162e-06
-0.483333	0.74	0	1.2	9.56112e-07
-0.483333	0.78	0	1.2	8.54903e-07
-0.483333	0.82	0	1.2	7.0782e-07
-0.483333	0.86	0	1.2	5.74421e-07
-0.483333	0.9	0	1.2	4.89504e-07
-0.483333	0.94	0	1.2	3.96914e-07
-0.483333	0.98	0	1.2	3.17997e-07
-0.45	-0.98	0	1.2	2.07622e-07
-0.45	-0.94	0	1.2	1.58156e-07
-0.45	-0.9	0	1.2	1.33213e-07
-0.45	-0.86	0	1.2	9.85543e-08
-0.45	-0.82	0	1.2	7.82028e-08
-0.45	-0.78	0	1.2	6.54838e-08
-0.45	-0.74	0	1.2	4.62542e-08
-0.45	-0.7	0	1.2	3.63754e-08
-0.45	-0.66	0	1.2	3.04374e-08
-0.45	-0.62	0	1.2	2.28885e-08
-0.45	-0.58	0	1.2	1.7525e-08
-0.45	-0.54	0	1.2	1.30215e-08
-0.45	-0.5	0	1.2	9.7205e-09
-0.45	-0.46	0	1.2	7.27729e-09
-0.45	-0.42	0	1.2	5.20123e-09
-0.45	-0.38	0	1.2	1.2573e-06
-0.45	-0.34	0	1.2	1.4847e-06
-0.45	-0.3	0	1.2	1.65172e-06
-0.45	-0.26	0	1.2	1.86223e-06
-0.45	-0.22	0	1.2	2.02151e-06
-0.45	-0.18	0	1.2	2.24809e-06
-0.45	-0.14	0	1.2	2.18327e-06
-0.45	-0.1	0	1.2	2.49794e-06
-0.45	-0.06	0	1.2	2.56322e-06
-0.45	-0.02	0	1.2	2.46752e-06
-0.45	0.02	0	1.2	2.81602e-06
-0.45	0.06	0	1.2	2.72412e-06
-0.45	0.1	0	1.2	2.75914e-06
-0.45	0.14	0	1.2	2.63155e-06
-0.45	0.18	0	1.2	2.64043e-06
-0.45	0.22	0	1.2	2.49916e-06
-0.45	0.26	0	1.2	2.55104e-06
-0.45	0.3	0	1.2	2.37623e-06
-0.45	0.34	0	1.2	2.4016e-06
-0.45	0.38	0	1.2	2.13111e-06
-0.45	0.42	0	1.2	1.87611e-06
-0.45	0.46	0	1.2	1.80657e-06
-0.45	0.5	0	1.2	1.64398e-06
-0.45	0.54	0	1.2	1.46047e-06
-0.45	0.58	0	1.2	1.26956e-06
-0.45	0.62	0	1.2	1.24088e-06
-0.45	0.66	0	1.2	1.01132e-06
-0.45	0.7	0	1.2	8.09167e-07
-0.45	0.74	0	1.2	7.51774e-07
-0.45	0.78	0	1.2	6.35518e-07
-0.45	0.82	0	1.2	5.10755e-07
-0.45	0.86	0	1.2	4.3301e-07
-0.45	0.9	0	1.2	3.51491e-07
-0.45	0.94	0	1.2	3.04671e-07
-0.45	0.98	0	1.2	2.55244e-07
-0.416667	-0.98	0	1.2	1.55507e-07
-0.416667	-0.94	0	1.2	1.1547e-07
-0.416667	-0.9	0	1.2	9.68831e-08
-0.416667	-0.86	0	1.2	7.63426e-08
-0.416667	-0.82	0	1.2	6.65946e-08
-0.416667	-0.78	0	1.2	5.11369e-08
-0.416667	-0.74	0	1.2	3.72756e-08
-0.416667	-0.7	0	1.2	2.99458e-08
-0.416667	-0.66	0	1.2	2.36501e-08
-0.416667	-0.62	0	1.2	1.78053e-08
-0.416667	-0.58	0	1.2	1.40555e-08
-0.416667	-0.54	0	1.2	1.01979e-08
-0.416667	-0.5	0	1.2	7.85717e-09
-0.416667	-0.46	0	1.2	5.83383e-09
-0.416667	-0.42	0	1.2	4.30187e-09
-0.416667	-0.38	0	1.2	9.6953e-07
-0.416667	-0.34	0	1.2	1.0965e-06
-0.416667	-0.3	0	1.2	1.27882e-06
-0.416667	-0.26	0	1.2	1.35033e-06
-0.416667	-0.22	0	1.2	1.41559e-06
-0.416667	-0.18	0	1.2	1.70103e-06
-0.416667	-0.14	0	1.2	1.61838e-06
-0.416667	-0.1	0	1.2	1.83699e-06
-0.416667	-0.06	0	1.2	1.99323e-06
-0.416667	-0.02	0	1.2	1.89257e-06
-0.416667	0.02	0	1.2	1.96282e-06
-0.416667	0.06	0	1.2	1.90478e-06
-0.416667	0.1	0	1.2	2.08658e-06
-0.416667	0.14	0	1.2	1.96638e-06
-0.416667	0.18	0	1.2	1.96282e-06
-0.416667	0.22	0	1.2	1.85172e-06
-0.416667	0.26	0	1.2	1.8009e-06
-0.416667	0.3	0	1.2	1.74951e-06
-0.416667	0.34	0	1.2	1.72837e-06
-0.416667	0.38	0	1.2	1.60572e-06
-0.416667	0.42	0	1.2	1.39527e-06
-0.416667	0.46	0	1.2	1.33175e-06
-0.416667	0.5	0	1.2	1.262e-06
-0.416667	0.54	0	1.2	1.10907e-06
-0.416667	0.58	0	1.2	1.00304e-06
-0.416667	0.62	0	1.2	8.37522e-07
-0.416667	0.66	0	1.2	7.64716e-07
-0.416667	0.7	0	1.2	6.66992e-07
-0.416667	0.74	0	1.2	5.46245e-07
-0.416667	0.78	0	1.2	4.69671e-07
-0.416667	0.82	0	1.2	3.66839e-07
-0.416667	0.86	0	1.2	3.11422e-07
-0.416667	0.9	0	1.2	2.50308e-07
-0.416667	0.94	0	1.2	2.25541e-07
-0.416667	0.98	0	1.2	1.79855e-07
-0.383333	-0.98	0	1.2	0.000161237
-0.383333	-0.94	0	1.2	0.000126862
-0.383333	-0.9	0	1.2	8.60565e-05
-0.383333	-0.86	0	1.2	5.67852e-05
-0.383333	-0.82	0	1.2	3.9176e-05
-0.383333	-0.78	0	1.2	2.76953e-05
-0.383333	-0.74	0	1.2	1.96693e-05
-0.383333	-0.7	0	1.2	1.38066e-05
-0.383333	-0.66	0	1.2	9.36578e-06
-0.383333	-0.62	0	1.2	6.73316e-06
-0.383333	-0.58	0	1.2	4.32776e-06
-0.383333	-0.54	0	1.2	3.04174e-06
-0.383333	-0.5	0	1.2	2.11455e-06
-0.383333	-0.46	0	1.2	1.47135e-06
-0.383333	-0.42	0	1.2	1.00419e-06
-0.383333	-0.38	0	1.2	0.00637133
-0.383333	-0.34	0	1.2	0.00768257
-0.383333	-0.3	0	1.2	0.0103722
-0.383333	-0.26	0	1.2	0.0128262
-0.383333	-0.22	0	1.2	0.0167978
-0.383333	-0.18	0	1.2	0.0203321
-0.383333	-0.14	0	1.2	0.0230474
-0.383333	-0.1	0	1.2	0.0288646
-0.383333	-0.06	0	1.2	0.0353736
-0.383333	-0.02	0	1.2	0.0375407
-0.383333	0.02	0	1.2	0.0390024
-0.383333	0.06	0	1.2	0.0419301
-0.383333	0.1	0	1.2	0.0422799
-0.383333	0.14	0	1.2	0.0395745
-0.383333	0.18	0	1.2	0.0344987
-0.383333	0.22	0	1.2	0.0361193
-0.383333	0.26	0	1.2	0.0319795
-0.383333	0.3	0	1.2	0.0284673
-0.383333	0.34	0	1.2	0.0240101
-0.383333	0.38	0	1.2	0.0200956
-0.383333	0.42	0	1.2	0.016682
-0.383333	0.46	0	1.2	0.0137534
-0.383333	0.5	0	1.2	0.010445
-0.383333	0.54	0	1.2	0.0074196
-0.383333	0.58	0	1.2	0.00644292
-0.383333	0.62	0	1.2	0.00484892
-0.383333	0.66	0	1.2	0.00362466
-0.383333	0.7	0	1.2	0.00258834
-0.383333	0.74	0	1.2	0.00184344
-0.383333	0.78	0	1.2	0.00134275
-0.383333	0.82	0	1.2	0.000996264
-0.383333	0.86	0	1.2	0.000692206
-0.383333	0.9	0	1.2	0.000487163
-0.383333	0.94	0	1.2	0.000358302
-0.383333	0.98	0	1.2	0.000244259
-0.35	-0.98	0	1.2	0.000196861
-0.35	-0.94	0	1.2	0.000144791
-0.35	-0.9	0	1.2	9.29299e-05
-0.35	-0.86	0	1.2	6.65077e-05
-0.35	-0.82	0	1.2	4.89763e-05
-0.35	-0.78	0	1.2	3.13321e-05
-0.35	-0.74	0	1.2	2.15461e-05
-0.35	-0.7	0	1.2	1.51139e-05
-0.35	-0.66	0	1.2	1.06801e-05
-0.35	-0.62	0	1.2	7.73319e-06
-0.35	-0.58	0	1.2	5.03298e-06
-0.35	-0.54	0	1.2	3.36549e-06
-0.35	-0.5	0	1.2	2.16011e-06
-0.35	-0.46	0	1.2	1.66016e-06
-0.35	-0.42	0	1.2	1.09493e-06
-0.35	-0.38	0	1.2	0.00808188
-0.35	-0.34	0	1.2	0.01034
-0.35	-0.3	0	1.2	0.0138014
-0.35	-0.26	0	1.2	0.0172748
-0.35	-0.22	0	1.2	0.0211615
-0.35	-0.18	0	1.2	0.0265487
-0.35	-0.14	0	1.2	0.0314965
-0.35	-0.1	0	1.2	0.03749
-0.35	-0.06	0	1.2	0.0441401
-0.35	-0.02	0	1.2	0.0468846
-0.35	0.02	0	1.2	0.0508974
-0.35	0.06	0	1.2	0.052064
-0.35	0.1	0	1.2	0.0573995
-0.35	0.14	0	1.2	0.0544768
-0.35	0.18	0	1.2	0.0507762
-0.35	0.22	0	1.2	0.0481184
-0.35	0.26	0	1.2	0.0434347
-0.35	0.3	0	1.2	0.0366099
-0.35	0.34	0	1.2	0.0313469
-0.35	0.38	0	1.2	0.0263626
-0.35	0.42	0	1.2	0.0197541
-0.35	0.46	0	1.2	0.017953
-0.35	0.5	0	1.2	0.0129
-0.35	0.54	0	1.2	0.0105306
-0.35	0.58	0	1.2	0.00790188
-0.35	0.62	0	1.2	0.00589514
-0.35	0.66	0	1.2	0.00436983
-0.35	0.7	0	1.2	0.00338212
-0.35	0.74	0	1.2	0.00224671
-0.35	0.78	0	1.2	0.00164312
-0.35	0.82	0	1.2	0.00110194
-0.35	0.86	0	1.2	0.000779689
-0.35	0.9	0	1.2	0.000558471
-0.35	0.94	0	1.2	0.000409712
-0.35	0.98	0	1.2	0.000298949
-0.316667	-0.98	0	1.2	0.000228512
-0.316667	-0.94	0	1.2	0.000150284
-0.316667	-0.9	0	1.2	0.000112336
-0.316667	-0.86	0	1.2	7.05745e-05
-0.316667	-0.82	0	1.2	5.28485e-05
-0.316667	-0.78	0	1.2	3.61023e-05
-0.316667	-0.74	0	1.2	2.57321e-05
-0.316667	-0.7	0	1.2	1.74067e-05
-0.316667	-0.66	0	1.2	1.19214e-05
-0.316667	-0.62	0	1.2	8.28607e-06
-0.316667	-0.58	0	1.2	5.39182e-06
-0.316667	-0.54	0	1.2	3.68006e-06
-0.316667	-0.5	0	1.2	2.40177e-06
-0.316667	-0.46	0	1.2	1.70135e-06
-0.316667	-0.42	0	1.2	1.16641e-06
-0.316667	-0.38	0	1.2	0.00974857
-0.316667	-0.34	0	1.2	0.0131684
-0.316667	-0.3	0	1.2	0.0169007
-0.316667	-0.26	0	1.2	0.0217277
-0.316667	-0.22	0	1.2	0.0298703
-0.316667	-0.18	0	1.2	0.0343251
-0.316667	-0.14	0	1.2	0.0421729
-0.316667	-0.1	0	1.2	0.048974
-0.316667	-0.06	0	1.2	0.0546182
-0.316667	-0.02	0	1.2	0.0639886
-0.316667	0.02	0	1.2	0.0672157
-0.316667	0.06	0	1.2	0.0745987
-0.316667	0.1	0	1.2	0.0740932
-0.316667	0.14	0	1.2	0.0761211
-0.316667	0.18	0	1.2	0.0668933
-0.316667	0.22	0	1.2	0.0622028
-0.316667	0.26	0	1.2	0.05635
-0.316667	0.3	0	1.2	0.0516369
-0.316667	0.34	0	1.2	0.0407051
-0.316667	0.38	0	1.2	0.034728
-0.316667	0.42	0	1.2	0.0275377
-0.316667	0.46	0	1.2	0.0211666
-0.316667	0.5	0	1.2	0.0160734
-0.316667	0.54	0	1.2	0.0117618
-0.316667	0.58	0	1.2	0.00909867
-0.316667	0.62	0	1.2	0.00702709
-0.316667	0.66	0	1.2	0.00514129
-0.316667	0.7	0	1.2	0.00364787
-0.316667	0.74	0	1.2	0.00270561
-0.316667	0.78	0	1.2	0.00188281
-0.316667	0.82	0	1.2	0.00142337
-0.316667	0.86	0	1.2	0.000975953
-0.316667	0.9	0	1.2	0.000746754
-0.316667	0.94	0	1.2	0.000475054
-0.316667	0.98	0	1.2	0.000327659
-0.283333	-0.98	0	1.2	0.000270248
-0.283333	-0.94	0	1.2	0.000172966
-0.283333	-0.9	0	1.2	0.000128018
-0.283333	-0.86	0	1.2	8.4198e-05
-0.283333	-0.82	0	1.2	6.15569e-05
-0.283333	-0.78	0	1.2	4.06704e-05
-0.283333	-0.74	0	1.2	2.8229e-05
-0.283333	-0.7	0	1.2	2.00545e-05
-0.283333	-0.66	0	1.2	1.22322e-05
-0.283333	-0.62	0	1.2	8.65411e-06
-0.283333	-0.58	0	1.2	6.038e-06
-0.283333	-0.54	0	1.2	4.05259e-06
-0.283333	-0.5	0	1.2	2.72374e-06
-0.283333	-0.46	0	1.2	1.94465e-06
-0.283333	-0.42	0	1.2	1.18777e-06
-0.283333	-0.38	0	1.2	0.0110969
-0.283333	-0.34	0	1.2	0.0156572
-0.283333	-0.3	0	1.2	0.0210386
-0.283333	-0.26	0	1.2	0.0272132
-0.283333	-0.22	0	1.2	0.0362544
-0.283333	-0.18	0	1.2	0.0417947
-0.283333	-0.14	0	1.2	0.0558845
-0.283333	-0.1	0	1.2	0.0627162
-0.283333	-0.06	0	1.2	0.0740267
-0.283333	-0.02	0	1.2	0.0868397
-0.283333	0.02	0	1.2	0.0946772
-0.283333	0.06	0	1.2	0.0963639
-0.283333	0.1	0	1.2	0.0911958
-0.283333	0.14	0	1.2	0.0956978
-0.283333	0.18	0	1.2	0.0908732
-0.283333	0.22	0	1.2	0.0813878
-0.283333	0.26	0	1.2	0.0775022
-0.283333	0.3	0	1.2	0.0642202
-0.283333	0.34	0	1.2	0.0498156
-0.283333	0.38	0	1.2	0.0438638
-0.283333	0.42	0	1.2	0.0378235
-0.283333	0.46	0	1.2	0.0274711
-0.283333	0.5	0	1.2	0.0209398
-0.283333	0.54	0	1.2	0.0162894
-0.283333	0.58	0	1.2	0.012063
-0.283333	0.62	0	1.2	0.00878314
-0.283333	0.66	0	1.2	0.00631338
-0.283333	0.7	0	1.2	0.00465586
-0.283333	0.74	0	1.2	0.00305893
-0.283333	0.78	0	1.2	0.0022384
-0.283333	0.82	0	1.2	0.0016349
-0.283333	0.86	0	1.2	0.00118967
-0.283333	0.9	0	1.2	0.000792668
-0.283333	0.94	0	1.2	0.000557164
-0.283333	0.98	0	1.2	0.000400192
-0.25	-0.98	0	1.2	0.000291725
-0.25	-0.94	0	1.2	0.00020538
-0.25	-0.9	0	1.2	0.000143908
-0.25	-0.86	0	1.2	9.54204e-05
-0.25	-0.82	0	1.2	6.92915e-05
-0.25	-0.78	0	1.2	4.58536e-05
-0.25	-0.74	0	1.2	3.02748e-05
-0.25	-0.7	0	1.2	2.132e-05
-0.25	-0.66	0	1.2	1.43476e-05
-0.25	-0.62	0	1.2	9.59976e-06
-0.25	-0.58	0	1.2	6.29219e-06
-0.25	-0.54	0	1.2	4.5144e-06
-0.25	-0.5	0	1.2	3.02787e-06
-0.25	-0.46	0	1.2	2.09686e-06
-0.25	-0.42	0	1.2	1.37858e-06
-0.25	-0.38	0	1.2	0.0137429
-0.25	-0.34	0	1.2	0.020776
-0.25	-0.3	0	1.2	0.0256236
-0.25	-0.26	0	1.2	0.0351826
-0.25	-0.22	0	1.2	0.0401021
-0.25	-0.18	0	1.2	0.0563409
-0.25	-0.14	0	1.2	0.0692494
-0.25	-0.1	0	1.2	0.082743
-0.25	-0.06	0	1.2	0.0954682
-0.25	-0.02	0	1.2	0.106202
-0.25	0.02	0	1.2	0.123043
-0.25	0.06	0	1.2	0.12793
-0.25	0.1	0	1.2	0.123391
-0.25	0.14	0	1.2	0.121919
-0.25	0.18	0	1.2	0.119776
-0.25	0.22	0	1.2	0.106703
-0.25	0.26	0	1.2	0.0923454
-0.25	0.3	0	1.2	0.0846673
-0.25	0.34	0	1.2	0.0702157
-0.25	0.38	0	1.2	0.057258
-0.25	0.42	0	1.2	0.0429071
-0.25	0.46	0	1.2	0.0334919
-0.25	0.5	0	1.2	0.0251955
-0.25	0.54	0	1.2	0.0209129
-0.25	0.58	0	1.2	0.0143477
-0.25	0.62	0	1.2	0.0111137
-0.25	0.66	0	1.2	0.00732882
-0.25	0.7	0	1.2	0.00535375
-0.25	0.74	0	1.2	0.00377432
-0.25	0.78	0	1.2	0.00268856
-0.25	0.82	0	1.2	0.0019577
-0.25	0.86	0	1.2	0.00126151
-0.25	0.9	0	1.2	0.000870192
-0.25	0.94	0	1.2	0.000621824
-0.25	0.98	0	1.2	0.000412229
-0.216667	-0.98	0	1.2	0.000348716
-0.216667	-0.94	0	1.2	0.000231241
-0.216667	-0.9	0	1.2	0.000161365
-0.216667	-0.86	0	1.2	0.000111143
-0.216667	-0.82	0	1.2	7.184e-05
-0.216667	-0.78	0	1.2	4.78704e-05
-0.216667	-0.74	0	1.2	3.30357e-05
-0.216667	-0.7	0	1.2	2.34166e-05
-0.216667	-0.66	0	1.2	1.45503e-05
-0.216667	-0.62	0	1.2	1.05152e-05
-0.216667	-0.58	0	1.2	6.97818e-06
-0.216667	-0.54	0	1.2	5.04631e-06
-0.216667	-0.5	0	1.2	3.33245e-06
-0.216667	-0.46	0	1.2	2.22409e-06
-0.216667	-0.42	0	1.2	1.52209e-06
-0.216667	-0.38	0	1.2	0.0160685
-0.216667	-0.34	0	1.2	0.0236213
-0.216667	-0.3	0	1.2	0.0323418
-0.216667	-0.26	0	1.2	0.043204
-0.216667	-0.22	0	1.2	0.0569135
-0.216667	-0.18	0	1.2	0.0699181
-0.216667	-0.14	0	1.2	0.0873499
-0.216667	-0.1	0	1.2	0.0957723
-0.216667	-0.06	0	1.2	0.115464
-0.216667	-0.02	0	1.2	0.146851
-0.216667	0.02	0	1.2	0.141807
-0.216667	0.06	0	1.2	0.148015
-0.216667	0.1	0	1.2	0.147937
-0.216667	0.14	0	1.2	0.152708
-0.216667	0.18	0	1.2	0.157258
-0.216667	0.22	0	1.2	0.133271
-0.216667	0.26	0	1.2	0.123611
-0.216667	0.3	0	1.2	0.101577
-0.216667	0.34	0	1.2	0.0875516
-0.216667	0.38	0	1.2	0.0673044
-0.216667	0.42	0	1.2	0.0585874
-0.216667	0.46	0	1.2	0.0431049
-0.216667	0.5	0	1.2	0.0329393
-0.216667	0.54	0	1.2	0.0231234
-0.216667	0.58	0	1.2	0.0178852
-0.216667	0.62	0	1.2	0.0133901
-0.216667	0.66	0	1.2	0.0088309
-0.216667	0.7	0	1.2	0.00641389
-0.216667	0.74	0	1.2	0.00411716
-0.216667	0.78	0	1.2	0.00293689
-0.216667	0.82	0	1.2	0.00215489
-0.216667	0.86	0	1.2	0.00144861
-0.216667	0.9	0	1.2	0.00105165
-0.216667	0.94	0	1.2	0.00072132
-0.216667	0.98	0	1.2	0.000468401
-0.183333	-0.98	0	1.2	0.000388382
-0.183333	-0.94	0	1.2	0.000249472
-0.183333	-0.9	0	1.2	0.000179192
-0.183333	-0.86	0	1.2	0.000116406
-0.183333	-0.82	0	1.2	7.85419e-05
-0.183333	-0.78	0	1.2	5.45878e-05
-0.183333	-0.74	0	1.2	3.68557e-05
-0.183333	-0.7	0	1.2	2.50387e-05
-0.183333	-0.66	0	1.2	1.56971e-05
-0.183333	-0.62	0	1.2	1.13194e-05
-0.183333	-0.58	0	1.2	7.96466e-06
-0.183333	-0.54	0	1.2	4.92127e-06
-0.183333	-0.5	0	1.2	3.51573e-06
-0.183333	-0.46	0	1.2	2.38612e-06
-0.183333	-0.42	0	1.2	1.63382e-06
-0.183333	-0.38	0	1.2	0.0207091
-0.183333	-0.34	0	1.2	0.0282012
-0.183333	-0.3	0	1.2	0.0382763
-0.183333	-0.26	0	1.2	0.0526973
-0.183333	-0.22	0	1.2	0.0693678
-0.183333	-0.18	0	1.2	0.0862375
-0.183333	-0.14	0	1.2	0.1086
-0.183333	-0.1	0	1.2	0.136118
-0.183333	-0.06	0	1.2	0.145767
-0.183333	-0.02	0	1.2	0.168112
-0.183333	0.02	0	1.2	0.176746
-0.183333	0.06	0	1.2	0.184392
-0.183333	0.1	0	1.2	0.189712
-0.183333	0.14	0	1.2	0.198166
-0.183333	0.18	0	1.2	0.182243
-0.183333	0.22	0	1.2	0.17356
-0.183333	0.26	0	1.2	0.147498
-0.183333	0.3	0	1.2	0.123013
-0.183333	0.34	0	1.2	0.109344
-0.183333	0.38	0	1.2	0.087438
-0.183333	0.42	0	1.2	0.0638748
-0.183333	0.46	0	1.2	0.0469354
-0.183333	0.5	0	1.2	0.0412413
-0.183333	0.54	0	1.2	0.0278709
-0.183333	0.58	0	1.2	0.021283
-0.183333	0.62	0	1.2	0.0148157
-0.183333	0.66	0	1.2	0.00986584
-0.183333	0.7	0	1.2	0.00751365
-0.183333	0.74	0	1.2	0.00556877
-0.183333	0.78	0	1.2	0.00365415
-0.183333	0.82	0	1.2	0.00244804
-0.183333	0.86	0	1.2	0.00169564
-0.183333	0.9	0	1.2	0.00112224
-0.183333	0.94	0	1.2	0.000810453
-0.183333	0.98	0	1.2	0.000569856
-0.15	-0.98	0	1.2	0.000421344
-0.15	-0.94	0	1.2	0.00027986
-0.15	-0.9	0	1.2	0.000190856
-0.15	-0.86	0	1.2	0.000125853
-0.15	-0.82	0	1.2	8.62859e-05
-0.15	-0.78	0	1.2	5.69161e-05
-0.15	-0.74	0	1.2	3.86021e-05
-0.15	-0.7	0	1.2	2.59145e-05
-0.15	-0.66	0	1.2	1.79364e-05
-0.15	-0.62	0	1.2	1.21728e-05
-0.15	-0.58	0	1.2	8.39232e-06
-0.15	-0.54	0	1.2	5.41649e-06
-0.15	-0.5	0	1.2	4.01428e-06
-0.15	-0.46	0	1.2	2.61836e-06
-0.15	-0.42	0	1.2	1.67339e-06
-0.15	-0.38	0	1.2	0.0247171
-0.15	-0.34	0	1.2	0.0349986
-0.15	-0.3	0	1.2	0.0453895
-0.15	-0.26	0	1.2	0.0620157
-0.15	-0.22	0	1.2	0.0805568
-0.15	-0.18	0	1.2	0.101645
-0.15	-0.14	0	1.2	0.127718
-0.15	-0.1	0	1.2	0.154589
-0.15	-0.06	0	1.2	0.184579
-0.15	-0.02	0	1.2	0.207157
-0.15	0.02	0	1.2	0.21256
-0.15	0.06	0	1.2	0.233742
-0.15	0.1	0	1.2	0.23373
-0.15	0.14	0	1.2	0.22469
-0.15	0.18	0	1.2	0.221692
-0.15	0.22	0	1.2	0.194999
-0.15	0.26	0	1.2	0.189163
-0.15	0.3	0	1.2	0.149926
-0.15	0.34	0	1.2	0.129508
-0.15	0.38	0	1.2	0.0980402
-0.15	0.42	0	1.2	0.0775524
-0.15	0.46	0	1.2	0.0605868
-0.15	0.5	0	1.2	0.0445392
-0.15	0.54	0	1.2	0.0334465
-0.15	0.58	0	1.2	0.0257214
-0.15	0.62	0	1.2	0.0173975
-0.15	0.66	0	1.2	0.0120434
-0.15	0.7	0	1.2	0.00838838
-0.15	0.74	0	1.2	0.00602366
-0.15	0.78	0	1.2	0.00404822
-0.15	0.82	0	1.2	0.00281083
-0.15	0.86	0	1.2	0.00186623
-0.15	0.9	0	1.2	0.00127975
-0.15	0.94	0	1.2	0.00087778
-0.15	0.98	0	1.2	0.000586983
-0.116667	-0.98	0	1.2	0.000452113
-0.116667	-0.94	0	1.2	0.000300663
-0.116667	-0.9	0	1.2	0.000203493
-0.116667	-0.86	0	1.2	0.000138905
-0.116667	-0.82	0	1.2	8.82405e-05
-0.116667	-0.78	0	1.2	6.29692e-05
-0.116667	-0.74	0	1.2	4.55741e-05
-0.116667	-0.7	0	1.2	3.03516e-05
-0.116667	-0.66	0	1.2	1.99765e-05
-0.116667	-0.62	0	1.2	1.22552e-05
-0.116667	-0.58	0	1.2	9.07763e-06
-0.116667	-0.54	0	1.2	5.79941e-06
-0.116667	-0.5	0	1.2	3.98058e-06
-0.116667	-0.46	0	1.2	2.64302e-06
-0.116667	-0.42	0	1.2	1.77937e-06
-0.116667	-0.38	0	1.2	0.0266352
-0.116667	-0.34	0	1.2	0.0395253
-0.116667	-0.3	0	1.2	0.0533568
-0.116667	-0.26	0	1.2	0.0687635
-0.116667	-0.22	0	1.2	0.0907278
-0.116667	-0.18	0	1.2	0.121759
-0.116667	-0.14	0	1.2	0.152025
-0.116667	-0.1	0	1.2	0.174573
-0.116667	-0.06	0	1.2	0.20582
-0.116667	-0.02	0	1.2	0.239728
-0.116667	0.02	0	1.2	0.24347
-0.116667	0.06	0	1.2	0.278086
-0.116667	0.1	0	1.2	0.272329
-0.116667	0.14	0	1.2	0.285535
-0.116667	0.18	0	1.2	0.255317
-0.116667	0.22	0	1.2	0.224403
-0.116667	0.26	0	1.2	0.205331
-0.116667	0.3	0	1.2	0.186801
-0.116667	0.34	0	1.2	0.154132
-0.116667	0.38	0	1.2	0.118651
-0.116667	0.42	0	1.2	0.0966736
-0.116667	0.46	0	1.2	0.0714339
-0.116667	0.5	0	1.2	0.0542214
-0.116667	0.54	0	1.2	0.0406905
-0.116667	0.58	0	1.2	0.0288761
-0.116667	0.62	0	1.2	0.0201956
-0.116667	0.66	0	1.2	0.0145895
-0.116667	0.7	0	1.2	0.00929008
-0.116667	0.74	0	1.2	0.00654533
-0.116667	0.78	0	1.2	0.00446467
-0.116667	0.82	0	1.2	0.0031343
-0.116667	0.86	0	1.2	0.00203288
-0.116667	0.9	0	1.2	0.00141445
-0.116667	0.94	0	1.2	0.000964
-0.116667	0.98	0	1.2	0.000689599
-0.0833333	-0.98	0	1.2	0.000468592
-0.0833333	-0.94	0	1.2	0.000322546
-0.0833333	-0.9	0	1.2	0.000228879
-0.0833333	-0.86	0	1.2	0.000153392
-0.0833333	-0.82	0	1.2	0.000101132
-0.0833333	-0.78	0	1.2	6.89422e-05
-0.0833333	-0.74	0	1.2	4.70784e-05
-0.0833333	-0.7	0	1.2	2.98766e-05
-0.0833333	-0.66	0	1.2	2.16347e-05
-0.0833333	-0.62	0	1.2	1.29023e-05
-0.0833333	-0.58	0	1.2	9.11254e-06
-0.0833333	-0.54	0	1.2	6.17434e-06
-0.0833333	-0.5	0	1.2	4.00735e-06
-0.0833333	-0.46	0	1.2	2.69508e-06
-0.0833333	-0.42	0	1.2	1.95736e-06
-0.0833333	-0.38	0	1.2	0.0309002
-0.0833333	-0.34	0	1.2	0.042685
-0.0833333	-0.3	0	1.2	0.0585616
-0.0833333	-0.26	0	1.2	0.0798529
-0.0833333	-0.22	0	1.2	0.108198
-0.0833333	-0.18	0	1.2	0.139637
-0.0833333	-0.14	0	1.2	0.165809
-0.0833333	-0.1	0	1.2	0.207465
-0.0833333	-0.06	0	1.2	0.236487
-0.0833333	-0.02	0	1.2	0.274532
-0.0833333	0.02	0	1.2	0.284883
-0.0833333	0.06	0	1.2	0.29517
-0.0833333	0.1	0	1.2	0.299583
-0.0833333	0.14	0	1.2	0.300101
-0.0833333	0.18	0	1.2	0.290945
-0.0833333	0.22	0	1.2	0.256438
-0.0833333	0.26	0	1.2	0.244314
-0.0833333	0.3	0	1.2	0.202629
-0.0833333	0.34	0	1.2	0.171053
-0.0833333	0.38	0	1.2	0.145807
-0.0833333	0.42	0	1.2	0.107187
-0.0833333	0.46	0	1.2	0.0827185
-0.0833333	0.5	0	1.2	0.0610955
-0.0833333	0.54	0	1.2	0.0454291
-0.0833333	0.58	0	1.2	0.0311168
-0.0833333	0.62	0	1.2	0.0221857
-0.0833333	0.66	0	1.2	0.0147497
-0.0833333	0.7	0	1.2	0.010105
-0.0833333	0.74	0	1.2	0.00693539
-0.0833333	0.78	0	1.2	0.00466092
-0.0833333	0.82	0	1.2	0.00309069
-0.0833333	0.86	0	1.2	0.00231752
-0.0833333	0.9	0	1.2	0.00160836
-0.0833333	0.94	0	1.2	0.000970805
-0.0833333	0.98	0	1.2	0.000684897
-0.05	-0.98	0	1.2	0.000486639
-0.05	-0.94	0	1.2	0.00035416
-0.05	-0.9	0	1.2	0.000232135
-0.05	-0.86	0	1.2	0.000153413
-0.05	-0.82	0	1.2	0.000101557
-0.05	-0.78	0	1.2	6.75157e-05
-0.05	-0.74	0	1.2	4.57435e-05
-0.05	-0.7	0	1.2	3.3934e-05
-0.05	-0.66	0	1.2	2.12777e-05
-0.05	-0.62	0	1.2	1.42031e-05
-0.05	-0.58	0	1.2	9.23217e-06
-0.05	-0.54	0	1.2	6.47498e-06
-0.05	-0.5	0	1.2	4.15828e-06
-0.05	-0.46	0	1.2	2.84114e-06
-0.05	-0.42	0	1.2	1.89021e-06
-0.05	-0.38	0	1.2	0.0337255
-0.05	-0.34	0	1.2	0.046908
-0.05	-0.3	0	1.2	0.0646174
-0.05	-0.26	0	1.2	0.0976086
-0.05	-0.22	0	1.2	0.114945
-0.05	-0.18	0	1.2	0.156463
-0.05	-0.14	0	1.2	0.185081
-0.05	-0.1	0	1.2	0.239682
-0.05	-0.06	0	1.2	0.269933
-0.05	-0.02	0	1.2	0.288478
-0.05	0.02	0	1.2	0.311337
-0.05	0.06	0	1.2	0.336086
-0.05	0.1	0	1.2	0.344905
-0.05	0.14	0	1.2	0.333747
-0.05	0.18	0	1.2	0.320296
-0.05	0.22	0	1.2	0.314136
-0.05	0.26	0	1.2	0.260582
-0.05	0.3	0	1.2	0.238059
-0.05	0.34	0	1.2	0.198657
-0.05	0.38	0	1.2	0.158651
-0.05	0.42	0	1.2	0.126298
-0.05	0.46	0	1.2	0.0907588
-0.05	0.5	0	1.2	0.0657179
-0.05	0.54	0	1.2	0.0473601
-0.05	0.58	0	1.2	0.0346845
-0.05	0.62	0	1.2	0.0238802
-0.05	0.66	0	1.2	0.0163224
-0.05	0.7	0	1.2	0.0104415
-0.05	0.74	0	1.2	0.00755092
-0.05	0.78	0	1.2	0.00532484
-0.05	0.82	0	1.2	0.00338862
-0.05	0.86	0	1.2	0.0023861
-0.05	0.9	0	1.2	0.00157542
-0.05	0.94	0	1.2	0.00109785
-0.05	0.98	0	1.2	0.000805531
-0.0166667	-0.98	0	1.2	0.000547517
-0.0166667	-0.94	0	1.2	0.00036245
-0.0166667	-0.9	0	1.2	0.000229728
-0.0166667	-0.86	0	1.2	0.00016381
-0.0166667	-0.82	0	1.2	0.000110839
-0.0166667	-0.78	0	1.2	7.6505e-05
-0.0166667	-0.74	0	1.2	4.66062e-05
-0.0166667	-0.7	0	1.2	3.26805e-05
-0.0166667	-0.66	0	1.2	2.17412e-05
-0.0166667	-0.62	0	1.2	1.45296e-05
-0.0166667	-0.58	0	1.2	1.01954e-05
-0.0166667	-0.54	0	1.2	6.48679e-06
-0.0166667	-0.5	0	1.2	4.47974e-06
-0.0166667	-0.46	0	1.2	2.90177e-06
-0.0166667	-0.42	0	1.2	2.03698e-06
-0.0166667	-0.38	0	1.2	0.0367922
-0.0166667	-0.34	0	1.2	0.0518634
-0.0166667	-0.3	0	1.2	0.070483
-0.0166667	-0.26	0	1.2	0.100649
-0.0166667	-0.22	0	1.2	0.134229
-0.0166667	-0.18	0	1.2	0.174039
-0.0166667	-0.14	0	1.2	0.217549
-0.0166667	-0.1	0	1.2	0.249924
-0.0166667	-0.06	0	1.2	0.283647
-0.0166667	-0.02	0	1.2	0.326663
-0.0166667	0.02	0	1.2	0.33002
-0.0166667	0.06	0	1.2	0.375674
-0.0166667	0.1	0	1.2	0.366519
-0.0166667	0.14	0	1.2	0.379051
-0.0166667	0.18	0	1.2	0.324358
-0.0166667	0.22	0	1.2	0.323652
-0.0166667	0.26	0	1.2	0.295183
-0.0166667	0.3	0	1.2	0.254651
-0.0166667	0.34	0	1.2	0.215071
-0.0166667	0.38	0	1.2	0.168438
-0.0166667	0.42	0	1.2	0.131114
-0.0166667	0.46	0	1.2	0.103933
-0.0166667	0.5	0	1.2	0.0737493
-0.0166667	0.54	0	1.2	0.0521098
-0.0166667	0.58	0	1.2	0.036098
-0.0166667	0.62	0	1.2	0.0276961
-0.0166667	0.66	0	1.2	0.0183298
-0.0166667	0.7	0	1.2	0.0124832
-0.0166667	0.74	0	1.2	0.00861448
-0.0166667	0.78	0	1.2	0.00548932
-0.0166667	0.82	0	1.2	0.00416759
-0.0166667	0.86	0	1.2	0.00244873
-0.0166667	0.9	0	1.2	0.00185813
-0.0166667	0.94	0	1.2	0.0011975
-0.0166667	0.98	0	1.2	0.000797109
0.0166667	-0.98	0	1.2	0.000553478
0.0166667	-0.94	0	1.2	0.000376895
0.0166667	-0.9	0	1.2	0.000253648
0.0166667	-0.86	0	1.2	0.000171833
0.0166667	-0.82	0	1.2	0.000106747
0.0166667	-0.78	0	1.2	7.30399e-05
0.0166667	-0.74	0	1.2	4.97184e-05
0.0166667	-0.7	0	1.2	3.43058e-05
0.0166667	-0.66	0	1.2	2.34402e-05
0.0166667	-0.62	0	1.2	1.55493e-05
0.0166667	-0.58	0	1.2	1.00514e-05
0.0166667	-0.54	0	1.2	6.56759e-06
0.0166667	-0.5	0	1.2	4.54462e-06
0.0166667	-0.46	0	1.2	3.11301e-06
0.0166667	-0.42	0	1.2	2.0544e-06
0.0166667	-0.38	0	1.2	0.0420212
0.0166667	-0.34	0	1.2	0.0561432
0.0166667	-0.3	0	1.2	0.0801871
0.0166667	-0.26	0	1.2	0.109863
0.0166667	-0.22	0	1.2	0.152267
0.0166667	-0.18	0	1.2	0.175342
0.0166667	-0.14	0	1.2	0.215209
0.0166667	-0.1	0	1.2	0.264134
0.0166667	-0.06	0	1.2	0.297494
0.0166667	-0.02	0	1.2	0.320517
0.0166667	0.02	0	1.2	0.367394
0.0166667	0.06	0	1.2	0.402574
0.0166667	0.1	0	1.2	0.369531
0.0166667	0.14	0	1.2	0.386435
0.0166667	0.18	0	1.2	0.354518
0.0166667	0.22	0	1.2	0.353288
0.0166667	0.26	0	1.2	0.30977
0.0166667	0.3	0	1.2	0.253417
0.0166667	0.34	0	1.2	0.232701
0.0166667	0.38	0	1.2	0.179629
0.0166667	0.42	0	1.2	0.141582
0.0166667	0.46	0	1.2	0.110869
0.0166667	0.5	0	1.2	0.0785318
0.0166667	0.54	0	1.2	0.0568006
0.0166667	0.58	0	1.2	0.0401741
0.0166667	0.62	0	1.2	0.0270193
0.0166667	0.66	0	1.2	0.0185112
0.0166667	0.7	0	1.2	0.0128667
0.0166667	0.74	0	1.2	0.00918283
0.0166667	0.78	0	1.2	0.00592387
0.0166667	0.82	0	1.2	0.00370116
0.0166667	0.86	0	1.2	0.00266344
0.0166667	0.9	0	1.2	0.0017886
0.0166667	0.94	0	1.2	0.00125968
0.0166667	0.98	0	1.2	0.000812366
0.05	-0.98	0	1.2	0.000582704
0.05	-0.94	0	1.2	0.000365438
0.05	-0.9	0	1.2	0.00022625
0.05	-0.86	0	1.2	0.00017712
0.05	-0.82	0	1.2	0.000116934
0.05	-0.78	0	1.2	7.28965e-05
0.05	-0.74	0	1.2	5.04392e-05
0.05	-0.7	0	1.2	3.59879e-05
0.05	-0.66	0	1.2	2.33796e-05
0.05	-0.62	0	1.2	1.39832e-05
0.05	-0.58	0	1.2	1.08502e-05
0.05	-0.54	0	1.2	7.16173e-06
0.05	-0.5	0	1.2	4.5412e-06
0.05	-0.46	0	1.2	3.24149e-06
0.05	-0.42	0	1.2	2.07567e-06
0.05	-0.38	0	1.2	0.0408311
0.05	-0.34	0	1.2	0.0600248
0.05	-0.3	0	1.2	0.0790869
0.05	-0.26	0	1.2	0.124275
0.05	-0.22	0	1.2	0.15391
0.05	-0.18	0	1.2	0.188502
0.05	-0.14	0	1.2	0.226648
0.05	-0.1	0	1.2	0.278244
0.05	-0.06	0	1.2	0.331663
0.05	-0.02	0	1.2	0.348444
0.05	0.02	0	1.2	0.369974
0.05	0.06	0	1.2	0.415711
0.05	0.1	0	1.2	0.420316
0.05	0.14	0	1.2	0.39324
0.05	0.18	0	1.2	0.39589
0.05	0.22	0	1.2	0.355097
0.05	0.26	0	1.2	0.343696
0.05	0.3	0	1.2	0.271008
0.05	0.34	0	1.2	0.237177
0.05	0.38	0	1.2	0.190746
0.05	0.42	0	1.2	0.147614
0.05	0.46	0	1.2	0.114796
0.05	0.5	0	1.2	0.0808188
0.05	0.54	0	1.2	0.0596127
0.05	0.58	0	1.2	0.0412163
0.05	0.62	0	1.2	0.0268507
0.05	0.66	0	1.2	0.0204563
0.05	0.7	0	1.2	0.0133041
0.05	0.74	0	1.2	0.00842494
0.05	0.78	0	1.2	0.00643004
0.05	0.82	0	1.2	0.00394983
0.05	0.86	0	1.2	0.0028965
0.05	0.9	0	1.2	0.00179523
0.05	0.94	0	1.2	0.00120877
0.05	0.98	0	1.2	0.000876062
0.0833333	-0.98	0	1.2	0.000547264
0.0833333	-0.94	0	1.2	0.000368795
0.0833333	-0.9	0	1.2	0.000250876
0.0833333	-0.86	0	1.2	0.000156993
0.0833333	-0.82	0	1.2	0.000109281
0.0833333	-0.78	0	1.2	7.38027e-05
0.0833333	-0.74	0	1.2	5.21311e-05
0.0833333	-0.7	0	1.2	3.44618e-05
0.0833333	-0.66	0	1.2	2.38611e-05
0.0833333	-0.62	0	1.2	1.58863e-05
0.0833333	-0.58	0	1.2	1.07225e-05
0.0833333	-0.54	0	1.2	6.95909e-06
0.0833333	-0.5	0	1.2	4.57737e-06
0.0833333	-0.46	0	1.2	2.92158e-06
0.0833333	-0.42	0	1.2	2.09131e-06
0.0833333	-0.38	0	1.2	0.0422879
0.0833333	-0.34	0	1.2	0.0591094
0.0833333	-0.3	0	1.2	0.0842477
0.0833333	-0.26	0	1.2	0.120448
0.0833333	-0.22	0	1.2	0.155018
0.0833333	-0.18	0	1.2	0.20663
0.0833333	-0.14	0	1.2	0.221506
0.0833333	-0.1	0	1.2	0.295587
0.0833333	-0.06	0	1.2	0.344553
0.0833333	-0.02	0	1.2	0.356259
0.0833333	0.02	0	1.2	0.397849
0.0833333	0.06	0	1.2	0.412046
0.0833333	0.1	0	1.2	0.4143
0.0833333	0.14	0	1.2	0.400521
0.0833333	0.18	0	1.2	0.404237
0.0833333	0.22	0	1.2	0.349473
0.0833333	0.26	0	1.2	0.326904
0.0833333	0.3	0	1.2	0.31171
0.0833333	0.34	0	1.2	0.237935
0.0833333	0.38	0	1.2	0.205253
0.0833333	0.42	0	1.2	0.152154
0.0833333	0.46	0	1.2	0.116137
0.0833333	0.5	0	1.2	0.0848382
0.0833333	0.54	0	1.2	0.0599518
0.0833333	0.58	0	1.2	0.0418945
0.0833333	0.62	0	1.2	0.0295679
0.0833333	0.66	0	1.2	0.0197309
0.0833333	0.7	0	1.2	0.0133551
0.0833333	0.74	0	1.2	0.00985471
0.0833333	0.78	0	1.2	0.00611515
0.0833333	0.82	0	1.2	0.00411771
0.0833333	0.86	0	1.2	0.0027294
0.0833333	0.9	0	1.2	0.00212357
0.0833333	0.94	0	1.2	0.00127498
0.0833333	0.98	0	1.2	0.000790129
0.116667	-0.98	0	1.2	0.000555233
0.116667	-0.94	0	1.2	0.000381266
0.116667	-0.9	0	1.2	0.000256252
0.116667	-0.86	0	1.2	0.000165804
0.116667	-0.82	0	1.2	0.000122706
0.116667	-0.78	0	1.2	7.77629e-05
0.116667	-0.74	0	1.2	5.26138e-05
0.116667	-0.7	0	1.2	3.62415e-05
0.116667	-0.66	0	1.2	2.27223e-05
0.116667	-0.62	0	1.2	1.54865e-05
0.116667	-0.58	0	1.2	1.0162e-05
0.116667	-0.54	0	1.2	7.22046e-06
0.116667	-0.5	0	1.2	4.84018e-06
0.116667	-0.46	0	1.2	3.11978e-06
0.116667	-0.42	0	1.2	2.15528e-06
0.116667	-0.38	0	1.2	0.0424845
0.116667	-0.34	0	1.2	0.0609347
0.116667	-0.3	0	1.2	0.0870035
0.116667	-0.26	0	1.2	0.116676
0.116667	-0.22	0	1.2	0.15287
0.116667	-0.18	0	1.2	0.203416
0.116667	-0.14	0	1.2	0.250965
0.116667	-0.1	0	1.2	0.260654
0.116667	-0.06	0	1.2	0.33074
0.116667	-0.02	0	1.2	0.346928
0.116667	0.02	0	1.2	0.385074
0.116667	0.06	0	1.2	0.409165
0.116667	0.1	0	1.2	0.410354
0.116667	0.14	0	1.2	0.401481
0.116667	0.18	0	1.2	0.400587
0.116667	0.22	0	1.2	0.37492
0.116667	0.26	0	1.2	0.313091
0.116667	0.3	0	1.2	0.305664
0.116667	0.34	0	1.2	0.245866
0.116667	0.38	0	1.2	0.199284
0.116667	0.42	0	1.2	0.155018
0.116667	0.46	0	1.2	0.118023
0.116667	0.5	0	1.2	0.0852319
0.116667	0.54	0	1.2	0.0595306
0.116667	0.58	0	1.2	0.0425829
0.116667	0.62	0	1.2	0.0273928
0.116667	0.66	0	1.2	0.0203824
0.116667	0.7	0	1.2	0.0134184
0.116667	0.74	0	1.2	0.00882639
0.116667	0.78	0	1.2	0.0064332
0.116667	0.82	0	1.2	0.00407877
0.116667	0.86	0	1.2	0.00275558
0.116667	0.9	0	1.2	0.00190374
0.116667	0.94	0	1.2	0.00126613
0.116667	0.98	0	1.2	0.000881222
0.15	-0.98	0	1.2	0.00056958
0.15	-0.94	0	1.2	0.000357513
0.15	-0.9	0	1.2	0.000240428
0.15	-0.86	0	1.2	0.000169591
0.15	-0.82	0	1.2	0.000120654
0.15	-0.78	0	1.2	7.53917e-05
0.15	-0.74	0	1.2	4.90049e-05
0.15	-0.7	0	1.2	3.56673e-05
0.15	-0.66	0	1.2	2.19822e-05
0.15	-0.62	0	1.2	1.52085e-05
0.15	-0.58	0	1.2	1.05602e-05
0.15	-0.54	0	1.2	7.06451e-06
0.15	-0.5	0	1.2	4.39996e-06
0.15	-0.46	0	1.2	3.06667e-06
0.15	-0.42	0	1.2	2.09033e-06
0.15	-0.38	0	1.2	0.0419867
0.15	-0.34	0	1.2	0.063184
0.15	-0.3	0	1.2	0.0846673
0.15	-0.26	0	1.2	0.106897
0.15	-0.22	0	1.2	0.147264
0.15	-0.18	0	1.2	0.193887
0.15	-0.14	0	1.2	0.232744
0.15	-0.1	0	1.2	0.274297
0.15	-0.06	0	1.2	0.336928
0.15	-0.02	0	1.2	0.342623
0.15	0.02	0	1.2	0.402145
0.15	0.06	0	1.2	0.42601
0.15	0.1	0	1.2	0.426034
0.15	0.14	0	1.2	0.378259
0.15	0.18	0	1.2	0.393209
0.15	0.22	0	1.2	0.34096
0.15	0.26	0	1.2	0.295564
0.15	0.3	0	1.2	0.286138
0.15	0.34	0	1.2	0.23884
0.15	0.38	0	1.2	0.179974
0.15	0.42	0	1.2	0.159157
0.15	0.46	0	1.2	0.112427
0.15	0.5	0	1.2	0.0812036
0.15	0.54	0	1.2	0.0568656
0.15	0.58	0	1.2	0.0405422
0.15	0.62	0	1.2	0.0284498
0.15	0.66	0	1.2	0.020639
0.15	0.7	0	1.2	0.0132108
0.15	0.74	0	1.2	0.00914106
0.15	0.78	0	1.2	0.00594636
0.15	0.82	0	1.2	0.00402653
0.15	0.86	0	1.2	0.00278683
0.15	0.9	0	1.2	0.00193832
0.15	0.94	0	1.2	0.00123207
0.15	0.98	0	1.2	0.000805664
0.183333	-0.98	0	1.2	0.000535541
0.183333	-0.94	0	1.2	0.000375174
0.183333	-0.9	0	1.2	0.000244981
0.183333	-0.86	0	1.2	0.000160584
0.183333	-0.82	0	1.2	0.000116901
0.183333	-0.78	0	1.2	7.11178e-05
0.183333	-0.74	0	1.2	4.90149e-05
0.183333	-0.7	0	1.2	3.226e-05
0.183333	-0.66	0	1.2	2.27538e-05
0.183333	-0.62	0	1.2	1.51242e-05
0.183333	-0.58	0	1.2	1.01703e-05
0.183333	-0.54	0	1.2	6.8067e-06
0.183333	-0.5	0	1.2	4.74779e-06
0.183333	-0.46	0	1.2	2.94086e-06
0.183333	-0.42	0	1.2	1.91006e-06
0.183333	-0.38	0	1.2	0.0382347
0.183333	-0.34	0	1.2	0.0565376
0.183333	-0.3	0	1.2	0.0827619
0.183333	-0.26	0	1.2	0.113131
0.183333	-0.22	0	1.2	0.144921
0.183333	-0.18	0	1.2	0.178771
0.183333	-0.14	0	1.2	0.232171
0.183333	-0.1	0	1.2	0.284306
0.183333	-0.06	0	1.2	0.299661
0.183333	-0.02	0	1.2	0.359683
0.183333	0.02	0	1.2	0.371686
0.183333	0.06	0	1.2	0.374779
0.183333	0.1	0	1.2	0.410489
0.183333	0.14	0	1.2	0.396297
0.183333	0.18	0	1.2	0.372545
0.183333	0.22	0	1.2	0.314123
0.183333	0.26	0	1.2	0.309048
0.183333	0.3	0	1.2	0.272329
0.183333	0.34	0	1.2	0.250724
0.183333	0.38	0	1.2	0.19249
0.183333	0.42	0	1.2	0.14659
0.183333	0.46	0	1.2	0.110114
0.183333	0.5	0	1.2	0.0814745
0.183333	0.54	0	1.2	0.0535135
0.183333	0.58	0	1.2	0.0388811
0.183333	0.62	0	1.2	0.0258668
0.183333	0.66	0	1.2	0.0193906
0.183333	0.7	0	1.2	0.0129567
0.183333	0.74	0	1.2	0.00908103
0.183333	0.78	0	1.2	0.00588254
0.183333	0.82	0	1.2	0.00410103
0.183333	0.86	0	1.2	0.00263211
0.183333	0.9	0	1.2	0.00182656
0.183333	0.94	0	1.2	0.00118024
0.183333	0.98	0	1.2	0.000795204
0.216667	-0.98	0	1.2	0.000561112
0.216667	-0.94	0	1.2	0.000368269
0.216667	-0.9	0	1.2	0.000236994
0.216667	-0.86	0	1.2	0.000164561
0.216667	-0.82	0	1.2	0.000104275
0.216667	-0.78	0	1.2	7.0907e-05
0.216667	-0.74	0	1.2	5.01387e-05
0.216667	-0.7	0	1.2	3.34459e-05
0.216667	-0.66	0	1.2	2.14842e-05
0.216667	-0.62	0	1.2	1.53579e-05
0.216667	-0.58	0	1.2	9.84788e-06
0.216667	-0.54	0	1.2	6.84457e-06
0.216667	-0.5	0	1.2	4.69903e-06
0.216667	-0.46	0	1.2	2.95083e-06
0.216667	-0.42	0	1.2	2.01345e-06
0.216667	-0.38	0	1.2	0.0376599
0.216667	-0.34	0	1.2	0.0543272
0.216667	-0.3	0	1.2	0.0749527
0.216667	-0.26	0	1.2	0.0980679
0.216667	-0.22	0	1.2	0.136409
0.216667	-0.18	0	1.2	0.17644
0.216667	-0.14	0	1.2	0.222505
0.216667	-0.1	0	1.2	0.248152
0.216667	-0.06	0	1.2	0.278897
0.216667	-0.02	0	1.2	0.338706
0.216667	0.02	0	1.2	0.3373
0.216667	0.06	0	1.2	0.356257
0.216667	0.1	0	1.2	0.361381
0.216667	0.14	0	1.2	0.368076
0.216667	0.18	0	1.2	0.356713
0.216667	0.22	0	1.2	0.323652
0.216667	0.26	0	1.2	0.299255
0.216667	0.3	0	1.2	0.257605
0.216667	0.34	0	1.2	0.206647
0.216667	0.38	0	1.2	0.17724
0.216667	0.42	0	1.2	0.131737
0.216667	0.46	0	1.2	0.103229
0.216667	0.5	0	1.2	0.0737493
0.216667	0.54	0	1.2	0.0527257
0.216667	0.58	0	1.2	0.0359244
0.216667	0.62	0	1.2	0.0263083
0.216667	0.66	0	1.2	0.016501
0.216667	0.7	0	1.2	0.0129666
0.216667	0.74	0	1.2	0.00816924
0.216667	0.78	0	1.2	0.0053974
0.216667	0.82	0	1.2	0.00370551
0.216667	0.86	0	1.2	0.00251475
0.216667	0.9	0	1.2	0.00165167
0.216667	0.94	0	1.2	0.00123569
0.216667	0.98	0	1.2	0.000786089
0.25	-0.98	0	1.2	0.000512562
0.25	-0.94	0	1.2	0.000331132
0.25	-0.9	0	1.2	0.000239624
0.25	-0.86	0	1.2	0.000158815
0.25	-0.82	0	1.2	9.74368e-05
0.25	-0.78	0	1.2	7.07773e-05
0.25	-0.74	0	1.2	4.7718e-05
0.25	-0.7	0	1.2	3.1352e-05
0.25	-0.66	0	1.2	2.19225e-05
0.25	-0.62	0	1.2	1.36697e-05
0.25	-0.58	0	1.2	9.74755e-06
0.25	-0.54	0	1.2	6.38463e-06
0.25	-0.5	0	1.2	4.31004e-06
0.25	-0.46	0	1.2	3.05865e-06
0.25	-0.42	0	1.2	1.90847e-06
0.25	-0.38	0	1.2	0.0314878
0.25	-0.34	0	1.2	0.0436301
0.25	-0.3	0	1.2	0.0685479
0.25	-0.26	0	1.2	0.0961102
0.25	-0.22	0	1.2	0.118919
0.25	-0.18	0	1.2	0.156827
0.25	-0.14	0	1.2	0.186891
0.25	-0.1	0	1.2	0.237518
0.25	-0.06	0	1.2	0.271179
0.25	-0.02	0	1.2	0.302347
0.25	0.02	0	1.2	0.324029
0.25	0.06	0	1.2	0.35558
0.25	0.1	0	1.2	0.329875
0.25	0.14	0	1.2	0.325169
0.25	0.18	0	1.2	0.327016
0.25	0.22	0	1.2	0.305121
0.25	0.26	0	1.2	0.260582
0.25	0.3	0	1.2	0.241305
0.25	0.34	0	1.2	0.188249
0.25	0.38	0	1.2	0.167039
0.25	0.42	0	1.2	0.121189
0.25	0.46	0	1.2	0.0896886
0.25	0.5	0	1.2	0.0685479
0.25	0.54	0	1.2	0.0474731
0.25	0.58	0	1.2	0.0346845
0.25	0.62	0	1.2	0.0248287
0.25	0.66	0	1.2	0.0159751
0.25	0.7	0	1.2	0.0121376
0.25	0.74	0	1.2	0.00796739
0.25	0.78	0	1.2	0.00533717
0.25	0.82	0	1.2	0.00379861
0.25	0.86	0	1.2	0.00230675
0.25	0.9	0	1.2	0.00173642
0.25	0.94	0	1.2	0.0010124
0.25	0.98	0	1.2	0.000800289
0.283333	-0.98	0	1.2	0.000500794
0.283333	-0.94	0	1.2	0.000308294
0.283333	-0.9	0	1.2	0.000227866
0.283333	-0.86	0	1.2	0.000140752
0.283333	-0.82	0	1.2	0.000101363
0.283333	-0.78	0	1.2	6.64578e-05
0.283333	-0.74	0	1.2	4.70784e-05
0.283333	-0.7	0	1.2	3.12859e-05
0.283333	-0.66	0	1.2	2.06384e-05
0.283333	-0.62	0	1.2	1.3541e-05
0.283333	-0.58	0	1.2	9.90774e-06
0.283333	-0.54	0	1.2	6.14542e-06
0.283333	-0.5	0	1.2	4.06571e-06
0.283333	-0.46	0	1.2	2.75395e-06
0.283333	-0.42	0	1.2	1.78142e-06
0.283333	-0.38	0	1.2	0.0289509
0.283333	-0.34	0	1.2	0.0408557
0.283333	-0.3	0	1.2	0.0619401
0.283333	-0.26	0	1.2	0.0815722
0.283333	-0.22	0	1.2	0.108451
0.283333	-0.18	0	1.2	0.149054
0.283333	-0.14	0	1.2	0.182753
0.283333	-0.1	0	1.2	0.190539
0.283333	-0.06	0	1.2	0.243755
0.283333	-0.02	0	1.2	0.260806
0.283333	0.02	0	1.2	0.2997
0.283333	0.06	0	1.2	0.278967
0.283333	0.1	0	1.2	0.306733
0.283333	0.14	0	1.2	0.284603
0.283333	0.18	0	1.2	0.277475
0.283333	0.22	0	1.2	0.262677
0.283333	0.26	0	1.2	0.243755
0.283333	0.3	0	1.2	0.212785
0.283333	0.34	0	1.2	0.17065
0.283333	0.38	0	1.2	0.138013
0.283333	0.42	0	1.2	0.116035
0.283333	0.46	0	1.2	0.0848198
0.283333	0.5	0	1.2	0.0558869
0.283333	0.54	0	1.2	0.042685
0.283333	0.58	0	1.2	0.0314056
0.283333	0.62	0	1.2	0.0207674
0.283333	0.66	0	1.2	0.0152426
0.283333	0.7	0	1.2	0.0104936
0.283333	0.74	0	1.2	0.00701875
0.283333	0.78	0	1.2	0.00513954
0.283333	0.82	0	1.2	0.00326153
0.283333	0.86	0	1.2	0.00225945
0.283333	0.9	0	1.2	0.00157254
0.283333	0.94	0	1.2	0.00104119
0.283333	0.98	0	1.2	0.000725958
0.316667	-0.98	0	1.2	0.000450044
0.316667	-0.94	0	1.2	0.000292953
0.316667	-0.9	0	1.2	0.000208711
0.316667	-0.86	0	1.2	0.000136659
0.316667	-0.82	0	1.2	9.04086e-05
0.316667	-0.78	0	1.2	6.39943e-05
0.316667	-0.74	0	1.2	4.22129e-05
0.316667	-0.7	0	1.2	2.8884e-05
0.316667	-0.66	0	1.2	1.91667e-05
0.316667	-0.62	0	1.2	1.23765e-05
0.316667	-0.58	0	1.2	8.36205e-06
0.316667	-0.54	0	1.2	5.92339e-06
0.316667	-0.5	0	1.2	3.795e-06
0.316667	-0.46	0	1.2	2.7055e-06
0.316667	-0.42	0	1.2	1.78357e-06
0.316667	-0.38	0	1.2	0.0259949
0.316667	-0.34	0	1.2	0.0372847
0.316667	-0.3	0	1.2	0.0507631
0.316667	-0.26	0	1.2	0.0716008
0.316667	-0.22	0	1.2	0.0986555
0.316667	-0.18	0	1.2	0.113566
0.316667	-0.14	0	1.2	0.145705
0.316667	-0.1	0	1.2	0.182163
0.316667	-0.06	0	1.2	0.198487
0.316667	-0.02	0	1.2	0.232612
0.316667	0.02	0	1.2	0.242285
0.316667	0.06	0	1.2	0.276224
0.316667	0.1	0	1.2	0.276741
0.316667	0.14	0	1.2	0.256361
0.316667	0.18	0	1.2	0.239915
0.316667	0.22	0	1.2	0.228781
0.316667	0.26	0	1.2	0.234664
0.316667	0.3	0	1.2	0.178368
0.316667	0.34	0	1.2	0.148163
0.316667	0.38	0	1.2	0.113849
0.316667	0.42	0	1.2	0.0968938
0.316667	0.46	0	1.2	0.067929
0.316667	0.5	0	1.2	0.0515042
0.316667	0.54	0	1.2	0.0389876
0.316667	0.58	0	1.2	0.0267632
0.316667	0.62	0	1.2	0.0193372
0.316667	0.66	0	1.2	0.0137684
0.316667	0.7	0	1.2	0.00999122
0.316667	0.74	0	1.2	0.00677208
0.316667	0.78	0	1.2	0.00435046
0.316667	0.82	0	1.2	0.00305612
0.316667	0.86	0	1.2	0.00217843
0.316667	0.9	0	1.2	0.00149046
0.316667	0.94	0	1.2	0.000972988
0.316667	0.98	0	1.2	0.000628573
0.35	-0.98	0	1.2	0.000404185
0.35	-0.94	0	1.2	0.000273382
0.35	-0.9	0	1.2	0.000187778
0.35	-0.86	0	1.2	0.000121976
0.35	-0.82	0	1.2	8.85087e-05
0.35	-0.78	0	1.2	6.03365e-05
0.35	-0.74	0	1.2	4.25827e-05
0.35	-0.7	0	1.2	2.66656e-05
0.35	-0.66	0	1.2	1.77249e-05
0.35	-0.62	0	1.2	1.24585e-05
0.35	-0.58	0	1.2	8.45019e-06
0.35	-0.54	0	1.2	5.26024e-06
0.35	-0.5	0	1.2	3.6717e-06
0.35	-0.46	0	1.2	2.54727e-06
0.35	-0.42	0	1.2	1.76524e-06
0.35	-0.38	0	1.2	0.0224295
0.35	-0.34	0	1.2	0.0320497
0.35	-0.3	0	1.2	0.0457084
0.35	-0.26	0	1.2	0.0614441
0.35	-0.22	0	1.2	0.0818712
0.35	-0.18	0	1.2	0.101164
0.35	-0.14	0	1.2	0.127121
0.35	-0.1	0	1.2	0.154589
0.35	-0.06	0	1.2	0.167913
0.35	-0.02	0	1.2	0.200143
0.35	0.02	0	1.2	0.224735
0.35	0.06	0	1.2	0.238534
0.35	0.1	0	1.2	0.21804
0.35	0.14	0	1.2	0.230547
0.35	0.18	0	1.2	0.223213
0.35	0.22	0	1.2	0.200143
0.35	0.26	0	1.2	0.17083
0.35	0.3	0	1.2	0.156023
0.35	0.34	0	1.2	0.127121
0.35	0.38	0	1.2	0.0977999
0.35	0.42	0	1.2	0.0771768
0.35	0.46	0	1.2	0.0614441
0.35	0.5	0	1.2	0.0457084
0.35	0.54	0	1.2	0.0324377
0.35	0.58	0	1.2	0.0242708
0.35	0.62	0	1.2	0.0183883
0.35	0.66	0	1.2	0.0117646
0.35	0.7	0	1.2	0.00797967
0.35	0.74	0	1.2	0.00569952
0.35	0.78	0	1.2	0.00402957
0.35	0.82	0	1.2	0.00260548
0.35	0.86	0	1.2	0.0020555
0.35	0.9	0	1.2	0.00133395
0.35	0.94	0	1.2	0.000859279
0.35	0.98	0	1.2	0.000603794
0.383333	-0.98	0	1.2	0.000352759
0.383333	-0.94	0	1.2	0.000246509
0.383333	-0.9	0	1.2	0.000166277
0.383333	-0.86	0	1.2	0.000115582
0.383333	-0.82	0	1.2	7.76091e-05
0.383333	-0.78	0	1.2	5.47145e-05
0.383333	-0.74	0	1.2	3.65121e-05
0.383333	-0.7	0	1.2	2.54463e-05
0.383333	-0.66	0	1.2	1.74719e-05
0.383333	-0.62	0	1.2	1.18266e-05
0.383333	-0.58	0	1.2	8.77738e-06
0.383333	-0.54	0	1.2	5.45858e-06
0.383333	-0.5	0	1.2	3.45796e-06
0.383333	-0.46	0	1.2	2.39169e-06
0.383333	-0.42	0	1.2	1.64887e-06
0.383333	-0.38	0	1.2	0.0202787
0.383333	-0.34	0	1.2	0.0276068
0.383333	-0.3	0	1.2	0.0393545
0.383333	-0.26	0	1.2	0.0499364
0.383333	-0.22	0	1.2	0.0674845
0.383333	-0.18	0	1.2	0.0882383
0.383333	-0.14	0	1.2	0.112815
0.383333	-0.1	0	1.2	0.131949
0.383333	-0.06	0	1.2	0.147845
0.383333	-0.02	0	1.2	0.178619
0.383333	0.02	0	1.2	0.186049
0.383333	0.06	0	1.2	0.195056
0.383333	0.1	0	1.2	0.190163
0.383333	0.14	0	1.2	0.197278
0.383333	0.18	0	1.2	0.177592
0.383333	0.22	0	1.2	0.162275
0.383333	0.26	0	1.2	0.144036
0.383333	0.3	0	1.2	0.133438
0.383333	0.34	0	1.2	0.10265
0.383333	0.38	0	1.2	0.0850369
0.383333	0.42	0	1.2	0.0665428
0.383333	0.46	0	1.2	0.0512568
0.383333	0.5	0	1.2	0.0388154
0.383333	0.54	0	1.2	0.02655
0.383333	0.58	0	1.2	0.0213787
0.383333	0.62	0	1.2	0.0151921
0.383333	0.66	0	1.2	0.0100355
0.383333	0.7	0	1.2	0.00732623
0.383333	0.74	0	1.2	0.0051523
0.383333	0.78	0	1.2	0.00372856
0.383333	0.82	0	1.2	0.00232792
0.383333	0.86	0	1.2	0.00156156
0.383333	0.9	0	1.2	0.00120357
0.383333	0.94	0	1.2	0.000823465
0.383333	0.98	0	1.2	0.00055332
0.416667	-0.98	0	1.2	0.000344798
0.416667	-0.94	0	1.2	0.000235533
0.416667	-0.9	0	1.2	0.000157697
0.416667	-0.86	0	1.2	0.000111894
0.416667	-0.82	0	1.2	7.26933e-05
0.416667	-0.78	0	1.2	5.37962e-05
0.416667	-0.74	0	1.2	3.27986e-05
0.416667	-0.7	0	1.2	2.39537e-05
0.416667	-0.66	0	1.2	1.69571e-05
0.416667	-0.62	0	1.2	1.04657e-05
0.416667	-0.58	0	1.2	7.66593e-06
0.416667	-0.54	0	1.2	5.1486e-06
0.416667	-0.5	0	1.2	3.09387e-06
0.416667	-0.46	0	1.2	2.11471e-06
0.416667	-0.42	0	1.2	1.42343e-06
0.416667	-0.38	0	1.2	0.0170374
0.416667	-0.34	0	1.2	0.0238426
0.416667	-0.3	0	1.2	0.0341344
0.416667	-0.26	0	1.2	0.0425103
0.416667	-0.22	0	1.2	0.0588449
0.416667	-0.18	0	1.2	0.0757991
0.416667	-0.14	0	1.2	0.0841222
0.416667	-0.1	0	1.2	0.104963
0.416667	-0.06	0	1.2	0.121364
0.416667	-0.02	0	1.2	0.126323
0.416667	0.02	0	1.2	0.153481
0.416667	0.06	0	1.2	0.151625
0.416667	0.1	0	1.2	0.159684
0.416667	0.14	0	1.2	0.148015
0.416667	0.18	0	1.2	0.148674
0.416667	0.22	0	1.2	0.132955
0.416667	0.26	0	1.2	0.126421
0.416667	0.3	0	1.2	0.0977071
0.416667	0.34	0	1.2	0.0873499
0.416667	0.38	0	1.2	0.0733487
0.416667	0.42	0	1.2	0.0539519
0.416667	0.46	0	1.2	0.0425103
0.416667	0.5	0	1.2	0.0315202
0.416667	0.54	0	1.2	0.0244511
0.416667	0.58	0	1.2	0.0170778
0.416667	0.62	0	1.2	0.0115271
0.416667	0.66	0	1.2	0.00918413
0.416667	0.7	0	1.2	0.00629621
0.416667	0.74	0	1.2	0.00453094
0.416667	0.78	0	1.2	0.00308156
0.416667	0.82	0	1.2	0.00211965
0.416667	0.86	0	1.2	0.00147304
0.416667	0.9	0	1.2	0.00106853
0.416667	0.94	0	1.2	0.000683093
0.416667	0.98	0	1.2	0.00048668
0.45	-0.98	0	1.2	0.000296622
0.45	-0.94	0	1.2	0.00021019
0.45	-0.9	0	1.2	0.000137967
0.45	-0.86	0	1.2	9.49682e-05
0.45	-0.82	0	1.2	7.08382e-05
0.45	-0.78	0	1.2	4.59593e-05
0.45	-0.74	0	1.2	3.03469e-05
0.45	-0.7	0	1.2	2.02884e-05
0.45	-0.66	0	1.2	1.37122e-05
0.45	-0.62	0	1.2	9.48602e-06
0.45	-0.58	0	1.2	6.29219e-06
0.45	-0.54	0	1.2	4.34642e-06
0.45	-0.5	0	1.2	2.864e-06
0.45	-0.46	0	1.2	2.10652e-06
0.45	-0.42	0	1.2	1.4146e-06
0.45	-0.38	0	1.2	0.0151541
0.45	-0.34	0	1.2	0.0214152
0.45	-0.3	0	1.2	0.0261128
0.45	-0.26	0	1.2	0.0351021
0.45	-0.22	0	1.2	0.0429071
0.45	-0.18	0	1.2	0.052017
0.45	-0.14	0	1.2	0.0640959
0.45	-0.1	0	1.2	0.0833203
0.45	-0.06	0	1.2	0.0965835
0.45	-0.02	0	1.2	0.102194
0.45	0.02	0	1.2	0.117054
0.45	0.06	0	1.2	0.121919
0.45	0.1	0	1.2	0.129794
0.45	0.14	0	1.2	0.12793
0.45	0.18	0	1.2	0.116509
0.45	0.22	0	1.2	0.10545
0.45	0.26	0	1.2	0.094576
0.45	0.3	0	1.2	0.0835127
0.45	0.34	0	1.2	0.0687663
0.45	0.38	0	1.2	0.056996
0.45	0.42	0	1.2	0.043946
0.45	0.46	0	1.2	0.0360682
0.45	0.5	0	1.2	0.0259905
0.45	0.54	0	1.2	0.0212326
0.45	0.58	0	1.2	0.0138101
0.45	0.62	0	1.2	0.0101367
0.45	0.66	0	1.2	0.00713549
0.45	0.7	0	1.2	0.00569228
0.45	0.74	0	1.2	0.00380984
0.45	0.78	0	1.2	0.00265104
0.45	0.82	0	1.2	0.00189638
0.45	0.86	0	1.2	0.001289
0.45	0.9	0	1.2	0.000914763
0.45	0.94	0	1.2	0.000614474
0.45	0.98	0	1.2	0.000421367
0.483333	-0.98	0	1.2	0.000270866
0.483333	-0.94	0	1.2	0.000184924
0.483333	-0.9	0	1.2	0.000125664
0.483333	-0.86	0	1.2	8.92579e-05
0.483333	-0.82	0	1.2	6.40581e-05
0.483333	-0.78	0	1.2	3.95275e-05
0.483333	-0.74	0	1.2	2.87505e-05
0.483333	-0.7	0	1.2	1.96534e-05
0.483333	-0.66	0	1.2	1.26886e-05
0.483333	-0.62	0	1.2	9.29746e-06
0.483333	-0.58	0	1.2	6.30667e-06
0.483333	-0.54	0	1.2	4.15848e-06
0.483333	-0.5	0	1.2	2.74338e-06
0.483333	-0.46	0	1.2	1.9936e-06
0.483333	-0.42	0	1.2	1.27541e-06
0.483333	-0.38	0	1.2	0.0115385
0.483333	-0.34	0	1.2	0.0155828
0.483333	-0.3	0	1.2	0.0211374
0.483333	-0.26	0	1.2	0.0270842
0.483333	-0.22	0	1.2	0.0341072
0.483333	-0.18	0	1.2	0.0447948
0.483333	-0.14	0	1.2	0.0551259
0.483333	-0.1	0	1.2	0.0619642
0.483333	-0.06	0	1.2	0.0728103
0.483333	-0.02	0	1.2	0.083919
0.483333	0.02	0	1.2	0.0942545
0.483333	0.06	0	1.2	0.0954757
0.483333	0.1	0	1.2	0.0988707
0.483333	0.14	0	1.2	0.0952537
0.483333	0.18	0	1.2	0.0936205
0.483333	0.22	0	1.2	0.0813878
0.483333	0.26	0	1.2	0.0754169
0.483333	0.3	0	1.2	0.0657242
0.483333	0.34	0	1.2	0.0518386
0.483333	0.38	0	1.2	0.0442776
0.483333	0.42	0	1.2	0.0337769
0.483333	0.46	0	1.2	0.0279225
0.483333	0.5	0	1.2	0.0209892
0.483333	0.54	0	1.2	0.0163638
0.483333	0.58	0	1.2	0.0120078
0.483333	0.62	0	1.2	0.00835815
0.483333	0.66	0	1.2	0.00615187
0.483333	0.7	0	1.2	0.00444471
0.483333	0.74	0	1.2	0.00330756
0.483333	0.78	0	1.2	0.00243606
0.483333	0.82	0	1.2	0.00151435
0.483333	0.86	0	1.2	0.00123725
0.483333	0.9	0	1.2	0.00083886
0.483333	0.94	0	1.2	0.000549443
0.483333	0.98	0	1.2	0.00036714
0.516667	-0.98	0	1.2	0.000232844
0.516667	-0.94	0	1.2	0.000154417
0.516667	-0.9	0	1.2	0.000105575
0.516667	-0.86	0	1.2	7.36273e-05
0.516667	-0.82	0	1.2	5.33436e-05
0.516667	-0.78	0	1.2	3.69538e-05
0.516667	-0.74	0	1.2	2.66093e-05
0.516667	-0.7	0	1.2	1.70457e-05
0.516667	-0.66	0	1.2	1.26356e-05
0.516667	-0.62	0	1.2	8.11697e-06
0.516667	-0.58	0	1.2	5.23777e-06
0.516667	-0.54	0	1.2	3.81149e-06
0.516667	-0.5	0	1.2	2.44359e-06
0.516667	-0.46	0	1.2	1.74205e-06
0.516667	-0.42	0	1.2	1.20243e-06
0.516667	-0.38	0	1.2	0.00930036
0.516667	-0.34	0	1.2	0.0128991
0.516667	-0.3	0	1.2	0.015837
0.516667	-0.26	0	1.2	0.0215747
0.516667	-0.22	0	1.2	0.0287688
0.516667	-0.18	0	1.2	0.0332776
0.516667	-0.14	0	1.2	0.0412922
0.516667	-0.1	0	1.2	0.0477005
0.516667	-0.06	0	1.2	0.0603464
0.516667	-0.02	0	1.2	0.0632445
0.516667	0.02	0	1.2	0.0706007
0.516667	0.06	0	1.2	0.0729071
0.516667	0.1	0	1.2	0.0770156
0.516667	0.14	0	1.2	0.0702006
0.516667	0.18	0	1.2	0.0715678
0.516667	0.22	0	1.2	0.0638398
0.516667	0.26	0	1.2	0.0587478
0.516667	0.3	0	1.2	0.0488583
0.516667	0.34	0	1.2	0.0414879
0.516667	0.38	0	1.2	0.0356143
0.516667	0.42	0	1.2	0.026825
0.516667	0.46	0	1.2	0.0217787
0.516667	0.5	0	1.2	0.0169401
0.516667	0.54	0	1.2	0.0132283
0.516667	0.58	0	1.2	0.00970375
0.516667	0.62	0	1.2	0.00725912
0.516667	0.66	0	1.2	0.00498365
0.516667	0.7	0	1.2	0.00366545
0.516667	0.74	0	1.2	0.00288894
0.516667	0.78	0	1.2	0.00190087
0.516667	0.82	0	1.2	0.00144581
0.516667	0.86	0	1.2	0.000926137
0.516667	0.9	0	1.2	0.000708541
0.516667	0.94	0	1.2	0.000449405
0.516667	0.98	0	1.2	0.000323767
0.55	-0.98	0	1.2	0.000212836
0.55	-0.94	0	1.2	0.000142498
0.55	-0.9	0	1.2	0.000105229
0.55	-0.86	0	1.2	7.31427e-05
0.55	-0.82	0	1.2	4.77738e-05
0.55	-0.78	0	1.2	3.20871e-05
0.55	-0.74	0	1.2	2.21186e-05
0.55	-0.7	0	1.2	1.52213e-05
0.55	-0.66	0	1.2	1.0311e-05
0.55	-0.62	0	1.2	7.12534e-06
0.55	-0.58	0	1.2	5.00984e-06
0.55	-0.54	0	1.2	3.14377e-06
0.55	-0.5	0	1.2	2.33335e-06
0.55	-0.46	0	1.2	1.55663e-06
0.55	-0.42	0	1.2	1.02933e-06
0.55	-0.38	0	1.2	0.00732589
0.55	-0.34	0	1.2	0.01034
0.55	-0.3	0	1.2	0.0147028
0.55	-0.26	0	1.2	0.0168759
0.55	-0.22	0	1.2	0.022217
0.55	-0.18	0	1.2	0.0259284
0.55	-0.14	0	1.2	0.0309729
0.55	-0.1	0	1.2	0.038546
0.55	-0.06	0	1.2	0.0421246
0.55	-0.02	0	1.2	0.0471089
0.55	0.02	0	1.2	0.0547753
0.55	0.06	0	1.2	0.0514291
0.55	0.1	0	1.2	0.0541748
0.55	0.14	0	1.2	0.0516831
0.55	0.18	0	1.2	0.0510186
0.55	0.22	0	1.2	0.0494643
0.55	0.26	0	1.2	0.0427292
0.55	0.3	0	1.2	0.0366099
0.55	0.34	0	1.2	0.0322447
0.55	0.38	0	1.2	0.0289058
0.55	0.42	0	1.2	0.0225689
0.55	0.46	0	1.2	0.0169556
0.55	0.5	0	1.2	0.0133351
0.55	0.54	0	1.2	0.0105545
0.55	0.58	0	1.2	0.00766789
0.55	0.62	0	1.2	0.00565343
0.55	0.66	0	1.2	0.00429056
0.55	0.7	0	1.2	0.00302001
0.55	0.74	0	1.2	0.00217322
0.55	0.78	0	1.2	0.00159402
0.55	0.82	0	1.2	0.00111815
0.55	0.86	0	1.2	0.000796973
0.55	0.9	0	1.2	0.000555753
0.55	0.94	0	1.2	0.000416413
0.55	0.98	0	1.2	0.000286185
0.583333	-0.98	0	1.2	0.000167298
0.583333	-0.94	0	1.2	0.000110155
0.583333	-0.9	0	1.2	8.4276e-05
0.583333	-0.86	0	1.2	5.98174e-05
0.583333	-0.82	0	1.2	3.89845e-05
0.583333	-0.78	0	1.2	2.70312e-05
0.583333	-0.74	0	1.2	1.9945e-05
0.583333	-0.7	0	1.2	1.37749e-05
0.583333	-0.66	0	1.2	9.8472e-06
0.583333	-0.62	0	1.2	6.52227e-06
0.583333	-0.58	0	1.2	4.60731e-06
0.583333	-0.54	0	1.2	3.02752e-06
0.583333	-0.5	0	1.2	2.03659e-06
0.583333	-0.46	0	1.2	1.36125e-06
0.583333	-0.42	0	1.2	9.49416e-07
0.583333	-0.38	0	1.2	0.00632838
0.583333	-0.34	0	1.2	0.00803947
0.583333	-0.3	0	1.2	0.010858
0.583333	-0.26	0	1.2	0.0125171
0.583333	-0.22	0	1.2	0.0166434
0.583333	-0.18	0	1.2	0.0206158
0.583333	-0.14	0	1.2	0.0246896
0.583333	-0.1	0	1.2	0.0281363
0.583333	-0.06	0	1.2	0.0322812
0.583333	-0.02	0	1.2	0.0331094
0.583333	0.02	0	1.2	0.0346788
0.583333	0.06	0	1.2	0.0390091
0.583333	0.1	0	1.2	0.0380711
0.583333	0.14	0	1.2	0.0361824
0.583333	0.18	0	1.2	0.0390024
0.583333	0.22	0	1.2	0.0344471
0.583333	0.26	0	1.2	0.0319041
0.583333	0.3	0	1.2	0.0274081
0.583333	0.34	0	1.2	0.0244631
0.583333	0.38	0	1.2	0.0194337
0.583333	0.42	0	1.2	0.0149057
0.583333	0.46	0	1.2	0.0123935
0.583333	0.5	0	1.2	0.0105665
0.583333	0.54	0	1.2	0.00807703
0.583333	0.58	0	1.2	0.00619952
0.583333	0.62	0	1.2	0.00476271
0.583333	0.66	0	1.2	0.00334399
0.583333	0.7	0	1.2	0.00258834
0.583333	0.74	0	1.2	0.00176573
0.583333	0.78	0	1.2	0.00132084
0.583333	0.82	0	1.2	0.00100077
0.583333	0.86	0	1.2	0.000688979
0.583333	0.9	0	1.2	0.000499802
0.583333	0.94	0	1.2	0.000371331
0.583333	0.98	0	1.2	0.000244259
0.616667	-0.98	0	1.2	0.000137865
0.616667	-0.94	0	1.2	9.63819e-05
0.616667	-0.9	0	1.2	7.14141e-05
0.616667	-0.86	0	1.2	4.80762e-05
0.616667	-0.82	0	1.2	3.48901e-05
0.616667	-0.78	0	1.2	2.41189e-05
0.616667	-0.74	0	1.2	1.76813e-05
0.616667	-0.7	0	1.2	1.16429e-05
0.616667	-0.66	0	1.2	8.57729e-06
0.616667	-0.62	0	1.2	5.69732e-06
0.616667	-0.58	0	1.2	3.82741e-06
0.616667	-0.54	0	1.2	2.79361e-06
0.616667	-0.5	0	1.2	1.8119e-06
0.616667	-0.46	0	1.2	1.29504e-06
0.616667	-0.42	0	1.2	8.57448e-07
0.616667	-0.38	0	1.2	0.00484329
0.616667	-0.34	0	1.2	0.00618124
0.616667	-0.3	0	1.2	0.00850732
0.616667	-0.26	0	1.2	0.00973457
0.616667	-0.22	0	1.2	0.0124157
0.616667	-0.18	0	1.2	0.0158714
0.616667	-0.14	0	1.2	0.0170457
0.616667	-0.1	0	1.2	0.0218288
0.616667	-0.06	0	1.2	0.0244585
0.616667	-0.02	0	1.2	0.0268765
0.616667	0.02	0	1.2	0.0289337
0.616667	0.06	0	1.2	0.0303502
0.616667	0.1	0	1.2	0.0301596
0.616667	0.14	0	1.2	0.0285486
0.616667	0.18	0	1.2	0.0268101
0.616667	0.22	0	1.2	0.0249611
0.616667	0.26	0	1.2	0.0227794
0.616667	0.3	0	1.2	0.021088
0.616667	0.34	0	1.2	0.0185334
0.616667	0.38	0	1.2	0.0160502
0.616667	0.42	0	1.2	0.0128275
0.616667	0.46	0	1.2	0.00973457
0.616667	0.5	0	1.2	0.00782974
0.616667	0.54	0	1.2	0.005961
0.616667	0.58	0	1.2	0.00492231
0.616667	0.62	0	1.2	0.00372813
0.616667	0.66	0	1.2	0.00279163
0.616667	0.7	0	1.2	0.00203109
0.616667	0.74	0	1.2	0.00152018
0.616667	0.78	0	1.2	0.00109246
0.616667	0.82	0	1.2	0.000814755
0.616667	0.86	0	1.2	0.000588579
0.616667	0.9	0	1.2	0.000403535
0.616667	0.94	0	1.2	0.000292564
0.616667	0.98	0	1.2	0.000208656
0.65	-0.98	0	1.2	0.000123064
0.65	-0.94	0	1.2	9.39579e-05
0.65	-0.9	0	1.2	6.48367e-05
0.65	-0.86	0	1.2	4.3138e-05
0.65	-0.82	0	1.2	3.19712e-05
0.65	-0.78	0	1.2	2.25569e-05
0.65	-0.74	0	1.2	1.48926e-05
0.65	-0.7	0	1.2	1.03639e-05
0.65	-0.66	0	1.2	7.12945e-06
0.65	-0.62	0	1.2	4.89445e-06
0.65	-0.58	0	1.2	3.30505e-06
0.65	-0.54	0	1.2	2.18748e-06
0.65	-0.5	0	1.2	1.64011e-06
0.65	-0.46	0	1.2	1.13216e-06
0.65	-0.42	0	1.2	7.87815e-07
0.65	-0.38	0	1.2	0.00394817
0.65	-0.34	0	1.2	0.00489717
0.65	-0.3	0	1.2	0.00603619
0.65	-0.26	0	1.2	0.00782253
0.65	-0.22	0	1.2	0.00952628
0.65	-0.18	0	1.2	0.0111915
0.65	-0.14	0	1.2	0.0142617
0.65	-0.1	0	1.2	0.0157721
0.65	-0.06	0	1.2	0.0177397
0.65	-0.02	0	1.2	0.018322
0.65	0.02	0	1.2	0.0201534
0.65	0.06	0	1.2	0.0207515
0.65	0.1	0	1.2	0.0218105
0.65	0.14	0	1.2	0.021207
0.65	0.18	0	1.2	0.0215617
0.65	0.22	0	1.2	0.0208163
0.65	0.26	0	1.2	0.0174921
0.65	0.3	0	1.2	0.01515
0.65	0.34	0	1.2	0.0133426
0.65	0.38	0	1.2	0.0116745
0.65	0.42	0	1.2	0.00932596
0.65	0.46	0	1.2	0.00791307
0.65	0.5	0	1.2	0.00589144
0.65	0.54	0	1.2	0.0051705
0.65	0.58	0	1.2	0.00378918
0.65	0.62	0	1.2	0.00296864
0.65	0.66	0	1.2	0.00224666
0.65	0.7	0	1.2	0.00164825
0.65	0.74	0	1.2	0.00112929
0.65	0.78	0	1.2	0.00088347
0.65	0.82	0	1.2	0.000660702
0.65	0.86	0	1.2	0.000493898
0.65	0.9	0	1.2	0.000338672
0.65	0.94	0	1.2	0.000241278
0.65	0.98	0	1.2	0.000173924
0.683333	-0.98	0	1.2	0.000104067
0.683333	-0.94	0	1.2	7.09492e-05
0.683333	-0.9	0	1.2	5.41476e-05
0.683333	-0.86	0	1.2	3.98374e-05
0.683333	-0.82	0	1.2	2.67692e-05
0.683333	-0.78	0	1.2	1.86711e-05
0.683333	-0.74	0	1.2	1.32593e-05
0.683333	-0.7	0	1.2	9.22173e-06
0.683333	-0.66	0	1.2	6.10391e-06
0.683333	-0.62	0	1.2	4.28692e-06
0.683333	-0.58	0	1.2	3.05448e-06
0.683333	-0.54	0	1.2	2.03776e-06
0.683333	-0.5	0	1.2	1.46438e-06
0.683333	-0.46	0	1.2	1.04452e-06
0.683333	-0.42	0	1.2	6.91169e-07
0.683333	-0.38	0	1.2	0.00291624
0.683333	-0.34	0	1.2	0.00343946
0.683333	-0.3	0	1.2	0.00472264
0.683333	-0.26	0	1.2	0.00529732
0.683333	-0.22	0	1.2	0.00697955
0.683333	-0.18	0	1.2	0.00819386
0.683333	-0.14	0	1.2	0.0100338
0.683333	-0.1	0	1.2	0.01184
0.683333	-0.06	0	1.2	0.0127959
0.683333	-0.02	0	1.2	0.0137771
0.683333	0.02	0	1.2	0.0160166
0.683333	0.06	0	1.2	0.0157798
0.683333	0.1	0	1.2	0.0156172
0.683333	0.14	0	1.2	0.0162212
0.683333	0.18	0	1.2	0.0152034
0.683333	0.22	0	1.2	0.014307
0.683333	0.26	0	1.2	0.0134312
0.683333	0.3	0	1.2	0.0115163
0.683333	0.34	0	1.2	0.0102688
0.683333	0.38	0	1.2	0.00907536
0.683333	0.42	0	1.2	0.00721387
0.683333	0.46	0	1.2	0.00558551
0.683333	0.5	0	1.2	0.00474476
0.683333	0.54	0	1.2	0.00357985
0.683333	0.58	0	1.2	0.00285449
0.683333	0.62	0	1.2	0.00225654
0.683333	0.66	0	1.2	0.00168129
0.683333	0.7	0	1.2	0.0013029
0.683333	0.74	0	1.2	0.00096294
0.683333	0.78	0	1.2	0.000678452
0.683333	0.82	0	1.2	0.00054524
0.683333	0.86	0	1.2	0.000402937
0.683333	0.9	0	1.2	0.000286627
0.683333	0.94	0	1.2	0.000192159
0.683333	0.98	0	1.2	0.000147615
0.716667	-0.98	0	1.2	8.34813e-05
0.716667	-0.94	0	1.2	6.53059e-05
0.716667	-0.9	0	1.2	4.80107e-05
0.716667	-0.86	0	1.2	3.09151e-05
0.716667	-0.82	0	1.2	2.17743e-05
0.716667	-0.78	0	1.2	1.55827e-05
0.716667	-0.74	0	1.2	1.17404e-05
0.716667	-0.7	0	1.2	7.72603e-06
0.716667	-0.66	0	1.2	5.69988e-06
0.716667	-0.62	0	1.2	3.7303e-06
0.716667	-0.58	0	1.2	2.49348e-06
0.716667	-0.54	0	1.2	1.85888e-06
0.716667	-0.5	0	1.2	1.21834e-06
0.716667	-0.46	0	1.2	8.37947e-07
0.716667	-0.42	0	1.2	5.95466e-07
0.716667	-0.38	0	1.2	0.00202347
0.716667	-0.34	0	1.2	0.00266074
0.716667	-0.3	0	1.2	0.00350371
0.716667	-0.26	0	1.2	0.00448956
0.716667	-0.22	0	1.2	0.00524681
0.716667	-0.18	0	1.2	0.00662294
0.716667	-0.14	0	1.2	0.00737125
0.716667	-0.1	0	1.2	0.00825346
0.716667	-0.06	0	1.2	0.00956535
0.716667	-0.02	0	1.2	0.0112018
0.716667	0.02	0	1.2	0.0109757
0.716667	0.06	0	1.2	0.0110521
0.716667	0.1	0	1.2	0.0114354
0.716667	0.14	0	1.2	0.0111587
0.716667	0.18	0	1.2	0.0107962
0.716667	0.22	0	1.2	0.0106236
0.716667	0.26	0	1.2	0.0092119
0.716667	0.3	0	1.2	0.00855034
0.716667	0.34	0	1.2	0.00719781
0.716667	0.38	0	1.2	0.00666759
0.716667	0.42	0	1.2	0.00537203
0.716667	0.46	0	1.2	0.00429302
0.716667	0.5	0	1.2	0.00356252
0.716667	0.54	0	1.2	0.00276824
0.716667	0.58	0	1.2	0.00228303
0.716667	0.62	0	1.2	0.00183847
0.716667	0.66	0	1.2	0.00129342
0.716667	0.7	0	1.2	0.00102271
0.716667	0.74	0	1.2	0.000819689
0.716667	0.78	0	1.2	0.000604086
0.716667	0.82	0	1.2	0.000455659
0.716667	0.86	0	1.2	0.000308562
0.716667	0.9	0	1.2	0.000236863
0.716667	0.94	0	1.2	0.000170115
0.716667	0.98	0	1.2	0.000124906
0.75	-0.98	0	1.2	6.77554e-05
0.75	-0.94	0	1.2	5.09513e-05
0.75	-0.9	0	1.2	3.66839e-05
0.75	-0.86	0	1.2	2.73007e-05
0.75	-0.82	0	1.2	1.97668e-05
0.75	-0.78	0	1.2	1.41338e-05
0.75	-0.74	0	1.2	9.47594e-06
0.75	-0.7	0	1.2	6.78445e-06
0.75	-0.66	0	1.2	4.74464e-06
0.75	-0.62	0	1.2	3.14861e-06
0.75	-0.58	0	1.2	2.33051e-06
0.75	-0.54	0	1.2	1.64861e-06
0.75	-0.5	0	1.2	1.11152e-06
0.75	-0.46	0	1.2	7.85316e-07
0.75	-0.42	0	1.2	5.18508e-07
0.75	-0.38	0	1.2	0.00178904
0.75	-0.34	0	1.2	0.00210848
0.75	-0.3	0	1.2	0.00273722
0.75	-0.26	0	1.2	0.00338377
0.75	-0.22	0	1.2	0.00381503
0.75	-0.18	0	1.2	0.00462505
0.75	-0.14	0	1.2	0.00568839
0.75	-0.1	0	1.2	0.00631122
0.75	-0.06	0	1.2	0.00670582
0.75	-0.02	0	1.2	0.00747747
0.75	0.02	0	1.2	0.00821634
0.75	0.06	0	1.2	0.00863381
0.75	0.1	0	1.2	0.00803806
0.75	0.14	0	1.2	0.00844153
0.75	0.18	0	1.2	0.00777121
0.75	0.22	0	1.2	0.00707564
0.75	0.26	0	1.2	0.00691488
0.75	0.3	0	1.2	0.00636912
0.75	0.34	0	1.2	0.00563737
0.75	0.38	0	1.2	0.00503249
0.75	0.42	0	1.2	0.00406688
0.75	0.46	0	1.2	0.0031587
0.75	0.5	0	1.2	0.00280073
0.75	0.54	0	1.2	0.00219548
0.75	0.58	0	1.2	0.00166299
0.75	0.62	0	1.2	0.00139668
0.75	0.66	0	1.2	0.00104288
0.75	0.7	0	1.2	0.00080898
0.75	0.74	0	1.2	0.000635666
0.75	0.78	0	1.2	0.000467387
0.75	0.82	0	1.2	0.000333401
0.75	0.86	0	1.2	0.000257675
0.75	0.9	0	1.2	0.000187778
0.75	0.94	0	1.2	0.000140803
0.75	0.98	0	1.2	0.000103047
0.783333	-0.98	0	1.2	5.62766e-05
0.783333	-0.94	0	1.2	4.37393e-05
0.783333	-0.9	0	1.2	3.22302e-05
0.783333	-0.86	0	1.2	2.14038e-05
0.783333	-0.82	0	1.2	1.55529e-05
0.783333	-0.78	0	1.2	1.11256e-05
0.783333	-0.74	0	1.2	8.23217e-06
0.783333	-0.7	0	1.2	5.78379e-06
0.783333	-0.66	0	1.2	4.11738e-06
0.783333	-0.62	0	1.2	2.81122e-06
0.783333	-0.58	0	1.2	1.97301e-06
0.783333	-0.54	0	1.2	1.42688e-06
0.783333	-0.5	0	1.2	9.90256e-07
0.783333	-0.46	0	1.2	6.55894e-07
0.783333	-0.42	0	1.2	4.76316e-07
0.783333	-0.38	0	1.2	0.00131968
0.783333	-0.34	0	1.2	0.00180777
0.783333	-0.3	0	1.2	0.00209321
0.783333	-0.26	0	1.2	0.00248187
0.783333	-0.22	0	1.2	0.00288656
0.783333	-0.18	0	1.2	0.00357294
0.783333	-0.14	0	1.2	0.00416094
0.783333	-0.1	0	1.2	0.00438137
0.783333	-0.06	0	1.2	0.00519638
0.783333	-0.02	0	1.2	0.00552439
0.783333	0.02	0	1.2	0.00570235
0.783333	0.06	0	1.2	0.00584728
0.783333	0.1	0	1.2	0.00592921
0.783333	0.14	0	1.2	0.00584728
0.783333	0.18	0	1.2	0.00578266
0.783333	0.22	0	1.2	0.00539797
0.783333	0.26	0	1.2	0.00484607
0.783333	0.3	0	1.2	0.00469809
0.783333	0.34	0	1.2	0.00410484
0.783333	0.38	0	1.2	0.00361354
0.783333	0.42	0	1.2	0.00296963
0.783333	0.46	0	1.2	0.00258624
0.783333	0.5	0	1.2	0.00203586
0.783333	0.54	0	1.2	0.00171467
0.783333	0.58	0	1.2	0.00133521
0.783333	0.62	0	1.2	0.00105989
0.783333	0.66	0	1.2	0.000812214
0.783333	0.7	0	1.2	0.000631699
0.783333	0.74	0	1.2	0.000473937
0.783333	0.78	0	1.2	0.000372765
0.783333	0.82	0	1.2	0.000274893
0.783333	0.86	0	1.2	0.000203495
0.783333	0.9	0	1.2	0.000145668
0.783333	0.94	0	1.2	0.000116549
0.783333	0.98	0	1.2	7.83403e-05
0.816667	-0.98	0	1.2	4.70144e-05
0.816667	-0.94	0	1.2	3.39583e-05
0.816667	-0.9	0	1.2	2.39906e-05
0.816667	-0.86	0	1.2	1.76397e-05
0.816667	-0.82	0	1.2	1.35625e-05
0.816667	-0.78	0	1.2	9.61199e-06
0.816667	-0.74	0	1.2	6.69308e-06
0.816667	-0.7	0	1.2	4.86718e-06
0.816667	-0.66	0	1.2	3.36006e-06
0.816667	-0.62	0	1.2	2.44062e-06
0.816667	-0.58	0	1.2	1.58104e-06
0.816667	-0.54	0	1.2	1.21668e-06
0.816667	-0.5	0	1.2	8.0053e-07
0.816667	-0.46	0	1.2	6.18741e-07
0.816667	-0.42	0	1.2	4.0258e-07
0.816667	-0.38	0	1.2	0.00102208
0.816667	-0.34	0	1.2	0.00118588
0.816667	-0.3	0	1.2	0.00155105
0.816667	-0.26	0	1.2	0.00188229
0.816667	-0.22	0	1.2	0.00205335
0.816667	-0.18	0	1.2	0.00246595
0.816667	-0.14	0	1.2	0.00313168
0.816667	-0.1	0	1.2	0.00319614
0.816667	-0.06	0	1.2	0.00388448
0.816667	-0.02	0	1.2	0.004027
0.816667	0.02	0	1.2	0.00419588
0.816667	0.06	0	1.2	0.00421726
0.816667	0.1	0	1.2	0.00462702
0.816667	0.14	0	1.2	0.00420729
0.816667	0.18	0	1.2	0.00430198
0.816667	0.22	0	1.2	0.00392656
0.816667	0.26	0	1.2	0.00354596
0.816667	0.3	0	1.2	0.00320383
0.816667	0.34	0	1.2	0.00294706
0.816667	0.38	0	1.2	0.00267493
0.816667	0.42	0	1.2	0.0021916
0.816667	0.46	0	1.2	0.00189093
0.816667	0.5	0	1.2	0.00154746
0.816667	0.54	0	1.2	0.00135278
0.816667	0.58	0	1.2	0.000958344
0.816667	0.62	0	1.2	0.00074576
0.816667	0.66	0	1.2	0.000618957
0.816667	0.7	0	1.2	0.000489461
0.816667	0.74	0	1.2	0.00034413
0.816667	0.78	0	1.2	0.000280726
0.816667	0.82	0	1.2	0.000215376
0.816667	0.86	0	1.2	0.000165823
0.816667	0.9	0	1.2	0.000126098
0.816667	0.94	0	1.2	9.47919e-05
0.816667	0.98	0	1.2	6.78553e-05
0.85	-0.98	0	1.2	3.6627e-05
0.85	-0.94	0	1.2	2.9493e-05
0.85	-0.9	0	1.2	1.98954e-05
0.85	-0.86	0	1.2	1.47351e-05
0.85	-0.82	0	1.2	1.10156e-05
0.85	-0.78	0	1.2	7.86029e-06
0.85	-0.74	0	1.2	5.99743e-06
0.85	-0.7	0	1.2	3.86446e-06
0.85	-0.66	0	1.2	2.79548e-06
0.85	-0.62	0	1.2	2.00615e-06
0.85	-0.58	0	1.2	1.42544e-06
0.85	-0.54	0	1.2	1.06e-06
0.85	-0.5	0	1.2	6.97498e-07
0.85	-0.46	0	1.2	4.89708e-07
0.85	-0.42	0	1.2	3.44739e-07
0.85	-0.38	0	1.2	0.000720133
0.85	-0.34	0	1.2	0.00102377
0.85	-0.3	0	1.2	0.00116388
0.85	-0.26	0	1.2	0.00139057
0.85	-0.22	0	1.2	0.00163557
0.85	-0.18	0	1.2	0.00190514
0.85	-0.14	0	1.2	0.00219049
0.85	-0.1	0	1.2	0.0025394
0.85	-0.06	0	1.2	0.00265166
0.85	-0.02	0	1.2	0.00282596
0.85	0.02	0	1.2	0.00298528
0.85	0.06	0	1.2	0.00316735
0.85	0.1	0	1.2	0.00323004
0.85	0.14	0	1.2	0.00314585
0.85	0.18	0	1.2	0.00281866
0.85	0.22	0	1.2	0.00285889
0.85	0.26	0	1.2	0.00259042
0.85	0.3	0	1.2	0.00246685
0.85	0.34	0	1.2	0.00224039
0.85	0.38	0	1.2	0.00185259
0.85	0.42	0	1.2	0.00158269
0.85	0.46	0	1.2	0.00133931
0.85	0.5	0	1.2	0.00120669
0.85	0.54	0	1.2	0.000953315
0.85	0.58	0	1.2	0.000775528
0.85	0.62	0	1.2	0.000640049
0.85	0.66	0	1.2	0.000480731
0.85	0.7	0	1.2	0.000376482
0.85	0.74	0	1.2	0.000293223
0.85	0.78	0	1.2	0.000226757
0.85	0.82	0	1.2	0.000175035
0.85	0.86	0	1.2	0.000127318
0.85	0.9	0	1.2	9.45243e-05
0.85	0.94	0	1.2	7.68139e-05
0.85	0.98	0	1.2	4.77935e-05
0.883333	-0.98	0	1.2	3.13783e-05
0.883333	-0.94	0	1.2	2.28584e-05
0.883333	-0.9	0	1.2	1.62837e-05
0.883333	-0.86	0	1.2	1.29671e-05
0.883333	-0.82	0	1.2	8.3629e-06
0.883333	-0.78	0	1.2	6.14453e-06
0.883333	-0.74	0	1.2	4.81469e-06
0.883333	-0.7	0	1.2	3.29265e-06
0.883333	-0.66	0	1.2	2.45291e-06
0.883333	-0.62	0	1.2	1.73042e-06
0.883333	-0.58	0	1.2	1.2569e-06
0.883333	-0.54	0	1.2	8.43575e-07
0.883333	-0.5	0	1.2	5.90045e-07
0.883333	-0.46	0	1.2	4.23713e-07
0.883333	-0.42	0	1.2	3.05596e-07
0.883333	-0.38	0	1.2	0.000559291
0.883333	-0.34	0	1.2	0.000762187
0.883333	-0.3	0	1.2	0.000820824
0.883333	-0.26	0	1.2	0.000943818
0.883333	-0.22	0	1.2	0.00115912
0.883333	-0.18	0	1.2	0.00143619
0.883333	-0.14	0	1.2	0.0015593
0.883333	-0.1	0	1.2	0.00184598
0.883333	-0.06	0	1.2	0.00189872
0.883333	-0.02	0	1.2	0.00202226
0.883333	0.02	0	1.2	0.00228658
0.883333	0.06	0	1.2	0.00213584
0.883333	0.1	0	1.2	0.00222524
0.883333	0.14	0	1.2	0.00202262
0.883333	0.18	0	1.2	0.00213181
0.883333	0.22	0	1.2	0.00208872
0.883333	0.26	0	1.2	0.00176594
0.883333	0.3	0	1.2	0.00164762
0.883333	0.34	0	1.2	0.00154476
0.883333	0.38	0	1.2	0.00138169
0.883333	0.42	0	1.2	0.00115912
0.883333	0.46	0	1.2	0.00102919
0.883333	0.5	0	1.2	0.000870632
0.883333	0.54	0	1.2	0.000701146
0.883333	0.58	0	1.2	0.000556595
0.883333	0.62	0	1.2	0.000456555
0.883333	0.66	0	1.2	0.000366514
0.883333	0.7	0	1.2	0.000252735
0.883333	0.74	0	1.2	0.000225991
0.883333	0.78	0	1.2	0.000170963
0.883333	0.82	0	1.2	0.000135712
0.883333	0.86	0	1.2	0.000100967
0.883333	0.9	0	1.2	7.8134e-05
0.883333	0.94	0	1.2	5.72943e-05
0.883333	0.98	0	1.2	4.25283e-05
0.916667	-0.98	0	1.2	2.50946e-05
0.916667	-0.94	0	1.2	1.9839e-05
0.916667	-0.9	0	1.2	1.37114e-05
0.916667	-0.86	0	1.2	9.89122e-06
0.916667	-0.82	0	1.2	7.76078e-06
0.916667	-0.78	0	1.2	5.4779e-06
0.916667	-0.74	0	1.2	3.6753e-06
0.916667	-0.7	0	1.2	3.05111e-06
0.916667	-0.66	0	1.2	1.94879e-06
0.916667	-0.62	0	1.2	1.48378e-06
0.916667	-0.58	0	1.2	1.00724e-06
0.916667	-0.54	0	1.2	6.93704e-07
0.916667	-0.5	0	1.2	5.55543e-07
0.916667	-0.46	0	1.2	3.80836e-07
0.916667	-0.42	0	1.2	2.61403e-07
0.916667	-0.38	0	1.2	0.000427471
0.916667	-0.34	0	1.2	0.00048556
0.916667	-0.3	0	1.2	0.000625781
0.916667	-0.26	0	1.2	0.000700333
0.916667	-0.22	0	1.2	0.000791978
0.916667	-0.18	0	1.2	0.00107044
0.916667	-0.14	0	1.2	0.00112622
0.916667	-0.1	0	1.2	0.00127867
0.916667	-0.06	0	1.2	0.00124946
0.916667	-0.02	0	1.2	0.00147667
0.916667	0.02	0	1.2	0.00146028
0.916667	0.06	0	1.2	0.0015996
0.916667	0.1	0	1.2	0.0016787
0.916667	0.14	0	1.2	0.00158851
0.916667	0.18	0	1.2	0.00161455
0.916667	0.22	0	1.2	0.00133994
0.916667	0.26	0	1.2	0.00138048
0.916667	0.3	0	1.2	0.00121415
0.916667	0.34	0	1.2	0.00114737
0.916667	0.38	0	1.2	0.00101891
0.916667	0.42	0	1.2	0.00089812
0.916667	0.46	0	1.2	0.000791377
0.916667	0.5	0	1.2	0.000640575
0.916667	0.54	0	1.2	0.000505278
0.916667	0.58	0	1.2	0.000447731
0.916667	0.62	0	1.2	0.000372457
0.916667	0.66	0	1.2	0.000269093
0.916667	0.7	0	1.2	0.000225004
0.916667	0.74	0	1.2	0.000175866
0.916667	0.78	0	1.2	0.000142218
0.916667	0.82	0	1.2	0.000108401
0.916667	0.86	0	1.2	8.2498e-05
0.916667	0.9	0	1.2	6.13014e-05
0.916667	0.94	0	1.2	4.40223e-05
0.916667	0.98	0	1.2	3.39064e-05
0.95	-0.98	0	1.2	2.06859e-05
0.95	-0.94	0	1.2	1.54825e-05
0.95	-0.9	0	1.2	1.09978e-05
0.95	-0.86	0	1.2	8.49474e-06
0.95	-0.82	0	1.2	6.11859e-06
0.95	-0.78	0	1.2	4.27282e-06
0.95	-0.74	0	1.2	3.38526e-06
0.95	-0.7	0	1.2	2.31711e-06
0.95	-0.66	0	1.2	1.68835e-06
0.95	-0.62	0	1.2	1.25944e-06
0.95	-0.58	0	1.2	8.93117e-07
0.95	-0.54	0	1.2	5.85689e-07
0.95	-0.5	0	1.2	4.62366e-07
0.95	-0.46	0	1.2	3.10743e-07
0.95	-0.42	0	1.2	2.26559e-07
0.95	-0.38	0	1.2	0.000310443
0.95	-0.34	0	1.2	0.000394757
0.95	-0.3	0	1.2	0.00047996
0.95	-0.26	0	1.2	0.000545607
0.95	-0.22	0	1.2	0.000619385
0.95	-0.18	0	1.2	0.000756977
0.95	-0.14	0	1.2	0.000856505
0.95	-0.1	0	1.2	0.00093811
0.95	-0.06	0	1.2	0.000998219
0.95	-0.02	0	1.2	0.000986381
0.95	0.02	0	1.2	0.00109015
0.95	0.06	0	1.2	0.00117687
0.95	0.1	0	1.2	0.00112375
0.95	0.14	0	1.2	0.00121663
0.95	0.18	0	1.2	0.00103087
0.95	0.22	0	1.2	0.0010282
0.95	0.26	0	1.2	0.00100052
0.95	0.3	0	1.2	0.00092962
0.95	0.34	0	1.2	0.000868028
0.95	0.38	0	1.2	0.000714258
0.95	0.42	0	1.2	0.000623873
0.95	0.46	0	1.2	0.000537867
0.95	0.5	0	1.2	0.000465715
0.95	0.54	0	1.2	0.000398429
0.95	0.58	0	1.2	0.000323346
0.95	0.62	0	1.2	0.000257835
0.95	0.66	0	1.2	0.000214592
0.95	0.7	0	1.2	0.000174493
0.95	0.74	0	1.2	0.000130293
0.95	0.78	0	1.2	0.000102451
0.95	0.82	0	1.2	7.9071e-05
0.95	0.86	0	1.2	6.56695e-05
0.95	0.9	0	1.2	4.92122e-05
0.95	0.94	0	1.2	3.36206e-05
0.95	0.98	0	1.2	2.78587e-05
0.983333	-0.98	0	1.2	1.58881e-05
0.983333	-0.94	0	1.2	1.23835e-05
0.983333	-0.9	0	1.2	8.92562e-06
0.983333	-0.86	0	1.2	6.89372e-06
0.983333	-0.82	0	1.2	4.78258e-06
0.983333	-0.78	0	1.2	3.4423e-06
0.983333	-0.74	0	1.2	2.73006e-06
0.983333	-0.7	0	1.2	1.8395e-06
0.983333	-0.66	0	1.2	1.27568e-06
0.983333	-0.62	0	1.2	1.01458e-06
0.983333	-0.58	0	1.2	7.12118e-07
0.983333	-0.54	0	1.2	4.99188e-07
0.983333	-0.5	0	1.2	3.70911e-07
0.983333	-0.46	0	1.2	2.58027e-07
0.983333	-0.42	0	1.2	1.86265e-07
0.983333	-0.38	0	1.2	0.000243876
0.983333	-0.34	0	1.2	0.00030492
0.983333	-0.3	0	1.2	0.000338521
0.983333	-0.26	0	1.2	0.000408759
0.983333	-0.22	0	1.2	0.000458706
0.983333	-0.18	0	1.2	0.000532792
0.983333	-0.14	0	1.2	0.000578286
0.983333	-0.1	0	1.2	0.000650695
0.983333	-0.06	0	1.2	0.000709686
0.983333	-0.02	0	1.2	0.000757226
0.983333	0.02	0	1.2	0.00076425
0.983333	0.06	0	1.2	0.000844146
0.983333	0.1	0	1.2	0.000800009
0.983333	0.14	0	1.2	0.000846047
0.983333	0.18	0	1.2	0.000779054
0.983333	0.22	0	1.2	0.000684688
0.983333	0.26	0	1.2	0.000744588
0.983333	0.3	0	1.2	0.000630744
0.983333	0.34	0	1.2	0.000621483
0.983333	0.38	0	1.2	0.000514119
0.983333	0.42	0	1.2	0.000493739
0.983333	0.46	0	1.2	0.000409707
0.983333	0.5	0	1.2	0.000353908
0.983333	0.54	0	1.2	0.000285137
0.983333	0.58	0	1.2	0.000225727
0.983333	0.62	0	1.2	0.000197956
0.983333	0.66	0	1.2	0.000161076
0.983333	0.7	0	1.2	0.000126909
0.983333	0.74	0	1.2	0.000103033
0.983333	0.78	0	1.2	8.45208e-05
0.983333	0.82	0	1.2	6.25245e-05
0.983333	0.86	0	1.2	4.63005e-05
0.983333	0.9	0	1.2	3.81707e-05
0.983333	0.94	0	1.2	2.80726e-05
0.983333	0.98	0	1.2	2.15422e-05
