-0.983333	-0.98	0	1.4	4.61741e-05
-0.983333	-0.94	0	1.4	3.47561e-05
-0.983333	-0.9	0	1.4	2.55077e-05
-0.983333	-0.86	0	1.4	1.92742e-05
-0.983333	-0.82	0	1.4	1.49346e-05
-0.983333	-0.78	0	1.4	1.051e-05
-0.983333	-0.74	0	1.4	7.71402e-06
-0.983333	-0.7	0	1.4	5.65132e-06
-0.983333	-0.66	0	1.4	3.72655e-06
-0.983333	-0.62	0	1.4	2.82598e-06
-0.983333	-0.58	0	1.4	2.11905e-06
-0.983333	-0.54	0	1.4	1.42196e-06
-0.983333	-0.5	0	1.4	1.12267e-06
-0.983333	-0.46	0	1.4	7.76771e-07
-0.983333	-0.42	0	1.4	5.68456e-07
-0.983333	-0.38	0	1.4	3.72995e-07
-0.983333	-0.34	0	1.4	2.52653e-07
-0.983333	-0.3	0	1.4	1.85567e-07
-0.983333	-0.26	0	1.4	0.000396167
-0.983333	-0.22	0	1.4	0.000509924
-0.983333	-0.18	0	1.4	0.000603016
-0.983333	-0.14	0	1.4	0.000723543
-0.983333	-0.1	0	1.4	0.000834775
-0.983333	-0.06	0	1.4	0.000925175
-0.983333	-0.02	0	1.4	0.000993456
-0.983333	0.02	0	1.4	0.00111686
-0.983333	0.06	0	1.4	0.00124228
-0.983333	0.1	0	1.4	0.00129885
-0.983333	0.14	0	1.4	0.00133207
-0.983333	0.18	0	1.4	0.00136945
-0.983333	0.22	0	1.4	0.00132108
-0.983333	0.26	0	1.4	0.00134666
-0.983333	0.3	0	1.4	0.00133396
-0.983333	0.34	0	1.4	0.00124228
-0.983333	0.38	0	1.4	0.00121198
-0.983333	0.42	0	1.4	0.00101578
-0.983333	0.46	0	1.4	0.000957594
-0.983333	0.5	0	1.4	0.000852303
-0.983333	0.54	0	1.4	0.000689449
-0.983333	0.58	0	1.4	0.00059173
-0.983333	0.62	0	1.4	0.000520744
-0.983333	0.66	0	1.4	0.00043086
-0.983333	0.7	0	1.4	0.000334525
-0.983333	0.74	0	1.4	0.00026843
-0.983333	0.78	0	1.4	0.000215299
-0.983333	0.82	0	1.4	0.000167601
-0.983333	0.86	0	1.4	0.000133511
-0.983333	0.9	0	1.4	0.00011208
-0.983333	0.94	0	1.4	7.67643e-05
-0.983333	0.98	0	1.4	5.8458e-05
-0.95	-0.98	0	1.4	3.46488e-05
-0.95	-0.94	0	1.4	2.7266e-05
-0.95	-0.9	0	1.4	2.08377e-05
-0.95	-0.86	0	1.4	1.55335e-05
-0.95	-0.82	0	1.4	1.09013e-05
-0.95	-0.78	0	1.4	8.64719e-06
-0.95	-0.74	0	1.4	6.39388e-06
-0.95	-0.7	0	1.4	4.75409e-06
-0.95	-0.66	0	1.4	3.23705e-06
-0.95	-0.62	0	1.4	2.4081e-06
-0.95	-0.58	0	1.4	1.74668e-06
-0.95	-0.54	0	1.4	1.19635e-06
-0.95	-0.5	0	1.4	9.04692e-07
-0.95	-0.46	0	1.4	6.73393e-07
-0.95	-0.42	0	1.4	4.27863e-07
-0.95	-0.38	0	1.4	2.89404e-07
-0.95	-0.34	0	1.4	2.20241e-07
-0.95	-0.3	0	1.4	1.60836e-07
-0.95	-0.26	0	1.4	0.000320224
-0.95	-0.22	0	1.4	0.000366713
-0.95	-0.18	0	1.4	0.000441863
-0.95	-0.14	0	1.4	0.000507997
-0.95	-0.1	0	1.4	0.000576739
-0.95	-0.06	0	1.4	0.000651666
-0.95	-0.02	0	1.4	0.000706098
-0.95	0.02	0	1.4	0.000786989
-0.95	0.06	0	1.4	0.000930815
-0.95	0.1	0	1.4	0.000981683
-0.95	0.14	0	1.4	0.00100336
-0.95	0.18	0	1.4	0.00102769
-0.95	0.22	0	1.4	0.000952946
-0.95	0.26	0	1.4	0.00100598
-0.95	0.3	0	1.4	0.000989253
-0.95	0.34	0	1.4	0.000928429
-0.95	0.38	0	1.4	0.000813591
-0.95	0.42	0	1.4	0.000754655
-0.95	0.46	0	1.4	0.000673448
-0.95	0.5	0	1.4	0.000595963
-0.95	0.54	0	1.4	0.000524698
-0.95	0.58	0	1.4	0.000447818
-0.95	0.62	0	1.4	0.000373746
-0.95	0.66	0	1.4	0.000318552
-0.95	0.7	0	1.4	0.000241797
-0.95	0.74	0	1.4	0.000213559
-0.95	0.78	0	1.4	0.000167369
-0.95	0.82	0	1.4	0.000130063
-0.95	0.86	0	1.4	0.000110921
-0.95	0.9	0	1.4	8.16149e-05
-0.95	0.94	0	1.4	5.93283e-05
-0.95	0.98	0	1.4	4.82786e-05
-0.916667	-0.98	0	1.4	2.85815e-05
-0.916667	-0.94	0	1.4	2.12883e-05
-0.916667	-0.9	0	1.4	1.36338e-05
-0.916667	-0.86	0	1.4	1.22274e-05
-0.916667	-0.82	0	1.4	9.429e-06
-0.916667	-0.78	0	1.4	6.75026e-06
-0.916667	-0.74	0	1.4	4.93626e-06
-0.916667	-0.7	0	1.4	3.70064e-06
-0.916667	-0.66	0	1.4	2.68885e-06
-0.916667	-0.62	0	1.4	2.03966e-06
-0.916667	-0.58	0	1.4	1.459e-06
-0.916667	-0.54	0	1.4	1.02873e-06
-0.916667	-0.5	0	1.4	7.18509e-07
-0.916667	-0.46	0	1.4	5.43539e-07
-0.916667	-0.42	0	1.4	3.63405e-07
-0.916667	-0.38	0	1.4	2.77098e-07
-0.916667	-0.34	0	1.4	1.90389e-07
-0.916667	-0.3	0	1.4	1.4303e-07
-0.916667	-0.26	0	1.4	0.000221782
-0.916667	-0.22	0	1.4	0.000300781
-0.916667	-0.18	0	1.4	0.000337127
-0.916667	-0.14	0	1.4	0.000368521
-0.916667	-0.1	0	1.4	0.00042107
-0.916667	-0.06	0	1.4	0.000492244
-0.916667	-0.02	0	1.4	0.000567103
-0.916667	0.02	0	1.4	0.000545762
-0.916667	0.06	0	1.4	0.000623825
-0.916667	0.1	0	1.4	0.000696351
-0.916667	0.14	0	1.4	0.000654205
-0.916667	0.18	0	1.4	0.000717809
-0.916667	0.22	0	1.4	0.000752264
-0.916667	0.26	0	1.4	0.000686164
-0.916667	0.3	0	1.4	0.000634695
-0.916667	0.34	0	1.4	0.000632418
-0.916667	0.38	0	1.4	0.000553764
-0.916667	0.42	0	1.4	0.000545122
-0.916667	0.46	0	1.4	0.000522597
-0.916667	0.5	0	1.4	0.000415222
-0.916667	0.54	0	1.4	0.000400167
-0.916667	0.58	0	1.4	0.000321324
-0.916667	0.62	0	1.4	0.000267278
-0.916667	0.66	0	1.4	0.000226143
-0.916667	0.7	0	1.4	0.000196116
-0.916667	0.74	0	1.4	0.000155914
-0.916667	0.78	0	1.4	0.000126208
-0.916667	0.82	0	1.4	0.000102168
-0.916667	0.86	0	1.4	7.75875e-05
-0.916667	0.9	0	1.4	6.36479e-05
-0.916667	0.94	0	1.4	4.72197e-05
-0.916667	0.98	0	1.4	3.59766e-05
-0.883333	-0.98	0	1.4	2.27606e-05
-0.883333	-0.94	0	1.4	1.55379e-05
-0.883333	-0.9	0	1.4	1.26127e-05
-0.883333	-0.86	0	1.4	9.94569e-06
-0.883333	-0.82	0	1.4	7.29061e-06
-0.883333	-0.78	0	1.4	5.10788e-06
-0.883333	-0.74	0	1.4	4.38919e-06
-0.883333	-0.7	0	1.4	3.06023e-06
-0.883333	-0.66	0	1.4	2.19879e-06
-0.883333	-0.62	0	1.4	1.57236e-06
-0.883333	-0.58	0	1.4	1.09758e-06
-0.883333	-0.54	0	1.4	8.81352e-07
-0.883333	-0.5	0	1.4	6.46445e-07
-0.883333	-0.46	0	1.4	4.29081e-07
-0.883333	-0.42	0	1.4	3.03751e-07
-0.883333	-0.38	0	1.4	2.06525e-07
-0.883333	-0.34	0	1.4	1.49526e-07
-0.883333	-0.3	0	1.4	1.18043e-07
-0.883333	-0.26	0	1.4	0.000165777
-0.883333	-0.22	0	1.4	0.000208644
-0.883333	-0.18	0	1.4	0.000227372
-0.883333	-0.14	0	1.4	0.000267625
-0.883333	-0.1	0	1.4	0.00030189
-0.883333	-0.06	0	1.4	0.000360354
-0.883333	-0.02	0	1.4	0.000397669
-0.883333	0.02	0	1.4	0.000397222
-0.883333	0.06	0	1.4	0.000472464
-0.883333	0.1	0	1.4	0.00050412
-0.883333	0.14	0	1.4	0.000472033
-0.883333	0.18	0	1.4	0.000492675
-0.883333	0.22	0	1.4	0.000521495
-0.883333	0.26	0	1.4	0.000520585
-0.883333	0.3	0	1.4	0.000449409
-0.883333	0.34	0	1.4	0.000458859
-0.883333	0.38	0	1.4	0.000404151
-0.883333	0.42	0	1.4	0.00042418
-0.883333	0.46	0	1.4	0.000360354
-0.883333	0.5	0	1.4	0.000315535
-0.883333	0.54	0	1.4	0.000275848
-0.883333	0.58	0	1.4	0.000228664
-0.883333	0.62	0	1.4	0.000206992
-0.883333	0.66	0	1.4	0.000172722
-0.883333	0.7	0	1.4	0.000143485
-0.883333	0.74	0	1.4	0.000115586
-0.883333	0.78	0	1.4	9.53757e-05
-0.883333	0.82	0	1.4	7.99134e-05
-0.883333	0.86	0	1.4	6.56921e-05
-0.883333	0.9	0	1.4	4.6989e-05
-0.883333	0.94	0	1.4	3.61997e-05
-0.883333	0.98	0	1.4	3.0388e-05
-0.85	-0.98	0	1.4	1.74385e-05
-0.85	-0.94	0	1.4	1.3308e-05
-0.85	-0.9	0	1.4	1.03322e-05
-0.85	-0.86	0	1.4	8.23648e-06
-0.85	-0.82	0	1.4	6.15157e-06
-0.85	-0.78	0	1.4	4.20686e-06
-0.85	-0.74	0	1.4	3.3133e-06
-0.85	-0.7	0	1.4	2.33171e-06
-0.85	-0.66	0	1.4	1.86548e-06
-0.85	-0.62	0	1.4	1.28212e-06
-0.85	-0.58	0	1.4	9.69988e-07
-0.85	-0.54	0	1.4	6.69139e-07
-0.85	-0.5	0	1.4	4.67888e-07
-0.85	-0.46	0	1.4	3.87598e-07
-0.85	-0.42	0	1.4	2.62482e-07
-0.85	-0.38	0	1.4	1.815e-07
-0.85	-0.34	0	1.4	1.29261e-07
-0.85	-0.3	0	1.4	9.10344e-08
-0.85	-0.26	0	1.4	0.000130504
-0.85	-0.22	0	1.4	0.000149507
-0.85	-0.18	0	1.4	0.000168903
-0.85	-0.14	0	1.4	0.000211005
-0.85	-0.1	0	1.4	0.000240343
-0.85	-0.06	0	1.4	0.000246844
-0.85	-0.02	0	1.4	0.000282198
-0.85	0.02	0	1.4	0.000313075
-0.85	0.06	0	1.4	0.000325659
-0.85	0.1	0	1.4	0.000339576
-0.85	0.14	0	1.4	0.000355991
-0.85	0.18	0	1.4	0.00037383
-0.85	0.22	0	1.4	0.000375798
-0.85	0.26	0	1.4	0.000357926
-0.85	0.3	0	1.4	0.000332092
-0.85	0.34	0	1.4	0.000340786
-0.85	0.38	0	1.4	0.000301418
-0.85	0.42	0	1.4	0.000289866
-0.85	0.46	0	1.4	0.000253797
-0.85	0.5	0	1.4	0.000247174
-0.85	0.54	0	1.4	0.000207179
-0.85	0.58	0	1.4	0.000185034
-0.85	0.62	0	1.4	0.000158038
-0.85	0.66	0	1.4	0.000131191
-0.85	0.7	0	1.4	0.00010123
-0.85	0.74	0	1.4	8.14166e-05
-0.85	0.78	0	1.4	7.88183e-05
-0.85	0.82	0	1.4	6.13226e-05
-0.85	0.86	0	1.4	4.55495e-05
-0.85	0.9	0	1.4	3.45084e-05
-0.85	0.94	0	1.4	2.94325e-05
-0.85	0.98	0	1.4	2.17764e-05
-0.816667	-0.98	0	1.4	1.42134e-05
-0.816667	-0.94	0	1.4	9.95497e-06
-0.816667	-0.9	0	1.4	7.96702e-06
-0.816667	-0.86	0	1.4	5.88282e-06
-0.816667	-0.82	0	1.4	4.33786e-06
-0.816667	-0.78	0	1.4	3.30783e-06
-0.816667	-0.74	0	1.4	2.74378e-06
-0.816667	-0.7	0	1.4	1.93304e-06
-0.816667	-0.66	0	1.4	1.46174e-06
-0.816667	-0.62	0	1.4	1.10831e-06
-0.816667	-0.58	0	1.4	7.34941e-07
-0.816667	-0.54	0	1.4	5.67389e-07
-0.816667	-0.5	0	1.4	3.97783e-07
-0.816667	-0.46	0	1.4	3.07764e-07
-0.816667	-0.42	0	1.4	2.13911e-07
-0.816667	-0.38	0	1.4	1.43808e-07
-0.816667	-0.34	0	1.4	1.12016e-07
-0.816667	-0.3	0	1.4	8.22037e-08
-0.816667	-0.26	0	1.4	9.73552e-05
-0.816667	-0.22	0	1.4	0.000105348
-0.816667	-0.18	0	1.4	0.000120389
-0.816667	-0.14	0	1.4	0.000147309
-0.816667	-0.1	0	1.4	0.000171678
-0.816667	-0.06	0	1.4	0.00018045
-0.816667	-0.02	0	1.4	0.000226652
-0.816667	0.02	0	1.4	0.000235246
-0.816667	0.06	0	1.4	0.000237403
-0.816667	0.1	0	1.4	0.00025724
-0.816667	0.14	0	1.4	0.000262244
-0.816667	0.18	0	1.4	0.000264424
-0.816667	0.22	0	1.4	0.000255257
-0.816667	0.26	0	1.4	0.000260857
-0.816667	0.3	0	1.4	0.000237762
-0.816667	0.34	0	1.4	0.000252121
-0.816667	0.38	0	1.4	0.000225644
-0.816667	0.42	0	1.4	0.000203932
-0.816667	0.46	0	1.4	0.000173394
-0.816667	0.5	0	1.4	0.00016716
-0.816667	0.54	0	1.4	0.000154894
-0.816667	0.58	0	1.4	0.000137439
-0.816667	0.62	0	1.4	0.000105049
-0.816667	0.66	0	1.4	9.07463e-05
-0.816667	0.7	0	1.4	8.40388e-05
-0.816667	0.74	0	1.4	6.38715e-05
-0.816667	0.78	0	1.4	5.47263e-05
-0.816667	0.82	0	1.4	4.31393e-05
-0.816667	0.86	0	1.4	3.62952e-05
-0.816667	0.9	0	1.4	2.93637e-05
-0.816667	0.94	0	1.4	2.33038e-05
-0.816667	0.98	0	1.4	1.7641e-05
-0.783333	-0.98	0	1.4	1.0956e-05
-0.783333	-0.94	0	1.4	8.47037e-06
-0.783333	-0.9	0	1.4	6.01809e-06
-0.783333	-0.86	0	1.4	4.87e-06
-0.783333	-0.82	0	1.4	3.85599e-06
-0.783333	-0.78	0	1.4	2.53136e-06
-0.783333	-0.74	0	1.4	2.12216e-06
-0.783333	-0.7	0	1.4	1.4871e-06
-0.783333	-0.66	0	1.4	1.05689e-06
-0.783333	-0.62	0	1.4	7.77801e-07
-0.783333	-0.58	0	1.4	6.86874e-07
-0.783333	-0.54	0	1.4	4.24403e-07
-0.783333	-0.5	0	1.4	3.21937e-07
-0.783333	-0.46	0	1.4	2.54751e-07
-0.783333	-0.42	0	1.4	1.79704e-07
-0.783333	-0.38	0	1.4	1.27271e-07
-0.783333	-0.34	0	1.4	9.84759e-08
-0.783333	-0.3	0	1.4	7.18857e-08
-0.783333	-0.26	0	1.4	6.76044e-05
-0.783333	-0.22	0	1.4	8.16624e-05
-0.783333	-0.18	0	1.4	9.96332e-05
-0.783333	-0.14	0	1.4	0.000109491
-0.783333	-0.1	0	1.4	0.000124769
-0.783333	-0.06	0	1.4	0.000141663
-0.783333	-0.02	0	1.4	0.000158493
-0.783333	0.02	0	1.4	0.000172073
-0.783333	0.06	0	1.4	0.000168844
-0.783333	0.1	0	1.4	0.000181283
-0.783333	0.14	0	1.4	0.000185068
-0.783333	0.18	0	1.4	0.000182946
-0.783333	0.22	0	1.4	0.000184967
-0.783333	0.26	0	1.4	0.000172631
-0.783333	0.3	0	1.4	0.000188997
-0.783333	0.34	0	1.4	0.000177585
-0.783333	0.38	0	1.4	0.000156076
-0.783333	0.42	0	1.4	0.000157293
-0.783333	0.46	0	1.4	0.000142759
-0.783333	0.5	0	1.4	0.000112292
-0.783333	0.54	0	1.4	0.000110655
-0.783333	0.58	0	1.4	9.09694e-05
-0.783333	0.62	0	1.4	8.27629e-05
-0.783333	0.66	0	1.4	6.74166e-05
-0.783333	0.7	0	1.4	5.98437e-05
-0.783333	0.74	0	1.4	5.09365e-05
-0.783333	0.78	0	1.4	4.23249e-05
-0.783333	0.82	0	1.4	3.1521e-05
-0.783333	0.86	0	1.4	2.72662e-05
-0.783333	0.9	0	1.4	2.11984e-05
-0.783333	0.94	0	1.4	1.73706e-05
-0.783333	0.98	0	1.4	1.32768e-05
-0.75	-0.98	0	1.4	8.1147e-06
-0.75	-0.94	0	1.4	6.33745e-06
-0.75	-0.9	0	1.4	4.58956e-06
-0.75	-0.86	0	1.4	3.52612e-06
-0.75	-0.82	0	1.4	3.05812e-06
-0.75	-0.78	0	1.4	2.07781e-06
-0.75	-0.74	0	1.4	1.60301e-06
-0.75	-0.7	0	1.4	1.18366e-06
-0.75	-0.66	0	1.4	9.60016e-07
-0.75	-0.62	0	1.4	6.40838e-07
-0.75	-0.58	0	1.4	5.24112e-07
-0.75	-0.54	0	1.4	3.50494e-07
-0.75	-0.5	0	1.4	2.79125e-07
-0.75	-0.46	0	1.4	1.98775e-07
-0.75	-0.42	0	1.4	1.359e-07
-0.75	-0.38	0	1.4	1.01786e-07
-0.75	-0.34	0	1.4	7.28594e-08
-0.75	-0.3	0	1.4	5.44929e-08
-0.75	-0.26	0	1.4	4.66737e-05
-0.75	-0.22	0	1.4	6.01321e-05
-0.75	-0.18	0	1.4	7.49227e-05
-0.75	-0.14	0	1.4	8.10538e-05
-0.75	-0.1	0	1.4	9.32205e-05
-0.75	-0.06	0	1.4	0.00010413
-0.75	-0.02	0	1.4	0.000111521
-0.75	0.02	0	1.4	0.000113646
-0.75	0.06	0	1.4	0.000122354
-0.75	0.1	0	1.4	0.0001225
-0.75	0.14	0	1.4	0.000129131
-0.75	0.18	0	1.4	0.000141977
-0.75	0.22	0	1.4	0.000132198
-0.75	0.26	0	1.4	0.000131628
-0.75	0.3	0	1.4	0.000129421
-0.75	0.34	0	1.4	0.000126653
-0.75	0.38	0	1.4	0.000108041
-0.75	0.42	0	1.4	0.000102854
-0.75	0.46	0	1.4	9.67295e-05
-0.75	0.5	0	1.4	9.15516e-05
-0.75	0.54	0	1.4	8.1266e-05
-0.75	0.58	0	1.4	7.11952e-05
-0.75	0.62	0	1.4	5.80307e-05
-0.75	0.66	0	1.4	5.22136e-05
-0.75	0.7	0	1.4	4.40984e-05
-0.75	0.74	0	1.4	3.48646e-05
-0.75	0.78	0	1.4	2.94531e-05
-0.75	0.82	0	1.4	2.32182e-05
-0.75	0.86	0	1.4	2.01012e-05
-0.75	0.9	0	1.4	1.65659e-05
-0.75	0.94	0	1.4	1.24476e-05
-0.75	0.98	0	1.4	1.01755e-05
-0.716667	-0.98	0	1.4	6.24684e-06
-0.716667	-0.94	0	1.4	4.88901e-06
-0.716667	-0.9	0	1.4	3.85973e-06
-0.716667	-0.86	0	1.4	2.81595e-06
-0.716667	-0.82	0	1.4	2.22546e-06
-0.716667	-0.78	0	1.4	1.63299e-06
-0.716667	-0.74	0	1.4	1.3103e-06
-0.716667	-0.7	0	1.4	1.01394e-06
-0.716667	-0.66	0	1.4	7.39141e-07
-0.716667	-0.62	0	1.4	5.2558e-07
-0.716667	-0.58	0	1.4	4.23027e-07
-0.716667	-0.54	0	1.4	3.02597e-07
-0.716667	-0.5	0	1.4	2.16492e-07
-0.716667	-0.46	0	1.4	1.63244e-07
-0.716667	-0.42	0	1.4	1.17489e-07
-0.716667	-0.38	0	1.4	8.79349e-08
-0.716667	-0.34	0	1.4	6.27034e-08
-0.716667	-0.3	0	1.4	4.37067e-08
-0.716667	-0.26	0	1.4	3.70199e-05
-0.716667	-0.22	0	1.4	4.36246e-05
-0.716667	-0.18	0	1.4	4.8608e-05
-0.716667	-0.14	0	1.4	5.74579e-05
-0.716667	-0.1	0	1.4	6.31389e-05
-0.716667	-0.06	0	1.4	6.7107e-05
-0.716667	-0.02	0	1.4	7.5254e-05
-0.716667	0.02	0	1.4	7.80061e-05
-0.716667	0.06	0	1.4	9.07788e-05
-0.716667	0.1	0	1.4	9.26292e-05
-0.716667	0.14	0	1.4	9.94895e-05
-0.716667	0.18	0	1.4	9.73343e-05
-0.716667	0.22	0	1.4	9.96704e-05
-0.716667	0.26	0	1.4	9.56531e-05
-0.716667	0.3	0	1.4	9.68509e-05
-0.716667	0.34	0	1.4	8.55507e-05
-0.716667	0.38	0	1.4	8.69723e-05
-0.716667	0.42	0	1.4	7.62963e-05
-0.716667	0.46	0	1.4	6.78718e-05
-0.716667	0.5	0	1.4	6.64256e-05
-0.716667	0.54	0	1.4	5.85391e-05
-0.716667	0.58	0	1.4	4.87442e-05
-0.716667	0.62	0	1.4	4.42173e-05
-0.716667	0.66	0	1.4	3.95694e-05
-0.716667	0.7	0	1.4	3.26973e-05
-0.716667	0.74	0	1.4	2.71365e-05
-0.716667	0.78	0	1.4	2.31302e-05
-0.716667	0.82	0	1.4	1.80554e-05
-0.716667	0.86	0	1.4	1.55481e-05
-0.716667	0.9	0	1.4	1.19431e-05
-0.716667	0.94	0	1.4	1.00472e-05
-0.716667	0.98	0	1.4	7.7331e-06
-0.683333	-0.98	0	1.4	4.80727e-06
-0.683333	-0.94	0	1.4	3.48067e-06
-0.683333	-0.9	0	1.4	2.803e-06
-0.683333	-0.86	0	1.4	2.19769e-06
-0.683333	-0.82	0	1.4	1.80026e-06
-0.683333	-0.78	0	1.4	1.3252e-06
-0.683333	-0.74	0	1.4	9.2492e-07
-0.683333	-0.7	0	1.4	6.69581e-07
-0.683333	-0.66	0	1.4	5.43098e-07
-0.683333	-0.62	0	1.4	4.45404e-07
-0.683333	-0.58	0	1.4	3.12436e-07
-0.683333	-0.54	0	1.4	2.41745e-07
-0.683333	-0.5	0	1.4	1.79312e-07
-0.683333	-0.46	0	1.4	1.31775e-07
-0.683333	-0.42	0	1.4	9.36465e-08
-0.683333	-0.38	0	1.4	6.92521e-08
-0.683333	-0.34	0	1.4	4.99357e-08
-0.683333	-0.3	0	1.4	3.62861e-08
-0.683333	-0.26	0	1.4	2.60953e-05
-0.683333	-0.22	0	1.4	3.43836e-05
-0.683333	-0.18	0	1.4	3.68638e-05
-0.683333	-0.14	0	1.4	4.23504e-05
-0.683333	-0.1	0	1.4	4.8286e-05
-0.683333	-0.06	0	1.4	4.83803e-05
-0.683333	-0.02	0	1.4	5.27716e-05
-0.683333	0.02	0	1.4	6.06594e-05
-0.683333	0.06	0	1.4	6.26625e-05
-0.683333	0.1	0	1.4	6.50414e-05
-0.683333	0.14	0	1.4	6.96771e-05
-0.683333	0.18	0	1.4	7.25418e-05
-0.683333	0.22	0	1.4	7.38438e-05
-0.683333	0.26	0	1.4	6.71101e-05
-0.683333	0.3	0	1.4	7.16347e-05
-0.683333	0.34	0	1.4	6.24918e-05
-0.683333	0.38	0	1.4	6.16273e-05
-0.683333	0.42	0	1.4	5.60792e-05
-0.683333	0.46	0	1.4	5.04537e-05
-0.683333	0.5	0	1.4	5.14214e-05
-0.683333	0.54	0	1.4	4.02161e-05
-0.683333	0.58	0	1.4	3.68638e-05
-0.683333	0.62	0	1.4	3.23865e-05
-0.683333	0.66	0	1.4	2.72951e-05
-0.683333	0.7	0	1.4	2.54205e-05
-0.683333	0.74	0	1.4	2.03357e-05
-0.683333	0.78	0	1.4	1.6139e-05
-0.683333	0.82	0	1.4	1.35427e-05
-0.683333	0.86	0	1.4	1.16829e-05
-0.683333	0.9	0	1.4	1.01611e-05
-0.683333	0.94	0	1.4	7.21866e-06
-0.683333	0.98	0	1.4	5.764e-06
-0.65	-0.98	0	1.4	3.63086e-06
-0.65	-0.94	0	1.4	2.77604e-06
-0.65	-0.9	0	1.4	2.26099e-06
-0.65	-0.86	0	1.4	1.72373e-06
-0.65	-0.82	0	1.4	1.37375e-06
-0.65	-0.78	0	1.4	1.06497e-06
-0.65	-0.74	0	1.4	7.84606e-07
-0.65	-0.7	0	1.4	6.04755e-07
-0.65	-0.66	0	1.4	4.63606e-07
-0.65	-0.62	0	1.4	3.57255e-07
-0.65	-0.58	0	1.4	2.5454e-07
-0.65	-0.54	0	1.4	1.88297e-07
-0.65	-0.5	0	1.4	1.43276e-07
-0.65	-0.46	0	1.4	1.00604e-07
-0.65	-0.42	0	1.4	7.59992e-08
-0.65	-0.38	0	1.4	5.45697e-08
-0.65	-0.34	0	1.4	4.13757e-08
-0.65	-0.3	0	1.4	3.00068e-08
-0.65	-0.26	0	1.4	2.06485e-05
-0.65	-0.22	0	1.4	2.39477e-05
-0.65	-0.18	0	1.4	2.65857e-05
-0.65	-0.14	0	1.4	2.95515e-05
-0.65	-0.1	0	1.4	3.62579e-05
-0.65	-0.06	0	1.4	3.79578e-05
-0.65	-0.02	0	1.4	4.03219e-05
-0.65	0.02	0	1.4	4.27173e-05
-0.65	0.06	0	1.4	4.61186e-05
-0.65	0.1	0	1.4	4.70501e-05
-0.65	0.14	0	1.4	5.2712e-05
-0.65	0.18	0	1.4	4.77183e-05
-0.65	0.22	0	1.4	5.22502e-05
-0.65	0.26	0	1.4	4.73225e-05
-0.65	0.3	0	1.4	4.39816e-05
-0.65	0.34	0	1.4	4.51374e-05
-0.65	0.38	0	1.4	4.06278e-05
-0.65	0.42	0	1.4	4.35737e-05
-0.65	0.46	0	1.4	3.51609e-05
-0.65	0.5	0	1.4	3.38953e-05
-0.65	0.54	0	1.4	3.00413e-05
-0.65	0.58	0	1.4	3.06424e-05
-0.65	0.62	0	1.4	2.1915e-05
-0.65	0.66	0	1.4	2.09788e-05
-0.65	0.7	0	1.4	1.86445e-05
-0.65	0.74	0	1.4	1.52916e-05
-0.65	0.78	0	1.4	1.29026e-05
-0.65	0.82	0	1.4	1.06396e-05
-0.65	0.86	0	1.4	9.10389e-06
-0.65	0.9	0	1.4	7.202e-06
-0.65	0.94	0	1.4	5.88541e-06
-0.65	0.98	0	1.4	4.48953e-06
-0.616667	-0.98	0	1.4	2.79373e-06
-0.616667	-0.94	0	1.4	2.12862e-06
-0.616667	-0.9	0	1.4	1.81943e-06
-0.616667	-0.86	0	1.4	1.254e-06
-0.616667	-0.82	0	1.4	9.83076e-07
-0.616667	-0.78	0	1.4	7.11793e-07
-0.616667	-0.74	0	1.4	6.08085e-07
-0.616667	-0.7	0	1.4	4.84669e-07
-0.616667	-0.66	0	1.4	3.6334e-07
-0.616667	-0.62	0	1.4	2.73149e-07
-0.616667	-0.58	0	1.4	2.10383e-07
-0.616667	-0.54	0	1.4	1.49728e-07
-0.616667	-0.5	0	1.4	1.1682e-07
-0.616667	-0.46	0	1.4	8.5368e-08
-0.616667	-0.42	0	1.4	6.32992e-08
-0.616667	-0.38	0	1.4	4.41626e-08
-0.616667	-0.34	0	1.4	3.28764e-08
-0.616667	-0.3	0	1.4	2.32576e-08
-0.616667	-0.26	0	1.4	1.55875e-05
-0.616667	-0.22	0	1.4	1.77332e-05
-0.616667	-0.18	0	1.4	1.82039e-05
-0.616667	-0.14	0	1.4	2.30593e-05
-0.616667	-0.1	0	1.4	2.49389e-05
-0.616667	-0.06	0	1.4	2.67673e-05
-0.616667	-0.02	0	1.4	2.92163e-05
-0.616667	0.02	0	1.4	3.03112e-05
-0.616667	0.06	0	1.4	3.3918e-05
-0.616667	0.1	0	1.4	3.62317e-05
-0.616667	0.14	0	1.4	3.25106e-05
-0.616667	0.18	0	1.4	3.36215e-05
-0.616667	0.22	0	1.4	3.57228e-05
-0.616667	0.26	0	1.4	3.53377e-05
-0.616667	0.3	0	1.4	3.40303e-05
-0.616667	0.34	0	1.4	3.13631e-05
-0.616667	0.38	0	1.4	3.07288e-05
-0.616667	0.42	0	1.4	2.95287e-05
-0.616667	0.46	0	1.4	2.53964e-05
-0.616667	0.5	0	1.4	2.44124e-05
-0.616667	0.54	0	1.4	2.13995e-05
-0.616667	0.58	0	1.4	1.99451e-05
-0.616667	0.62	0	1.4	1.70833e-05
-0.616667	0.66	0	1.4	1.4901e-05
-0.616667	0.7	0	1.4	1.29601e-05
-0.616667	0.74	0	1.4	1.14481e-05
-0.616667	0.78	0	1.4	9.54817e-06
-0.616667	0.82	0	1.4	7.55225e-06
-0.616667	0.86	0	1.4	6.53612e-06
-0.616667	0.9	0	1.4	5.15789e-06
-0.616667	0.94	0	1.4	4.07523e-06
-0.616667	0.98	0	1.4	3.47675e-06
-0.583333	-0.98	0	1.4	2.13279e-06
-0.583333	-0.94	0	1.4	1.69925e-06
-0.583333	-0.9	0	1.4	1.25597e-06
-0.583333	-0.86	0	1.4	1.05882e-06
-0.583333	-0.82	0	1.4	7.98333e-07
-0.583333	-0.78	0	1.4	6.04173e-07
-0.583333	-0.74	0	1.4	4.77546e-07
-0.583333	-0.7	0	1.4	3.53281e-07
-0.583333	-0.66	0	1.4	2.83069e-07
-0.583333	-0.62	0	1.4	2.02159e-07
-0.583333	-0.58	0	1.4	1.56992e-07
-0.583333	-0.54	0	1.4	1.16696e-07
-0.583333	-0.5	0	1.4	9.83038e-08
-0.583333	-0.46	0	1.4	6.61661e-08
-0.583333	-0.42	0	1.4	5.09987e-08
-0.583333	-0.38	0	1.4	3.54142e-08
-0.583333	-0.34	0	1.4	2.68991e-08
-0.583333	-0.3	0	1.4	2.07203e-08
-0.583333	-0.26	0	1.4	1.14777e-05
-0.583333	-0.22	0	1.4	1.23366e-05
-0.583333	-0.18	0	1.4	1.49379e-05
-0.583333	-0.14	0	1.4	1.63888e-05
-0.583333	-0.1	0	1.4	1.87152e-05
-0.583333	-0.06	0	1.4	1.98464e-05
-0.583333	-0.02	0	1.4	2.14998e-05
-0.583333	0.02	0	1.4	2.16195e-05
-0.583333	0.06	0	1.4	2.13216e-05
-0.583333	0.1	0	1.4	2.52679e-05
-0.583333	0.14	0	1.4	2.49939e-05
-0.583333	0.18	0	1.4	2.49823e-05
-0.583333	0.22	0	1.4	2.45717e-05
-0.583333	0.26	0	1.4	2.37105e-05
-0.583333	0.3	0	1.4	2.40834e-05
-0.583333	0.34	0	1.4	2.38523e-05
-0.583333	0.38	0	1.4	2.25203e-05
-0.583333	0.42	0	1.4	2.20626e-05
-0.583333	0.46	0	1.4	1.81274e-05
-0.583333	0.5	0	1.4	1.79533e-05
-0.583333	0.54	0	1.4	1.6819e-05
-0.583333	0.58	0	1.4	1.39779e-05
-0.583333	0.62	0	1.4	1.29127e-05
-0.583333	0.66	0	1.4	1.06198e-05
-0.583333	0.7	0	1.4	9.6809e-06
-0.583333	0.74	0	1.4	7.63977e-06
-0.583333	0.78	0	1.4	7.31278e-06
-0.583333	0.82	0	1.4	5.47727e-06
-0.583333	0.86	0	1.4	4.64947e-06
-0.583333	0.9	0	1.4	3.81467e-06
-0.583333	0.94	0	1.4	3.22372e-06
-0.583333	0.98	0	1.4	2.62208e-06
-0.55	-0.98	0	1.4	1.68794e-06
-0.55	-0.94	0	1.4	1.34025e-06
-0.55	-0.9	0	1.4	9.89142e-07
-0.55	-0.86	0	1.4	7.44207e-07
-0.55	-0.82	0	1.4	6.19959e-07
-0.55	-0.78	0	1.4	4.86784e-07
-0.55	-0.74	0	1.4	3.96004e-07
-0.55	-0.7	0	1.4	2.73929e-07
-0.55	-0.66	0	1.4	2.15683e-07
-0.55	-0.62	0	1.4	1.64757e-07
-0.55	-0.58	0	1.4	1.35502e-07
-0.55	-0.54	0	1.4	9.42336e-08
-0.55	-0.5	0	1.4	7.25276e-08
-0.55	-0.46	0	1.4	5.52617e-08
-0.55	-0.42	0	1.4	4.03006e-08
-0.55	-0.38	0	1.4	3.04654e-08
-0.55	-0.34	0	1.4	2.15152e-08
-0.55	-0.3	0	1.4	1.63741e-08
-0.55	-0.26	0	1.4	8.20404e-06
-0.55	-0.22	0	1.4	8.60281e-06
-0.55	-0.18	0	1.4	1.01648e-05
-0.55	-0.14	0	1.4	1.13858e-05
-0.55	-0.1	0	1.4	1.22285e-05
-0.55	-0.06	0	1.4	1.3496e-05
-0.55	-0.02	0	1.4	1.48774e-05
-0.55	0.02	0	1.4	1.65819e-05
-0.55	0.06	0	1.4	1.77182e-05
-0.55	0.1	0	1.4	1.94469e-05
-0.55	0.14	0	1.4	1.88848e-05
-0.55	0.18	0	1.4	1.79508e-05
-0.55	0.22	0	1.4	1.9275e-05
-0.55	0.26	0	1.4	1.88848e-05
-0.55	0.3	0	1.4	1.63788e-05
-0.55	0.34	0	1.4	1.6219e-05
-0.55	0.38	0	1.4	1.50274e-05
-0.55	0.42	0	1.4	1.62152e-05
-0.55	0.46	0	1.4	1.45111e-05
-0.55	0.5	0	1.4	1.3193e-05
-0.55	0.54	0	1.4	1.18849e-05
-0.55	0.58	0	1.4	1.02486e-05
-0.55	0.62	0	1.4	9.46804e-06
-0.55	0.66	0	1.4	8.26898e-06
-0.55	0.7	0	1.4	7.12698e-06
-0.55	0.74	0	1.4	5.96732e-06
-0.55	0.78	0	1.4	5.20372e-06
-0.55	0.82	0	1.4	4.10101e-06
-0.55	0.86	0	1.4	3.28363e-06
-0.55	0.9	0	1.4	3.05239e-06
-0.55	0.94	0	1.4	2.53887e-06
-0.55	0.98	0	1.4	1.8731e-06
-0.516667	-0.98	0	1.4	1.24711e-06
-0.516667	-0.94	0	1.4	8.85892e-07
-0.516667	-0.9	0	1.4	8.50327e-07
-0.516667	-0.86	0	1.4	5.85706e-07
-0.516667	-0.82	0	1.4	4.57081e-07
-0.516667	-0.78	0	1.4	3.73477e-07
-0.516667	-0.74	0	1.4	2.80992e-07
-0.516667	-0.7	0	1.4	2.2381e-07
-0.516667	-0.66	0	1.4	1.74364e-07
-0.516667	-0.62	0	1.4	1.38295e-07
-0.516667	-0.58	0	1.4	1.01468e-07
-0.516667	-0.54	0	1.4	7.72539e-08
-0.516667	-0.5	0	1.4	5.96265e-08
-0.516667	-0.46	0	1.4	4.63748e-08
-0.516667	-0.42	0	1.4	3.0788e-08
-0.516667	-0.38	0	1.4	2.47241e-08
-0.516667	-0.34	0	1.4	1.84368e-08
-0.516667	-0.3	0	1.4	1.29239e-08
-0.516667	-0.26	0	1.4	5.96573e-06
-0.516667	-0.22	0	1.4	6.48574e-06
-0.516667	-0.18	0	1.4	7.85334e-06
-0.516667	-0.14	0	1.4	8.31966e-06
-0.516667	-0.1	0	1.4	9.76266e-06
-0.516667	-0.06	0	1.4	9.79073e-06
-0.516667	-0.02	0	1.4	1.14718e-05
-0.516667	0.02	0	1.4	1.09897e-05
-0.516667	0.06	0	1.4	1.2591e-05
-0.516667	0.1	0	1.4	1.24254e-05
-0.516667	0.14	0	1.4	1.30161e-05
-0.516667	0.18	0	1.4	1.27927e-05
-0.516667	0.22	0	1.4	1.21952e-05
-0.516667	0.26	0	1.4	1.35367e-05
-0.516667	0.3	0	1.4	1.26962e-05
-0.516667	0.34	0	1.4	1.28193e-05
-0.516667	0.38	0	1.4	1.19521e-05
-0.516667	0.42	0	1.4	1.1355e-05
-0.516667	0.46	0	1.4	9.81786e-06
-0.516667	0.5	0	1.4	9.31438e-06
-0.516667	0.54	0	1.4	8.31966e-06
-0.516667	0.58	0	1.4	7.85334e-06
-0.516667	0.62	0	1.4	6.68391e-06
-0.516667	0.66	0	1.4	5.491e-06
-0.516667	0.7	0	1.4	4.88314e-06
-0.516667	0.74	0	1.4	4.80581e-06
-0.516667	0.78	0	1.4	3.81295e-06
-0.516667	0.82	0	1.4	3.2188e-06
-0.516667	0.86	0	1.4	2.67836e-06
-0.516667	0.9	0	1.4	2.25049e-06
-0.516667	0.94	0	1.4	1.70477e-06
-0.516667	0.98	0	1.4	1.43006e-06
-0.483333	-0.98	0	1.4	9.38311e-07
-0.483333	-0.94	0	1.4	7.2939e-07
-0.483333	-0.9	0	1.4	5.68414e-07
-0.483333	-0.86	0	1.4	4.64452e-07
-0.483333	-0.82	0	1.4	3.62039e-07
-0.483333	-0.78	0	1.4	2.75e-07
-0.483333	-0.74	0	1.4	2.14014e-07
-0.483333	-0.7	0	1.4	1.59067e-07
-0.483333	-0.66	0	1.4	1.30671e-07
-0.483333	-0.62	0	1.4	1.0114e-07
-0.483333	-0.58	0	1.4	7.76741e-08
-0.483333	-0.54	0	1.4	6.19326e-08
-0.483333	-0.5	0	1.4	4.45566e-08
-0.483333	-0.46	0	1.4	3.28361e-08
-0.483333	-0.42	0	1.4	2.61442e-08
-0.483333	-0.38	0	1.4	1.82027e-08
-0.483333	-0.34	0	1.4	1.37026e-08
-0.483333	-0.3	0	1.4	1.02761e-08
-0.483333	-0.26	0	1.4	4.22993e-06
-0.483333	-0.22	0	1.4	4.52611e-06
-0.483333	-0.18	0	1.4	5.36411e-06
-0.483333	-0.14	0	1.4	6.00998e-06
-0.483333	-0.1	0	1.4	7.03728e-06
-0.483333	-0.06	0	1.4	7.25658e-06
-0.483333	-0.02	0	1.4	7.79614e-06
-0.483333	0.02	0	1.4	8.18949e-06
-0.483333	0.06	0	1.4	8.4772e-06
-0.483333	0.1	0	1.4	8.98484e-06
-0.483333	0.14	0	1.4	9.10592e-06
-0.483333	0.18	0	1.4	9.29273e-06
-0.483333	0.22	0	1.4	9.84677e-06
-0.483333	0.26	0	1.4	9.1308e-06
-0.483333	0.3	0	1.4	9.32481e-06
-0.483333	0.34	0	1.4	8.66454e-06
-0.483333	0.38	0	1.4	8.30106e-06
-0.483333	0.42	0	1.4	8.4896e-06
-0.483333	0.46	0	1.4	7.45217e-06
-0.483333	0.5	0	1.4	6.89329e-06
-0.483333	0.54	0	1.4	6.46851e-06
-0.483333	0.58	0	1.4	5.762e-06
-0.483333	0.62	0	1.4	5.07711e-06
-0.483333	0.66	0	1.4	4.43796e-06
-0.483333	0.7	0	1.4	3.54733e-06
-0.483333	0.74	0	1.4	3.10614e-06
-0.483333	0.78	0	1.4	2.82717e-06
-0.483333	0.82	0	1.4	2.23122e-06
-0.483333	0.86	0	1.4	1.82566e-06
-0.483333	0.9	0	1.4	1.58561e-06
-0.483333	0.94	0	1.4	1.31965e-06
-0.483333	0.98	0	1.4	1.20551e-06
-0.45	-0.98	0	1.4	6.53582e-07
-0.45	-0.94	0	1.4	5.43829e-07
-0.45	-0.9	0	1.4	4.54892e-07
-0.45	-0.86	0	1.4	3.51801e-07
-0.45	-0.82	0	1.4	2.93266e-07
-0.45	-0.78	0	1.4	2.20494e-07
-0.45	-0.74	0	1.4	1.69032e-07
-0.45	-0.7	0	1.4	1.38153e-07
-0.45	-0.66	0	1.4	1.01147e-07
-0.45	-0.62	0	1.4	8.18124e-08
-0.45	-0.58	0	1.4	6.60219e-08
-0.45	-0.54	0	1.4	4.8104e-08
-0.45	-0.5	0	1.4	3.46182e-08
-0.45	-0.46	0	1.4	2.73302e-08
-0.45	-0.42	0	1.4	2.09024e-08
-0.45	-0.38	0	1.4	1.52239e-08
-0.45	-0.34	0	1.4	1.10051e-08
-0.45	-0.3	0	1.4	8.96071e-09
-0.45	-0.26	0	1.4	3.17097e-06
-0.45	-0.22	0	1.4	3.62756e-06
-0.45	-0.18	0	1.4	3.74322e-06
-0.45	-0.14	0	1.4	4.42224e-06
-0.45	-0.1	0	1.4	4.78458e-06
-0.45	-0.06	0	1.4	5.17533e-06
-0.45	-0.02	0	1.4	5.62623e-06
-0.45	0.02	0	1.4	5.83756e-06
-0.45	0.06	0	1.4	6.11892e-06
-0.45	0.1	0	1.4	6.23498e-06
-0.45	0.14	0	1.4	6.99058e-06
-0.45	0.18	0	1.4	6.7671e-06
-0.45	0.22	0	1.4	7.23629e-06
-0.45	0.26	0	1.4	6.66958e-06
-0.45	0.3	0	1.4	6.6878e-06
-0.45	0.34	0	1.4	6.50555e-06
-0.45	0.38	0	1.4	5.64511e-06
-0.45	0.42	0	1.4	5.68673e-06
-0.45	0.46	0	1.4	5.37275e-06
-0.45	0.5	0	1.4	4.84959e-06
-0.45	0.54	0	1.4	4.50523e-06
-0.45	0.58	0	1.4	4.03199e-06
-0.45	0.62	0	1.4	3.60847e-06
-0.45	0.66	0	1.4	3.51674e-06
-0.45	0.7	0	1.4	2.69219e-06
-0.45	0.74	0	1.4	2.28697e-06
-0.45	0.78	0	1.4	1.89078e-06
-0.45	0.82	0	1.4	1.83557e-06
-0.45	0.86	0	1.4	1.3699e-06
-0.45	0.9	0	1.4	1.21317e-06
-0.45	0.94	0	1.4	9.9688e-07
-0.45	0.98	0	1.4	8.9294e-07
-0.416667	-0.98	0	1.4	5.34872e-07
-0.416667	-0.94	0	1.4	4.05701e-07
-0.416667	-0.9	0	1.4	3.30008e-07
-0.416667	-0.86	0	1.4	2.79531e-07
-0.416667	-0.82	0	1.4	2.2196e-07
-0.416667	-0.78	0	1.4	1.67447e-07
-0.416667	-0.74	0	1.4	1.25621e-07
-0.416667	-0.7	0	1.4	1.00438e-07
-0.416667	-0.66	0	1.4	8.15498e-08
-0.416667	-0.62	0	1.4	6.5075e-08
-0.416667	-0.58	0	1.4	4.7239e-08
-0.416667	-0.54	0	1.4	3.87328e-08
-0.416667	-0.5	0	1.4	2.89931e-08
-0.416667	-0.46	0	1.4	2.12566e-08
-0.416667	-0.42	0	1.4	1.70919e-08
-0.416667	-0.38	0	1.4	1.19849e-08
-0.416667	-0.34	0	1.4	8.76326e-09
-0.416667	-0.3	0	1.4	6.05336e-09
-0.416667	-0.26	0	1.4	2.29973e-06
-0.416667	-0.22	0	1.4	2.63778e-06
-0.416667	-0.18	0	1.4	3.00204e-06
-0.416667	-0.14	0	1.4	3.21724e-06
-0.416667	-0.1	0	1.4	3.62399e-06
-0.416667	-0.06	0	1.4	3.46588e-06
-0.416667	-0.02	0	1.4	3.91791e-06
-0.416667	0.02	0	1.4	4.47135e-06
-0.416667	0.06	0	1.4	4.57302e-06
-0.416667	0.1	0	1.4	4.48404e-06
-0.416667	0.14	0	1.4	4.81887e-06
-0.416667	0.18	0	1.4	4.96541e-06
-0.416667	0.22	0	1.4	5.19817e-06
-0.416667	0.26	0	1.4	4.58879e-06
-0.416667	0.3	0	1.4	4.43408e-06
-0.416667	0.34	0	1.4	4.4041e-06
-0.416667	0.38	0	1.4	4.37915e-06
-0.416667	0.42	0	1.4	4.22264e-06
-0.416667	0.46	0	1.4	3.73015e-06
-0.416667	0.5	0	1.4	3.74605e-06
-0.416667	0.54	0	1.4	3.08855e-06
-0.416667	0.58	0	1.4	2.93998e-06
-0.416667	0.62	0	1.4	2.49895e-06
-0.416667	0.66	0	1.4	2.13985e-06
-0.416667	0.7	0	1.4	2.01174e-06
-0.416667	0.74	0	1.4	1.60708e-06
-0.416667	0.78	0	1.4	1.54037e-06
-0.416667	0.82	0	1.4	1.26214e-06
-0.416667	0.86	0	1.4	1.20076e-06
-0.416667	0.9	0	1.4	9.60223e-07
-0.416667	0.94	0	1.4	7.21319e-07
-0.416667	0.98	0	1.4	6.73504e-07
-0.383333	-0.98	0	1.4	3.71423e-07
-0.383333	-0.94	0	1.4	3.04555e-07
-0.383333	-0.9	0	1.4	2.36445e-07
-0.383333	-0.86	0	1.4	1.89071e-07
-0.383333	-0.82	0	1.4	1.8111e-07
-0.383333	-0.78	0	1.4	1.29975e-07
-0.383333	-0.74	0	1.4	1.02307e-07
-0.383333	-0.7	0	1.4	8.6057e-08
-0.383333	-0.66	0	1.4	6.53137e-08
-0.383333	-0.62	0	1.4	4.52481e-08
-0.383333	-0.58	0	1.4	3.65418e-08
-0.383333	-0.54	0	1.4	2.76172e-08
-0.383333	-0.5	0	1.4	2.16508e-08
-0.383333	-0.46	0	1.4	1.65732e-08
-0.383333	-0.42	0	1.4	1.27671e-08
-0.383333	-0.38	0	1.4	9.74053e-09
-0.383333	-0.34	0	1.4	7.36256e-09
-0.383333	-0.3	0	1.4	5.74591e-09
-0.383333	-0.26	0	1.4	1.68447e-06
-0.383333	-0.22	0	1.4	1.89664e-06
-0.383333	-0.18	0	1.4	2.0694e-06
-0.383333	-0.14	0	1.4	2.27743e-06
-0.383333	-0.1	0	1.4	2.33136e-06
-0.383333	-0.06	0	1.4	2.534e-06
-0.383333	-0.02	0	1.4	2.83434e-06
-0.383333	0.02	0	1.4	2.98904e-06
-0.383333	0.06	0	1.4	3.25617e-06
-0.383333	0.1	0	1.4	3.4665e-06
-0.383333	0.14	0	1.4	3.49975e-06
-0.383333	0.18	0	1.4	3.39123e-06
-0.383333	0.22	0	1.4	3.6136e-06
-0.383333	0.26	0	1.4	3.43561e-06
-0.383333	0.3	0	1.4	3.42171e-06
-0.383333	0.34	0	1.4	2.97039e-06
-0.383333	0.38	0	1.4	3.18776e-06
-0.383333	0.42	0	1.4	2.70907e-06
-0.383333	0.46	0	1.4	2.70977e-06
-0.383333	0.5	0	1.4	2.44657e-06
-0.383333	0.54	0	1.4	2.48841e-06
-0.383333	0.58	0	1.4	2.01317e-06
-0.383333	0.62	0	1.4	1.7554e-06
-0.383333	0.66	0	1.4	1.72927e-06
-0.383333	0.7	0	1.4	1.4461e-06
-0.383333	0.74	0	1.4	1.30455e-06
-0.383333	0.78	0	1.4	1.10247e-06
-0.383333	0.82	0	1.4	9.43239e-07
-0.383333	0.86	0	1.4	7.2691e-07
-0.383333	0.9	0	1.4	6.96396e-07
-0.383333	0.94	0	1.4	5.49281e-07
-0.383333	0.98	0	1.4	4.72136e-07
-0.35	-0.98	0	1.4	2.85791e-07
-0.35	-0.94	0	1.4	2.38899e-07
-0.35	-0.9	0	1.4	1.94129e-07
-0.35	-0.86	0	1.4	1.6122e-07
-0.35	-0.82	0	1.4	1.26302e-07
-0.35	-0.78	0	1.4	9.85368e-08
-0.35	-0.74	0	1.4	7.72121e-08
-0.35	-0.7	0	1.4	5.63654e-08
-0.35	-0.66	0	1.4	4.99301e-08
-0.35	-0.62	0	1.4	3.63848e-08
-0.35	-0.58	0	1.4	2.8816e-08
-0.35	-0.54	0	1.4	2.29382e-08
-0.35	-0.5	0	1.4	1.73736e-08
-0.35	-0.46	0	1.4	1.33075e-08
-0.35	-0.42	0	1.4	9.45416e-09
-0.35	-0.38	0	1.4	7.86881e-09
-0.35	-0.34	0	1.4	5.84453e-09
-0.35	-0.3	0	1.4	4.33468e-09
-0.35	-0.26	0	1.4	1.1481e-06
-0.35	-0.22	0	1.4	1.41404e-06
-0.35	-0.18	0	1.4	1.58903e-06
-0.35	-0.14	0	1.4	1.76774e-06
-0.35	-0.1	0	1.4	1.78505e-06
-0.35	-0.06	0	1.4	1.8993e-06
-0.35	-0.02	0	1.4	2.03875e-06
-0.35	0.02	0	1.4	2.2068e-06
-0.35	0.06	0	1.4	2.25604e-06
-0.35	0.1	0	1.4	2.34455e-06
-0.35	0.14	0	1.4	2.33769e-06
-0.35	0.18	0	1.4	2.35697e-06
-0.35	0.22	0	1.4	2.43664e-06
-0.35	0.26	0	1.4	2.58721e-06
-0.35	0.3	0	1.4	2.51156e-06
-0.35	0.34	0	1.4	2.37413e-06
-0.35	0.38	0	1.4	2.26034e-06
-0.35	0.42	0	1.4	2.13449e-06
-0.35	0.46	0	1.4	1.85709e-06
-0.35	0.5	0	1.4	1.77038e-06
-0.35	0.54	0	1.4	1.74531e-06
-0.35	0.58	0	1.4	1.42605e-06
-0.35	0.62	0	1.4	1.37008e-06
-0.35	0.66	0	1.4	1.21659e-06
-0.35	0.7	0	1.4	1.1333e-06
-0.35	0.74	0	1.4	9.72571e-07
-0.35	0.78	0	1.4	8.00714e-07
-0.35	0.82	0	1.4	7.26378e-07
-0.35	0.86	0	1.4	6.24401e-07
-0.35	0.9	0	1.4	4.94701e-07
-0.35	0.94	0	1.4	4.51116e-07
-0.35	0.98	0	1.4	3.3832e-07
-0.316667	-0.98	0	1.4	2.12497e-07
-0.316667	-0.94	0	1.4	1.85802e-07
-0.316667	-0.9	0	1.4	1.45734e-07
-0.316667	-0.86	0	1.4	1.1741e-07
-0.316667	-0.82	0	1.4	9.79848e-08
-0.316667	-0.78	0	1.4	7.67499e-08
-0.316667	-0.74	0	1.4	5.65436e-08
-0.316667	-0.7	0	1.4	4.61928e-08
-0.316667	-0.66	0	1.4	3.45191e-08
-0.316667	-0.62	0	1.4	2.814e-08
-0.316667	-0.58	0	1.4	2.14603e-08
-0.316667	-0.54	0	1.4	1.60927e-08
-0.316667	-0.5	0	1.4	1.36097e-08
-0.316667	-0.46	0	1.4	1.02124e-08
-0.316667	-0.42	0	1.4	8.02395e-09
-0.316667	-0.38	0	1.4	6.01793e-09
-0.316667	-0.34	0	1.4	4.56662e-09
-0.316667	-0.3	0	1.4	3.31553e-09
-0.316667	-0.26	0	1.4	8.42433e-07
-0.316667	-0.22	0	1.4	9.70506e-07
-0.316667	-0.18	0	1.4	1.08292e-06
-0.316667	-0.14	0	1.4	1.20302e-06
-0.316667	-0.1	0	1.4	1.30536e-06
-0.316667	-0.06	0	1.4	1.39449e-06
-0.316667	-0.02	0	1.4	1.48648e-06
-0.316667	0.02	0	1.4	1.60227e-06
-0.316667	0.06	0	1.4	1.75277e-06
-0.316667	0.1	0	1.4	1.71349e-06
-0.316667	0.14	0	1.4	1.73668e-06
-0.316667	0.18	0	1.4	1.76026e-06
-0.316667	0.22	0	1.4	1.6556e-06
-0.316667	0.26	0	1.4	1.62843e-06
-0.316667	0.3	0	1.4	1.81022e-06
-0.316667	0.34	0	1.4	1.70817e-06
-0.316667	0.38	0	1.4	1.57236e-06
-0.316667	0.42	0	1.4	1.59584e-06
-0.316667	0.46	0	1.4	1.44389e-06
-0.316667	0.5	0	1.4	1.27714e-06
-0.316667	0.54	0	1.4	1.18681e-06
-0.316667	0.58	0	1.4	1.05046e-06
-0.316667	0.62	0	1.4	9.65188e-07
-0.316667	0.66	0	1.4	8.63791e-07
-0.316667	0.7	0	1.4	7.59515e-07
-0.316667	0.74	0	1.4	6.80086e-07
-0.316667	0.78	0	1.4	6.03256e-07
-0.316667	0.82	0	1.4	5.41215e-07
-0.316667	0.86	0	1.4	4.66596e-07
-0.316667	0.9	0	1.4	3.42365e-07
-0.316667	0.94	0	1.4	3.07499e-07
-0.316667	0.98	0	1.4	2.67343e-07
-0.283333	-0.98	0	1.4	0.000365835
-0.283333	-0.94	0	1.4	0.000258724
-0.283333	-0.9	0	1.4	0.000174533
-0.283333	-0.86	0	1.4	0.00012149
-0.283333	-0.82	0	1.4	8.45278e-05
-0.283333	-0.78	0	1.4	6.17774e-05
-0.283333	-0.74	0	1.4	4.19507e-05
-0.283333	-0.7	0	1.4	2.88011e-05
-0.283333	-0.66	0	1.4	2.07227e-05
-0.283333	-0.62	0	1.4	1.4287e-05
-0.283333	-0.58	0	1.4	1.01485e-05
-0.283333	-0.54	0	1.4	6.15585e-06
-0.283333	-0.5	0	1.4	4.52151e-06
-0.283333	-0.46	0	1.4	3.24298e-06
-0.283333	-0.42	0	1.4	2.26584e-06
-0.283333	-0.38	0	1.4	1.43553e-06
-0.283333	-0.34	0	1.4	1.06528e-06
-0.283333	-0.3	0	1.4	6.88709e-07
-0.283333	-0.26	0	1.4	0.00635729
-0.283333	-0.22	0	1.4	0.00843216
-0.283333	-0.18	0	1.4	0.0103794
-0.283333	-0.14	0	1.4	0.0125359
-0.283333	-0.1	0	1.4	0.0155095
-0.283333	-0.06	0	1.4	0.0193569
-0.283333	-0.02	0	1.4	0.0224798
-0.283333	0.02	0	1.4	0.0264452
-0.283333	0.06	0	1.4	0.0302024
-0.283333	0.1	0	1.4	0.0328359
-0.283333	0.14	0	1.4	0.0373579
-0.283333	0.18	0	1.4	0.035736
-0.283333	0.22	0	1.4	0.0355454
-0.283333	0.26	0	1.4	0.0323645
-0.283333	0.3	0	1.4	0.0306584
-0.283333	0.34	0	1.4	0.0298836
-0.283333	0.38	0	1.4	0.0255945
-0.283333	0.42	0	1.4	0.0231554
-0.283333	0.46	0	1.4	0.0184228
-0.283333	0.5	0	1.4	0.0143527
-0.283333	0.54	0	1.4	0.0127091
-0.283333	0.58	0	1.4	0.0106265
-0.283333	0.62	0	1.4	0.0075119
-0.283333	0.66	0	1.4	0.00611089
-0.283333	0.7	0	1.4	0.00447818
-0.283333	0.74	0	1.4	0.00338807
-0.283333	0.78	0	1.4	0.0023846
-0.283333	0.82	0	1.4	0.00179997
-0.283333	0.86	0	1.4	0.00121415
-0.283333	0.9	0	1.4	0.000972904
-0.283333	0.94	0	1.4	0.000645039
-0.283333	0.98	0	1.4	0.000517723
-0.25	-0.98	0	1.4	0.000427907
-0.25	-0.94	0	1.4	0.000275989
-0.25	-0.9	0	1.4	0.000216948
-0.25	-0.86	0	1.4	0.000148349
-0.25	-0.82	0	1.4	0.000102193
-0.25	-0.78	0	1.4	7.40007e-05
-0.25	-0.74	0	1.4	5.0083e-05
-0.25	-0.7	0	1.4	3.4804e-05
-0.25	-0.66	0	1.4	2.38251e-05
-0.25	-0.62	0	1.4	1.61501e-05
-0.25	-0.58	0	1.4	1.17287e-05
-0.25	-0.54	0	1.4	7.156e-06
-0.25	-0.5	0	1.4	5.15833e-06
-0.25	-0.46	0	1.4	3.35064e-06
-0.25	-0.42	0	1.4	2.42293e-06
-0.25	-0.38	0	1.4	1.63771e-06
-0.25	-0.34	0	1.4	1.08742e-06
-0.25	-0.3	0	1.4	7.91642e-07
-0.25	-0.26	0	1.4	0.00765432
-0.25	-0.22	0	1.4	0.0110154
-0.25	-0.18	0	1.4	0.0126346
-0.25	-0.14	0	1.4	0.0163852
-0.25	-0.1	0	1.4	0.0207726
-0.25	-0.06	0	1.4	0.0262376
-0.25	-0.02	0	1.4	0.0306899
-0.25	0.02	0	1.4	0.034682
-0.25	0.06	0	1.4	0.0396946
-0.25	0.1	0	1.4	0.0468113
-0.25	0.14	0	1.4	0.0450804
-0.25	0.18	0	1.4	0.0472821
-0.25	0.22	0	1.4	0.0483099
-0.25	0.26	0	1.4	0.0449558
-0.25	0.3	0	1.4	0.0435345
-0.25	0.34	0	1.4	0.0404416
-0.25	0.38	0	1.4	0.0337369
-0.25	0.42	0	1.4	0.0291432
-0.25	0.46	0	1.4	0.024666
-0.25	0.5	0	1.4	0.0204926
-0.25	0.54	0	1.4	0.0162057
-0.25	0.58	0	1.4	0.0135522
-0.25	0.62	0	1.4	0.0100339
-0.25	0.66	0	1.4	0.00728094
-0.25	0.7	0	1.4	0.00538719
-0.25	0.74	0	1.4	0.00420422
-0.25	0.78	0	1.4	0.00300218
-0.25	0.82	0	1.4	0.00218481
-0.25	0.86	0	1.4	0.00176484
-0.25	0.9	0	1.4	0.00114751
-0.25	0.94	0	1.4	0.00082953
-0.25	0.98	0	1.4	0.000543083
-0.216667	-0.98	0	1.4	0.000525251
-0.216667	-0.94	0	1.4	0.000348567
-0.216667	-0.9	0	1.4	0.000235091
-0.216667	-0.86	0	1.4	0.000166041
-0.216667	-0.82	0	1.4	0.000121312
-0.216667	-0.78	0	1.4	8.17056e-05
-0.216667	-0.74	0	1.4	5.41302e-05
-0.216667	-0.7	0	1.4	3.87099e-05
-0.216667	-0.66	0	1.4	2.59028e-05
-0.216667	-0.62	0	1.4	1.86008e-05
-0.216667	-0.58	0	1.4	1.15195e-05
-0.216667	-0.54	0	1.4	8.24794e-06
-0.216667	-0.5	0	1.4	5.93364e-06
-0.216667	-0.46	0	1.4	3.78677e-06
-0.216667	-0.42	0	1.4	2.59053e-06
-0.216667	-0.38	0	1.4	1.91355e-06
-0.216667	-0.34	0	1.4	1.17209e-06
-0.216667	-0.3	0	1.4	8.43233e-07
-0.216667	-0.26	0	1.4	0.00965022
-0.216667	-0.22	0	1.4	0.0131422
-0.216667	-0.18	0	1.4	0.0170715
-0.216667	-0.14	0	1.4	0.0218425
-0.216667	-0.1	0	1.4	0.0284766
-0.216667	-0.06	0	1.4	0.0330449
-0.216667	-0.02	0	1.4	0.039408
-0.216667	0.02	0	1.4	0.0452441
-0.216667	0.06	0	1.4	0.0490418
-0.216667	0.1	0	1.4	0.0618823
-0.216667	0.14	0	1.4	0.0578593
-0.216667	0.18	0	1.4	0.0606109
-0.216667	0.22	0	1.4	0.0645489
-0.216667	0.26	0	1.4	0.0595172
-0.216667	0.3	0	1.4	0.0537972
-0.216667	0.34	0	1.4	0.0527164
-0.216667	0.38	0	1.4	0.0488586
-0.216667	0.42	0	1.4	0.0421847
-0.216667	0.46	0	1.4	0.0308182
-0.216667	0.5	0	1.4	0.0257956
-0.216667	0.54	0	1.4	0.022246
-0.216667	0.58	0	1.4	0.01797
-0.216667	0.62	0	1.4	0.0131422
-0.216667	0.66	0	1.4	0.0103247
-0.216667	0.7	0	1.4	0.00729541
-0.216667	0.74	0	1.4	0.0052375
-0.216667	0.78	0	1.4	0.00365861
-0.216667	0.82	0	1.4	0.00264871
-0.216667	0.86	0	1.4	0.00199969
-0.216667	0.9	0	1.4	0.00149622
-0.216667	0.94	0	1.4	0.000967831
-0.216667	0.98	0	1.4	0.000742822
-0.183333	-0.98	0	1.4	0.000598519
-0.183333	-0.94	0	1.4	0.00039254
-0.183333	-0.9	0	1.4	0.000271375
-0.183333	-0.86	0	1.4	0.000172726
-0.183333	-0.82	0	1.4	0.000137236
-0.183333	-0.78	0	1.4	8.91021e-05
-0.183333	-0.74	0	1.4	6.32372e-05
-0.183333	-0.7	0	1.4	4.44151e-05
-0.183333	-0.66	0	1.4	2.82942e-05
-0.183333	-0.62	0	1.4	2.01624e-05
-0.183333	-0.58	0	1.4	1.33692e-05
-0.183333	-0.54	0	1.4	9.67606e-06
-0.183333	-0.5	0	1.4	6.40765e-06
-0.183333	-0.46	0	1.4	4.35225e-06
-0.183333	-0.42	0	1.4	3.08061e-06
-0.183333	-0.38	0	1.4	2.06215e-06
-0.183333	-0.34	0	1.4	1.37537e-06
-0.183333	-0.3	0	1.4	8.98932e-07
-0.183333	-0.26	0	1.4	0.0117144
-0.183333	-0.22	0	1.4	0.0157592
-0.183333	-0.18	0	1.4	0.0208146
-0.183333	-0.14	0	1.4	0.0274371
-0.183333	-0.1	0	1.4	0.034207
-0.183333	-0.06	0	1.4	0.0450925
-0.183333	-0.02	0	1.4	0.051202
-0.183333	0.02	0	1.4	0.0621496
-0.183333	0.06	0	1.4	0.0642631
-0.183333	0.1	0	1.4	0.0710806
-0.183333	0.14	0	1.4	0.0763452
-0.183333	0.18	0	1.4	0.0849752
-0.183333	0.22	0	1.4	0.0917193
-0.183333	0.26	0	1.4	0.0804779
-0.183333	0.3	0	1.4	0.0769871
-0.183333	0.34	0	1.4	0.0688798
-0.183333	0.38	0	1.4	0.0582551
-0.183333	0.42	0	1.4	0.0509252
-0.183333	0.46	0	1.4	0.0427977
-0.183333	0.5	0	1.4	0.0328164
-0.183333	0.54	0	1.4	0.0280224
-0.183333	0.58	0	1.4	0.020249
-0.183333	0.62	0	1.4	0.0156303
-0.183333	0.66	0	1.4	0.0116823
-0.183333	0.7	0	1.4	0.00925467
-0.183333	0.74	0	1.4	0.0060577
-0.183333	0.78	0	1.4	0.00462377
-0.183333	0.82	0	1.4	0.00327602
-0.183333	0.86	0	1.4	0.00241263
-0.183333	0.9	0	1.4	0.00166987
-0.183333	0.94	0	1.4	0.00122828
-0.183333	0.98	0	1.4	0.000749603
-0.15	-0.98	0	1.4	0.000618457
-0.15	-0.94	0	1.4	0.000463181
-0.15	-0.9	0	1.4	0.000316141
-0.15	-0.86	0	1.4	0.000214102
-0.15	-0.82	0	1.4	0.000154231
-0.15	-0.78	0	1.4	9.97339e-05
-0.15	-0.74	0	1.4	7.07025e-05
-0.15	-0.7	0	1.4	4.74337e-05
-0.15	-0.66	0	1.4	3.34287e-05
-0.15	-0.62	0	1.4	2.25559e-05
-0.15	-0.58	0	1.4	1.39451e-05
-0.15	-0.54	0	1.4	1.00412e-05
-0.15	-0.5	0	1.4	6.97693e-06
-0.15	-0.46	0	1.4	4.7015e-06
-0.15	-0.42	0	1.4	3.12237e-06
-0.15	-0.38	0	1.4	2.11227e-06
-0.15	-0.34	0	1.4	1.47975e-06
-0.15	-0.3	0	1.4	9.43323e-07
-0.15	-0.26	0	1.4	0.0131438
-0.15	-0.22	0	1.4	0.0194317
-0.15	-0.18	0	1.4	0.0265146
-0.15	-0.14	0	1.4	0.0346633
-0.15	-0.1	0	1.4	0.0430664
-0.15	-0.06	0	1.4	0.0532003
-0.15	-0.02	0	1.4	0.0696141
-0.15	0.02	0	1.4	0.079034
-0.15	0.06	0	1.4	0.08876
-0.15	0.1	0	1.4	0.10252
-0.15	0.14	0	1.4	0.109591
-0.15	0.18	0	1.4	0.112154
-0.15	0.22	0	1.4	0.114473
-0.15	0.26	0	1.4	0.107069
-0.15	0.3	0	1.4	0.0970141
-0.15	0.34	0	1.4	0.0885227
-0.15	0.38	0	1.4	0.0748743
-0.15	0.42	0	1.4	0.0708509
-0.15	0.46	0	1.4	0.0572815
-0.15	0.5	0	1.4	0.0422472
-0.15	0.54	0	1.4	0.0353969
-0.15	0.58	0	1.4	0.02553
-0.15	0.62	0	1.4	0.0208084
-0.15	0.66	0	1.4	0.0147917
-0.15	0.7	0	1.4	0.0105574
-0.15	0.74	0	1.4	0.00761283
-0.15	0.78	0	1.4	0.00555725
-0.15	0.82	0	1.4	0.00391805
-0.15	0.86	0	1.4	0.00294542
-0.15	0.9	0	1.4	0.00195826
-0.15	0.94	0	1.4	0.00134665
-0.15	0.98	0	1.4	0.000896636
-0.116667	-0.98	0	1.4	0.000757086
-0.116667	-0.94	0	1.4	0.000530664
-0.116667	-0.9	0	1.4	0.000368154
-0.116667	-0.86	0	1.4	0.000239964
-0.116667	-0.82	0	1.4	0.000165931
-0.116667	-0.78	0	1.4	0.000117883
-0.116667	-0.74	0	1.4	7.54485e-05
-0.116667	-0.7	0	1.4	5.4641e-05
-0.116667	-0.66	0	1.4	3.62271e-05
-0.116667	-0.62	0	1.4	2.67801e-05
-0.116667	-0.58	0	1.4	1.60664e-05
-0.116667	-0.54	0	1.4	1.15655e-05
-0.116667	-0.5	0	1.4	7.23274e-06
-0.116667	-0.46	0	1.4	5.52349e-06
-0.116667	-0.42	0	1.4	3.45136e-06
-0.116667	-0.38	0	1.4	2.46308e-06
-0.116667	-0.34	0	1.4	1.52516e-06
-0.116667	-0.3	0	1.4	1.072e-06
-0.116667	-0.26	0	1.4	0.0177517
-0.116667	-0.22	0	1.4	0.0247976
-0.116667	-0.18	0	1.4	0.0310454
-0.116667	-0.14	0	1.4	0.039759
-0.116667	-0.1	0	1.4	0.055289
-0.116667	-0.06	0	1.4	0.0654029
-0.116667	-0.02	0	1.4	0.0862536
-0.116667	0.02	0	1.4	0.0942176
-0.116667	0.06	0	1.4	0.111265
-0.116667	0.1	0	1.4	0.118051
-0.116667	0.14	0	1.4	0.137885
-0.116667	0.18	0	1.4	0.138913
-0.116667	0.22	0	1.4	0.128678
-0.116667	0.26	0	1.4	0.130107
-0.116667	0.3	0	1.4	0.131609
-0.116667	0.34	0	1.4	0.12293
-0.116667	0.38	0	1.4	0.0999754
-0.116667	0.42	0	1.4	0.0811538
-0.116667	0.46	0	1.4	0.0657672
-0.116667	0.5	0	1.4	0.0532521
-0.116667	0.54	0	1.4	0.0436103
-0.116667	0.58	0	1.4	0.0321665
-0.116667	0.62	0	1.4	0.0233162
-0.116667	0.66	0	1.4	0.0170416
-0.116667	0.7	0	1.4	0.0126673
-0.116667	0.74	0	1.4	0.00878983
-0.116667	0.78	0	1.4	0.00698236
-0.116667	0.82	0	1.4	0.00475301
-0.116667	0.86	0	1.4	0.00328926
-0.116667	0.9	0	1.4	0.00218581
-0.116667	0.94	0	1.4	0.00157278
-0.116667	0.98	0	1.4	0.00103048
-0.0833333	-0.98	0	1.4	0.000767914
-0.0833333	-0.94	0	1.4	0.000589071
-0.0833333	-0.9	0	1.4	0.000375386
-0.0833333	-0.86	0	1.4	0.000265538
-0.0833333	-0.82	0	1.4	0.000178525
-0.0833333	-0.78	0	1.4	0.000123178
-0.0833333	-0.74	0	1.4	8.73687e-05
-0.0833333	-0.7	0	1.4	5.85724e-05
-0.0833333	-0.66	0	1.4	3.64084e-05
-0.0833333	-0.62	0	1.4	2.77281e-05
-0.0833333	-0.58	0	1.4	1.78766e-05
-0.0833333	-0.54	0	1.4	1.10983e-05
-0.0833333	-0.5	0	1.4	8.23483e-06
-0.0833333	-0.46	0	1.4	5.61396e-06
-0.0833333	-0.42	0	1.4	3.58412e-06
-0.0833333	-0.38	0	1.4	2.64554e-06
-0.0833333	-0.34	0	1.4	1.5806e-06
-0.0833333	-0.3	0	1.4	1.15679e-06
-0.0833333	-0.26	0	1.4	0.0193662
-0.0833333	-0.22	0	1.4	0.0295646
-0.0833333	-0.18	0	1.4	0.037272
-0.0833333	-0.14	0	1.4	0.051897
-0.0833333	-0.1	0	1.4	0.0663201
-0.0833333	-0.06	0	1.4	0.0845089
-0.0833333	-0.02	0	1.4	0.0979531
-0.0833333	0.02	0	1.4	0.112546
-0.0833333	0.06	0	1.4	0.139709
-0.0833333	0.1	0	1.4	0.151944
-0.0833333	0.14	0	1.4	0.161478
-0.0833333	0.18	0	1.4	0.166891
-0.0833333	0.22	0	1.4	0.166441
-0.0833333	0.26	0	1.4	0.160608
-0.0833333	0.3	0	1.4	0.15398
-0.0833333	0.34	0	1.4	0.144501
-0.0833333	0.38	0	1.4	0.115771
-0.0833333	0.42	0	1.4	0.104229
-0.0833333	0.46	0	1.4	0.0838382
-0.0833333	0.5	0	1.4	0.0680981
-0.0833333	0.54	0	1.4	0.051897
-0.0833333	0.58	0	1.4	0.0403953
-0.0833333	0.62	0	1.4	0.0285611
-0.0833333	0.66	0	1.4	0.0204922
-0.0833333	0.7	0	1.4	0.0146236
-0.0833333	0.74	0	1.4	0.0113307
-0.0833333	0.78	0	1.4	0.00801413
-0.0833333	0.82	0	1.4	0.00558547
-0.0833333	0.86	0	1.4	0.00353299
-0.0833333	0.9	0	1.4	0.00262809
-0.0833333	0.94	0	1.4	0.00172939
-0.0833333	0.98	0	1.4	0.00123627
-0.05	-0.98	0	1.4	0.000982989
-0.05	-0.94	0	1.4	0.0006416
-0.05	-0.9	0	1.4	0.000408003
-0.05	-0.86	0	1.4	0.000260939
-0.05	-0.82	0	1.4	0.000186302
-0.05	-0.78	0	1.4	0.000147048
-0.05	-0.74	0	1.4	9.62413e-05
-0.05	-0.7	0	1.4	6.05295e-05
-0.05	-0.66	0	1.4	4.31064e-05
-0.05	-0.62	0	1.4	2.71013e-05
-0.05	-0.58	0	1.4	1.97099e-05
-0.05	-0.54	0	1.4	1.29343e-05
-0.05	-0.5	0	1.4	9.39226e-06
-0.05	-0.46	0	1.4	5.86451e-06
-0.05	-0.42	0	1.4	4.11755e-06
-0.05	-0.38	0	1.4	2.67634e-06
-0.05	-0.34	0	1.4	1.88244e-06
-0.05	-0.3	0	1.4	1.19678e-06
-0.05	-0.26	0	1.4	0.024322
-0.05	-0.22	0	1.4	0.0358606
-0.05	-0.18	0	1.4	0.0459661
-0.05	-0.14	0	1.4	0.0658887
-0.05	-0.1	0	1.4	0.0805802
-0.05	-0.06	0	1.4	0.0986627
-0.05	-0.02	0	1.4	0.125499
-0.05	0.02	0	1.4	0.142876
-0.05	0.06	0	1.4	0.164909
-0.05	0.1	0	1.4	0.167274
-0.05	0.14	0	1.4	0.206129
-0.05	0.18	0	1.4	0.200464
-0.05	0.22	0	1.4	0.184298
-0.05	0.26	0	1.4	0.184733
-0.05	0.3	0	1.4	0.18586
-0.05	0.34	0	1.4	0.167569
-0.05	0.38	0	1.4	0.145982
-0.05	0.42	0	1.4	0.128456
-0.05	0.46	0	1.4	0.0946301
-0.05	0.5	0	1.4	0.0805802
-0.05	0.54	0	1.4	0.0675319
-0.05	0.58	0	1.4	0.0470781
-0.05	0.62	0	1.4	0.0305816
-0.05	0.66	0	1.4	0.0237947
-0.05	0.7	0	1.4	0.0191642
-0.05	0.74	0	1.4	0.0121118
-0.05	0.78	0	1.4	0.00855588
-0.05	0.82	0	1.4	0.00519162
-0.05	0.86	0	1.4	0.00402036
-0.05	0.9	0	1.4	0.00290259
-0.05	0.94	0	1.4	0.00208942
-0.05	0.98	0	1.4	0.0013037
-0.0166667	-0.98	0	1.4	0.000937622
-0.0166667	-0.94	0	1.4	0.000668526
-0.0166667	-0.9	0	1.4	0.000463659
-0.0166667	-0.86	0	1.4	0.000324467
-0.0166667	-0.82	0	1.4	0.000214509
-0.0166667	-0.78	0	1.4	0.000141614
-0.0166667	-0.74	0	1.4	8.75637e-05
-0.0166667	-0.7	0	1.4	6.78926e-05
-0.0166667	-0.66	0	1.4	4.41603e-05
-0.0166667	-0.62	0	1.4	3.17537e-05
-0.0166667	-0.58	0	1.4	1.96136e-05
-0.0166667	-0.54	0	1.4	1.41131e-05
-0.0166667	-0.5	0	1.4	8.9159e-06
-0.0166667	-0.46	0	1.4	6.56204e-06
-0.0166667	-0.42	0	1.4	4.38674e-06
-0.0166667	-0.38	0	1.4	2.93156e-06
-0.0166667	-0.34	0	1.4	1.8867e-06
-0.0166667	-0.3	0	1.4	1.25624e-06
-0.0166667	-0.26	0	1.4	0.0281531
-0.0166667	-0.22	0	1.4	0.0395417
-0.0166667	-0.18	0	1.4	0.0528358
-0.0166667	-0.14	0	1.4	0.0709729
-0.0166667	-0.1	0	1.4	0.0933844
-0.0166667	-0.06	0	1.4	0.135354
-0.0166667	-0.02	0	1.4	0.139125
-0.0166667	0.02	0	1.4	0.167825
-0.0166667	0.06	0	1.4	0.186506
-0.0166667	0.1	0	1.4	0.190398
-0.0166667	0.14	0	1.4	0.240476
-0.0166667	0.18	0	1.4	0.239883
-0.0166667	0.22	0	1.4	0.24679
-0.0166667	0.26	0	1.4	0.218559
-0.0166667	0.3	0	1.4	0.194972
-0.0166667	0.34	0	1.4	0.194818
-0.0166667	0.38	0	1.4	0.168737
-0.0166667	0.42	0	1.4	0.144922
-0.0166667	0.46	0	1.4	0.125867
-0.0166667	0.5	0	1.4	0.095888
-0.0166667	0.54	0	1.4	0.0703959
-0.0166667	0.58	0	1.4	0.0541315
-0.0166667	0.62	0	1.4	0.0395417
-0.0166667	0.66	0	1.4	0.0267113
-0.0166667	0.7	0	1.4	0.0201964
-0.0166667	0.74	0	1.4	0.01365
-0.0166667	0.78	0	1.4	0.00913491
-0.0166667	0.82	0	1.4	0.00608226
-0.0166667	0.86	0	1.4	0.00470028
-0.0166667	0.9	0	1.4	0.00311949
-0.0166667	0.94	0	1.4	0.00231434
-0.0166667	0.98	0	1.4	0.00142586
0.0166667	-0.98	0	1.4	0.000949581
0.0166667	-0.94	0	1.4	0.00074681
0.0166667	-0.9	0	1.4	0.000483523
0.0166667	-0.86	0	1.4	0.000326758
0.0166667	-0.82	0	1.4	0.000230516
0.0166667	-0.78	0	1.4	0.000143919
0.0166667	-0.74	0	1.4	0.000107172
0.0166667	-0.7	0	1.4	7.48999e-05
0.0166667	-0.66	0	1.4	4.71604e-05
0.0166667	-0.62	0	1.4	3.14258e-05
0.0166667	-0.58	0	1.4	2.11628e-05
0.0166667	-0.54	0	1.4	1.42862e-05
0.0166667	-0.5	0	1.4	9.982e-06
0.0166667	-0.46	0	1.4	6.1173e-06
0.0166667	-0.42	0	1.4	4.32878e-06
0.0166667	-0.38	0	1.4	3.17475e-06
0.0166667	-0.34	0	1.4	1.89355e-06
0.0166667	-0.3	0	1.4	1.36331e-06
0.0166667	-0.26	0	1.4	0.0333803
0.0166667	-0.22	0	1.4	0.0462753
0.0166667	-0.18	0	1.4	0.0577247
0.0166667	-0.14	0	1.4	0.0820319
0.0166667	-0.1	0	1.4	0.101832
0.0166667	-0.06	0	1.4	0.125782
0.0166667	-0.02	0	1.4	0.163729
0.0166667	0.02	0	1.4	0.20109
0.0166667	0.06	0	1.4	0.230738
0.0166667	0.1	0	1.4	0.239517
0.0166667	0.14	0	1.4	0.255833
0.0166667	0.18	0	1.4	0.260721
0.0166667	0.22	0	1.4	0.268557
0.0166667	0.26	0	1.4	0.23993
0.0166667	0.3	0	1.4	0.218039
0.0166667	0.34	0	1.4	0.230145
0.0166667	0.38	0	1.4	0.178631
0.0166667	0.42	0	1.4	0.163729
0.0166667	0.46	0	1.4	0.141414
0.0166667	0.5	0	1.4	0.104133
0.0166667	0.54	0	1.4	0.0853397
0.0166667	0.58	0	1.4	0.0564091
0.0166667	0.62	0	1.4	0.0493923
0.0166667	0.66	0	1.4	0.0311493
0.0166667	0.7	0	1.4	0.0215574
0.0166667	0.74	0	1.4	0.0153439
0.0166667	0.78	0	1.4	0.0107401
0.0166667	0.82	0	1.4	0.00775216
0.0166667	0.86	0	1.4	0.00463333
0.0166667	0.9	0	1.4	0.00339714
0.0166667	0.94	0	1.4	0.00250413
0.0166667	0.98	0	1.4	0.00163976
0.05	-0.98	0	1.4	0.00121307
0.05	-0.94	0	1.4	0.000776457
0.05	-0.9	0	1.4	0.000539565
0.05	-0.86	0	1.4	0.000346317
0.05	-0.82	0	1.4	0.000231373
0.05	-0.78	0	1.4	0.000168541
0.05	-0.74	0	1.4	0.000105478
0.05	-0.7	0	1.4	7.15763e-05
0.05	-0.66	0	1.4	4.80183e-05
0.05	-0.62	0	1.4	3.42746e-05
0.05	-0.58	0	1.4	2.19579e-05
0.05	-0.54	0	1.4	1.50871e-05
0.05	-0.5	0	1.4	9.59415e-06
0.05	-0.46	0	1.4	6.92529e-06
0.05	-0.42	0	1.4	4.60402e-06
0.05	-0.38	0	1.4	3.10151e-06
0.05	-0.34	0	1.4	2.14477e-06
0.05	-0.3	0	1.4	1.32088e-06
0.05	-0.26	0	1.4	0.0348491
0.05	-0.22	0	1.4	0.0506431
0.05	-0.18	0	1.4	0.0667914
0.05	-0.14	0	1.4	0.0932602
0.05	-0.1	0	1.4	0.127617
0.05	-0.06	0	1.4	0.145286
0.05	-0.02	0	1.4	0.179959
0.05	0.02	0	1.4	0.18669
0.05	0.06	0	1.4	0.249591
0.05	0.1	0	1.4	0.288226
0.05	0.14	0	1.4	0.284126
0.05	0.18	0	1.4	0.272729
0.05	0.22	0	1.4	0.2948
0.05	0.26	0	1.4	0.278765
0.05	0.3	0	1.4	0.273778
0.05	0.34	0	1.4	0.264778
0.05	0.38	0	1.4	0.213527
0.05	0.42	0	1.4	0.187416
0.05	0.46	0	1.4	0.158754
0.05	0.5	0	1.4	0.122771
0.05	0.54	0	1.4	0.0935076
0.05	0.58	0	1.4	0.0636634
0.05	0.62	0	1.4	0.0482378
0.05	0.66	0	1.4	0.0353252
0.05	0.7	0	1.4	0.025142
0.05	0.74	0	1.4	0.0179285
0.05	0.78	0	1.4	0.0116807
0.05	0.82	0	1.4	0.00813159
0.05	0.86	0	1.4	0.0054851
0.05	0.9	0	1.4	0.00417511
0.05	0.94	0	1.4	0.00262428
0.05	0.98	0	1.4	0.00176217
0.0833333	-0.98	0	1.4	0.00132936
0.0833333	-0.94	0	1.4	0.000812571
0.0833333	-0.9	0	1.4	0.000549961
0.0833333	-0.86	0	1.4	0.000387225
0.0833333	-0.82	0	1.4	0.000246089
0.0833333	-0.78	0	1.4	0.000160397
0.0833333	-0.74	0	1.4	0.000123201
0.0833333	-0.7	0	1.4	7.42977e-05
0.0833333	-0.66	0	1.4	5.15822e-05
0.0833333	-0.62	0	1.4	3.52079e-05
0.0833333	-0.58	0	1.4	2.27048e-05
0.0833333	-0.54	0	1.4	1.57098e-05
0.0833333	-0.5	0	1.4	1.07744e-05
0.0833333	-0.46	0	1.4	7.40446e-06
0.0833333	-0.42	0	1.4	4.70301e-06
0.0833333	-0.38	0	1.4	3.0029e-06
0.0833333	-0.34	0	1.4	2.17058e-06
0.0833333	-0.3	0	1.4	1.40283e-06
0.0833333	-0.26	0	1.4	0.0349077
0.0833333	-0.22	0	1.4	0.0526638
0.0833333	-0.18	0	1.4	0.07192
0.0833333	-0.14	0	1.4	0.0993094
0.0833333	-0.1	0	1.4	0.134724
0.0833333	-0.06	0	1.4	0.166425
0.0833333	-0.02	0	1.4	0.216933
0.0833333	0.02	0	1.4	0.227715
0.0833333	0.06	0	1.4	0.265528
0.0833333	0.1	0	1.4	0.27256
0.0833333	0.14	0	1.4	0.333382
0.0833333	0.18	0	1.4	0.316573
0.0833333	0.22	0	1.4	0.301214
0.0833333	0.26	0	1.4	0.30021
0.0833333	0.3	0	1.4	0.313287
0.0833333	0.34	0	1.4	0.264811
0.0833333	0.38	0	1.4	0.221355
0.0833333	0.42	0	1.4	0.203885
0.0833333	0.46	0	1.4	0.155688
0.0833333	0.5	0	1.4	0.128342
0.0833333	0.54	0	1.4	0.096596
0.0833333	0.58	0	1.4	0.0709128
0.0833333	0.62	0	1.4	0.0558732
0.0833333	0.66	0	1.4	0.037083
0.0833333	0.7	0	1.4	0.0269549
0.0833333	0.74	0	1.4	0.0185982
0.0833333	0.78	0	1.4	0.0124541
0.0833333	0.82	0	1.4	0.00847417
0.0833333	0.86	0	1.4	0.00575804
0.0833333	0.9	0	1.4	0.0039548
0.0833333	0.94	0	1.4	0.00266609
0.0833333	0.98	0	1.4	0.00174024
0.116667	-0.98	0	1.4	0.00120401
0.116667	-0.94	0	1.4	0.000874631
0.116667	-0.9	0	1.4	0.000579928
0.116667	-0.86	0	1.4	0.000410557
0.116667	-0.82	0	1.4	0.00027077
0.116667	-0.78	0	1.4	0.000168537
0.116667	-0.74	0	1.4	0.00011663
0.116667	-0.7	0	1.4	7.61468e-05
0.116667	-0.66	0	1.4	5.72576e-05
0.116667	-0.62	0	1.4	3.74615e-05
0.116667	-0.58	0	1.4	2.32025e-05
0.116667	-0.54	0	1.4	1.5308e-05
0.116667	-0.5	0	1.4	1.06182e-05
0.116667	-0.46	0	1.4	6.90923e-06
0.116667	-0.42	0	1.4	4.70017e-06
0.116667	-0.38	0	1.4	3.20541e-06
0.116667	-0.34	0	1.4	2.22059e-06
0.116667	-0.3	0	1.4	1.47369e-06
0.116667	-0.26	0	1.4	0.0407393
0.116667	-0.22	0	1.4	0.059553
0.116667	-0.18	0	1.4	0.0828381
0.116667	-0.14	0	1.4	0.114899
0.116667	-0.1	0	1.4	0.141767
0.116667	-0.06	0	1.4	0.192087
0.116667	-0.02	0	1.4	0.210272
0.116667	0.02	0	1.4	0.246016
0.116667	0.06	0	1.4	0.279935
0.116667	0.1	0	1.4	0.299261
0.116667	0.14	0	1.4	0.334519
0.116667	0.18	0	1.4	0.350903
0.116667	0.22	0	1.4	0.350903
0.116667	0.26	0	1.4	0.328357
0.116667	0.3	0	1.4	0.303417
0.116667	0.34	0	1.4	0.278409
0.116667	0.38	0	1.4	0.258215
0.116667	0.42	0	1.4	0.196912
0.116667	0.46	0	1.4	0.193524
0.116667	0.5	0	1.4	0.145948
0.116667	0.54	0	1.4	0.114899
0.116667	0.58	0	1.4	0.0802494
0.116667	0.62	0	1.4	0.0608002
0.116667	0.66	0	1.4	0.0394145
0.116667	0.7	0	1.4	0.0279524
0.116667	0.74	0	1.4	0.0200231
0.116667	0.78	0	1.4	0.0143544
0.116667	0.82	0	1.4	0.00939516
0.116667	0.86	0	1.4	0.0064168
0.116667	0.9	0	1.4	0.00400779
0.116667	0.94	0	1.4	0.00264947
0.116667	0.98	0	1.4	0.00190264
0.15	-0.98	0	1.4	0.00128661
0.15	-0.94	0	1.4	0.000878308
0.15	-0.9	0	1.4	0.000579943
0.15	-0.86	0	1.4	0.000385941
0.15	-0.82	0	1.4	0.000273354
0.15	-0.78	0	1.4	0.000176109
0.15	-0.74	0	1.4	0.000115525
0.15	-0.7	0	1.4	7.83503e-05
0.15	-0.66	0	1.4	5.48795e-05
0.15	-0.62	0	1.4	3.49424e-05
0.15	-0.58	0	1.4	2.45472e-05
0.15	-0.54	0	1.4	1.61961e-05
0.15	-0.5	0	1.4	1.10371e-05
0.15	-0.46	0	1.4	7.6776e-06
0.15	-0.42	0	1.4	5.055e-06
0.15	-0.38	0	1.4	3.01571e-06
0.15	-0.34	0	1.4	2.20092e-06
0.15	-0.3	0	1.4	1.47966e-06
0.15	-0.26	0	1.4	0.0424056
0.15	-0.22	0	1.4	0.0630795
0.15	-0.18	0	1.4	0.0840109
0.15	-0.14	0	1.4	0.110914
0.15	-0.1	0	1.4	0.157235
0.15	-0.06	0	1.4	0.180924
0.15	-0.02	0	1.4	0.228725
0.15	0.02	0	1.4	0.266351
0.15	0.06	0	1.4	0.308036
0.15	0.1	0	1.4	0.310505
0.15	0.14	0	1.4	0.331255
0.15	0.18	0	1.4	0.343414
0.15	0.22	0	1.4	0.383257
0.15	0.26	0	1.4	0.327585
0.15	0.3	0	1.4	0.339048
0.15	0.34	0	1.4	0.286601
0.15	0.38	0	1.4	0.281188
0.15	0.42	0	1.4	0.217197
0.15	0.46	0	1.4	0.178919
0.15	0.5	0	1.4	0.15007
0.15	0.54	0	1.4	0.110609
0.15	0.58	0	1.4	0.0869468
0.15	0.62	0	1.4	0.0588416
0.15	0.66	0	1.4	0.043097
0.15	0.7	0	1.4	0.0291976
0.15	0.74	0	1.4	0.0203731
0.15	0.78	0	1.4	0.014477
0.15	0.82	0	1.4	0.00888304
0.15	0.86	0	1.4	0.00664915
0.15	0.9	0	1.4	0.00420513
0.15	0.94	0	1.4	0.00305965
0.15	0.98	0	1.4	0.00197301
0.183333	-0.98	0	1.4	0.00130769
0.183333	-0.94	0	1.4	0.000911452
0.183333	-0.9	0	1.4	0.000577399
0.183333	-0.86	0	1.4	0.000400312
0.183333	-0.82	0	1.4	0.000275008
0.183333	-0.78	0	1.4	0.000178525
0.183333	-0.74	0	1.4	0.000122972
0.183333	-0.7	0	1.4	8.33222e-05
0.183333	-0.66	0	1.4	5.45323e-05
0.183333	-0.62	0	1.4	3.93238e-05
0.183333	-0.58	0	1.4	2.63613e-05
0.183333	-0.54	0	1.4	1.55403e-05
0.183333	-0.5	0	1.4	1.10425e-05
0.183333	-0.46	0	1.4	7.3225e-06
0.183333	-0.42	0	1.4	5.02897e-06
0.183333	-0.38	0	1.4	3.34423e-06
0.183333	-0.34	0	1.4	2.17566e-06
0.183333	-0.3	0	1.4	1.61555e-06
0.183333	-0.26	0	1.4	0.046623
0.183333	-0.22	0	1.4	0.0616708
0.183333	-0.18	0	1.4	0.083651
0.183333	-0.14	0	1.4	0.109466
0.183333	-0.1	0	1.4	0.153166
0.183333	-0.06	0	1.4	0.187602
0.183333	-0.02	0	1.4	0.232473
0.183333	0.02	0	1.4	0.259627
0.183333	0.06	0	1.4	0.300449
0.183333	0.1	0	1.4	0.315917
0.183333	0.14	0	1.4	0.358503
0.183333	0.18	0	1.4	0.346191
0.183333	0.22	0	1.4	0.353036
0.183333	0.26	0	1.4	0.346303
0.183333	0.3	0	1.4	0.34239
0.183333	0.34	0	1.4	0.303688
0.183333	0.38	0	1.4	0.248088
0.183333	0.42	0	1.4	0.220694
0.183333	0.46	0	1.4	0.189139
0.183333	0.5	0	1.4	0.150721
0.183333	0.54	0	1.4	0.109778
0.183333	0.58	0	1.4	0.0831889
0.183333	0.62	0	1.4	0.0633376
0.183333	0.66	0	1.4	0.0429733
0.183333	0.7	0	1.4	0.0307848
0.183333	0.74	0	1.4	0.0201544
0.183333	0.78	0	1.4	0.0147465
0.183333	0.82	0	1.4	0.0100555
0.183333	0.86	0	1.4	0.00640793
0.183333	0.9	0	1.4	0.00453262
0.183333	0.94	0	1.4	0.00318537
0.183333	0.98	0	1.4	0.00192067
0.216667	-0.98	0	1.4	0.00143378
0.216667	-0.94	0	1.4	0.000875187
0.216667	-0.9	0	1.4	0.000630921
0.216667	-0.86	0	1.4	0.000414454
0.216667	-0.82	0	1.4	0.000275008
0.216667	-0.78	0	1.4	0.000179014
0.216667	-0.74	0	1.4	0.000121988
0.216667	-0.7	0	1.4	8.37619e-05
0.216667	-0.66	0	1.4	5.43849e-05
0.216667	-0.62	0	1.4	3.90273e-05
0.216667	-0.58	0	1.4	2.53678e-05
0.216667	-0.54	0	1.4	1.73607e-05
0.216667	-0.5	0	1.4	1.10723e-05
0.216667	-0.46	0	1.4	7.34245e-06
0.216667	-0.42	0	1.4	5.1226e-06
0.216667	-0.38	0	1.4	3.36216e-06
0.216667	-0.34	0	1.4	2.15763e-06
0.216667	-0.3	0	1.4	1.5108e-06
0.216667	-0.26	0	1.4	0.0415604
0.216667	-0.22	0	1.4	0.0631709
0.216667	-0.18	0	1.4	0.0797227
0.216667	-0.14	0	1.4	0.116328
0.216667	-0.1	0	1.4	0.164572
0.216667	-0.06	0	1.4	0.192727
0.216667	-0.02	0	1.4	0.234952
0.216667	0.02	0	1.4	0.259627
0.216667	0.06	0	1.4	0.272105
0.216667	0.1	0	1.4	0.310622
0.216667	0.14	0	1.4	0.35475
0.216667	0.18	0	1.4	0.364771
0.216667	0.22	0	1.4	0.365749
0.216667	0.26	0	1.4	0.361319
0.216667	0.3	0	1.4	0.340625
0.216667	0.34	0	1.4	0.326364
0.216667	0.38	0	1.4	0.263233
0.216667	0.42	0	1.4	0.226273
0.216667	0.46	0	1.4	0.191702
0.216667	0.5	0	1.4	0.150721
0.216667	0.54	0	1.4	0.118823
0.216667	0.58	0	1.4	0.0838821
0.216667	0.62	0	1.4	0.0656711
0.216667	0.66	0	1.4	0.0468585
0.216667	0.7	0	1.4	0.032013
0.216667	0.74	0	1.4	0.0226315
0.216667	0.78	0	1.4	0.0137096
0.216667	0.82	0	1.4	0.00922187
0.216667	0.86	0	1.4	0.00700648
0.216667	0.9	0	1.4	0.00433091
0.216667	0.94	0	1.4	0.002882
0.216667	0.98	0	1.4	0.00203333
0.25	-0.98	0	1.4	0.00131149
0.25	-0.94	0	1.4	0.000878308
0.25	-0.9	0	1.4	0.000603974
0.25	-0.86	0	1.4	0.000414967
0.25	-0.82	0	1.4	0.00027119
0.25	-0.78	0	1.4	0.000171755
0.25	-0.74	0	1.4	0.000120068
0.25	-0.7	0	1.4	8.07444e-05
0.25	-0.66	0	1.4	5.12306e-05
0.25	-0.62	0	1.4	3.54318e-05
0.25	-0.58	0	1.4	2.55974e-05
0.25	-0.54	0	1.4	1.71203e-05
0.25	-0.5	0	1.4	1.0683e-05
0.25	-0.46	0	1.4	7.16312e-06
0.25	-0.42	0	1.4	5.22748e-06
0.25	-0.38	0	1.4	3.41603e-06
0.25	-0.34	0	1.4	2.11145e-06
0.25	-0.3	0	1.4	1.41168e-06
0.25	-0.26	0	1.4	0.0409075
0.25	-0.22	0	1.4	0.0616125
0.25	-0.18	0	1.4	0.0833334
0.25	-0.14	0	1.4	0.118532
0.25	-0.1	0	1.4	0.151662
0.25	-0.06	0	1.4	0.176915
0.25	-0.02	0	1.4	0.202637
0.25	0.02	0	1.4	0.249395
0.25	0.06	0	1.4	0.292952
0.25	0.1	0	1.4	0.32002
0.25	0.14	0	1.4	0.338596
0.25	0.18	0	1.4	0.364284
0.25	0.22	0	1.4	0.387052
0.25	0.26	0	1.4	0.351443
0.25	0.3	0	1.4	0.326939
0.25	0.34	0	1.4	0.301685
0.25	0.38	0	1.4	0.267058
0.25	0.42	0	1.4	0.230545
0.25	0.46	0	1.4	0.176915
0.25	0.5	0	1.4	0.145691
0.25	0.54	0	1.4	0.114266
0.25	0.58	0	1.4	0.0837851
0.25	0.62	0	1.4	0.0560706
0.25	0.66	0	1.4	0.0421751
0.25	0.7	0	1.4	0.0287965
0.25	0.74	0	1.4	0.0196554
0.25	0.78	0	1.4	0.0144016
0.25	0.82	0	1.4	0.00939503
0.25	0.86	0	1.4	0.00633747
0.25	0.9	0	1.4	0.00421681
0.25	0.94	0	1.4	0.00292594
0.25	0.98	0	1.4	0.00203648
0.283333	-0.98	0	1.4	0.00125936
0.283333	-0.94	0	1.4	0.000890914
0.283333	-0.9	0	1.4	0.000547102
0.283333	-0.86	0	1.4	0.000375907
0.283333	-0.82	0	1.4	0.000267244
0.283333	-0.78	0	1.4	0.000175638
0.283333	-0.74	0	1.4	0.000118537
0.283333	-0.7	0	1.4	8.12659e-05
0.283333	-0.66	0	1.4	5.3679e-05
0.283333	-0.62	0	1.4	3.62128e-05
0.283333	-0.58	0	1.4	2.27514e-05
0.283333	-0.54	0	1.4	1.61728e-05
0.283333	-0.5	0	1.4	1.07923e-05
0.283333	-0.46	0	1.4	6.81191e-06
0.283333	-0.42	0	1.4	4.62183e-06
0.283333	-0.38	0	1.4	3.29299e-06
0.283333	-0.34	0	1.4	2.19121e-06
0.283333	-0.3	0	1.4	1.4461e-06
0.283333	-0.26	0	1.4	0.0430578
0.283333	-0.22	0	1.4	0.0544084
0.283333	-0.18	0	1.4	0.0817594
0.283333	-0.14	0	1.4	0.105881
0.283333	-0.1	0	1.4	0.136826
0.283333	-0.06	0	1.4	0.180111
0.283333	-0.02	0	1.4	0.21608
0.283333	0.02	0	1.4	0.268381
0.283333	0.06	0	1.4	0.284511
0.283333	0.1	0	1.4	0.309236
0.283333	0.14	0	1.4	0.323075
0.283333	0.18	0	1.4	0.336395
0.283333	0.22	0	1.4	0.333675
0.283333	0.26	0	1.4	0.319554
0.283333	0.3	0	1.4	0.299261
0.283333	0.34	0	1.4	0.306631
0.283333	0.38	0	1.4	0.269737
0.283333	0.42	0	1.4	0.195169
0.283333	0.46	0	1.4	0.163346
0.283333	0.5	0	1.4	0.128464
0.283333	0.54	0	1.4	0.107917
0.283333	0.58	0	1.4	0.078955
0.283333	0.62	0	1.4	0.056591
0.283333	0.66	0	1.4	0.0429474
0.283333	0.7	0	1.4	0.0279524
0.283333	0.74	0	1.4	0.0194919
0.283333	0.78	0	1.4	0.014318
0.283333	0.82	0	1.4	0.00912319
0.283333	0.86	0	1.4	0.00634978
0.283333	0.9	0	1.4	0.00399647
0.283333	0.94	0	1.4	0.00284035
0.283333	0.98	0	1.4	0.00187178
0.316667	-0.98	0	1.4	0.0011499
0.316667	-0.94	0	1.4	0.000772278
0.316667	-0.9	0	1.4	0.000599683
0.316667	-0.86	0	1.4	0.000362897
0.316667	-0.82	0	1.4	0.000261086
0.316667	-0.78	0	1.4	0.000171395
0.316667	-0.74	0	1.4	0.000109957
0.316667	-0.7	0	1.4	8.02995e-05
0.316667	-0.66	0	1.4	5.35287e-05
0.316667	-0.62	0	1.4	3.52079e-05
0.316667	-0.58	0	1.4	2.44609e-05
0.316667	-0.54	0	1.4	1.5415e-05
0.316667	-0.5	0	1.4	1.17076e-05
0.316667	-0.46	0	1.4	7.19562e-06
0.316667	-0.42	0	1.4	4.57555e-06
0.316667	-0.38	0	1.4	3.22533e-06
0.316667	-0.34	0	1.4	2.17632e-06
0.316667	-0.3	0	1.4	1.36815e-06
0.316667	-0.26	0	1.4	0.0384296
0.316667	-0.22	0	1.4	0.0525179
0.316667	-0.18	0	1.4	0.0769565
0.316667	-0.14	0	1.4	0.0960534
0.316667	-0.1	0	1.4	0.123379
0.316667	-0.06	0	1.4	0.17403
0.316667	-0.02	0	1.4	0.208778
0.316667	0.02	0	1.4	0.237893
0.316667	0.06	0	1.4	0.262658
0.316667	0.1	0	1.4	0.302322
0.316667	0.14	0	1.4	0.267867
0.316667	0.18	0	1.4	0.31572
0.316667	0.22	0	1.4	0.32852
0.316667	0.26	0	1.4	0.306015
0.316667	0.3	0	1.4	0.290574
0.316667	0.34	0	1.4	0.280599
0.316667	0.38	0	1.4	0.229624
0.316667	0.42	0	1.4	0.204428
0.316667	0.46	0	1.4	0.164188
0.316667	0.5	0	1.4	0.130824
0.316667	0.54	0	1.4	0.100123
0.316667	0.58	0	1.4	0.0717186
0.316667	0.62	0	1.4	0.0525179
0.316667	0.66	0	1.4	0.0369794
0.316667	0.7	0	1.4	0.0276071
0.316667	0.74	0	1.4	0.0185481
0.316667	0.78	0	1.4	0.0122133
0.316667	0.82	0	1.4	0.00819248
0.316667	0.86	0	1.4	0.00553473
0.316667	0.9	0	1.4	0.00409527
0.316667	0.94	0	1.4	0.00270261
0.316667	0.98	0	1.4	0.00174517
0.35	-0.98	0	1.4	0.00112799
0.35	-0.94	0	1.4	0.000801984
0.35	-0.9	0	1.4	0.000528085
0.35	-0.86	0	1.4	0.000362762
0.35	-0.82	0	1.4	0.000235935
0.35	-0.78	0	1.4	0.000156251
0.35	-0.74	0	1.4	9.98643e-05
0.35	-0.7	0	1.4	7.6348e-05
0.35	-0.66	0	1.4	5.02922e-05
0.35	-0.62	0	1.4	3.29252e-05
0.35	-0.58	0	1.4	2.23208e-05
0.35	-0.54	0	1.4	1.45991e-05
0.35	-0.5	0	1.4	1.03322e-05
0.35	-0.46	0	1.4	6.61301e-06
0.35	-0.42	0	1.4	5.12243e-06
0.35	-0.38	0	1.4	3.02687e-06
0.35	-0.34	0	1.4	2.15034e-06
0.35	-0.3	0	1.4	1.32462e-06
0.35	-0.26	0	1.4	0.0358965
0.35	-0.22	0	1.4	0.0526474
0.35	-0.18	0	1.4	0.0642154
0.35	-0.14	0	1.4	0.0885601
0.35	-0.1	0	1.4	0.109848
0.35	-0.06	0	1.4	0.148143
0.35	-0.02	0	1.4	0.19537
0.35	0.02	0	1.4	0.221695
0.35	0.06	0	1.4	0.240347
0.35	0.1	0	1.4	0.291837
0.35	0.14	0	1.4	0.291019
0.35	0.18	0	1.4	0.294012
0.35	0.22	0	1.4	0.299529
0.35	0.26	0	1.4	0.28336
0.35	0.3	0	1.4	0.252829
0.35	0.34	0	1.4	0.262136
0.35	0.38	0	1.4	0.220528
0.35	0.42	0	1.4	0.177473
0.35	0.46	0	1.4	0.150184
0.35	0.5	0	1.4	0.113402
0.35	0.54	0	1.4	0.0893022
0.35	0.58	0	1.4	0.0686314
0.35	0.62	0	1.4	0.0530483
0.35	0.66	0	1.4	0.0355156
0.35	0.7	0	1.4	0.0266131
0.35	0.74	0	1.4	0.0168602
0.35	0.78	0	1.4	0.0112967
0.35	0.82	0	1.4	0.0078905
0.35	0.86	0	1.4	0.00552993
0.35	0.9	0	1.4	0.00405321
0.35	0.94	0	1.4	0.00242453
0.35	0.98	0	1.4	0.00169224
0.383333	-0.98	0	1.4	0.00103805
0.383333	-0.94	0	1.4	0.000730836
0.383333	-0.9	0	1.4	0.000467315
0.383333	-0.86	0	1.4	0.000334973
0.383333	-0.82	0	1.4	0.000215724
0.383333	-0.78	0	1.4	0.000157229
0.383333	-0.74	0	1.4	0.000107733
0.383333	-0.7	0	1.4	7.13063e-05
0.383333	-0.66	0	1.4	4.29542e-05
0.383333	-0.62	0	1.4	2.99661e-05
0.383333	-0.58	0	1.4	1.97172e-05
0.383333	-0.54	0	1.4	1.43251e-05
0.383333	-0.5	0	1.4	1.0506e-05
0.383333	-0.46	0	1.4	6.29359e-06
0.383333	-0.42	0	1.4	4.34063e-06
0.383333	-0.38	0	1.4	3.03915e-06
0.383333	-0.34	0	1.4	1.92037e-06
0.383333	-0.3	0	1.4	1.28036e-06
0.383333	-0.26	0	1.4	0.0337236
0.383333	-0.22	0	1.4	0.0484332
0.383333	-0.18	0	1.4	0.0605205
0.383333	-0.14	0	1.4	0.0818114
0.383333	-0.1	0	1.4	0.101544
0.383333	-0.06	0	1.4	0.135598
0.383333	-0.02	0	1.4	0.156629
0.383333	0.02	0	1.4	0.195867
0.383333	0.06	0	1.4	0.224807
0.383333	0.1	0	1.4	0.24928
0.383333	0.14	0	1.4	0.261365
0.383333	0.18	0	1.4	0.261433
0.383333	0.22	0	1.4	0.250748
0.383333	0.26	0	1.4	0.251685
0.383333	0.3	0	1.4	0.221293
0.383333	0.34	0	1.4	0.217096
0.383333	0.38	0	1.4	0.202657
0.383333	0.42	0	1.4	0.162841
0.383333	0.46	0	1.4	0.138142
0.383333	0.5	0	1.4	0.108448
0.383333	0.54	0	1.4	0.0776216
0.383333	0.58	0	1.4	0.0603561
0.383333	0.62	0	1.4	0.0439975
0.383333	0.66	0	1.4	0.0305486
0.383333	0.7	0	1.4	0.022829
0.383333	0.74	0	1.4	0.0154284
0.383333	0.78	0	1.4	0.0112961
0.383333	0.82	0	1.4	0.00712796
0.383333	0.86	0	1.4	0.00485397
0.383333	0.9	0	1.4	0.00347243
0.383333	0.94	0	1.4	0.00245289
0.383333	0.98	0	1.4	0.00171805
0.416667	-0.98	0	1.4	0.00105755
0.416667	-0.94	0	1.4	0.000670378
0.416667	-0.9	0	1.4	0.000474968
0.416667	-0.86	0	1.4	0.000318506
0.416667	-0.82	0	1.4	0.000224888
0.416667	-0.78	0	1.4	0.000139273
0.416667	-0.74	0	1.4	0.000104971
0.416667	-0.7	0	1.4	6.48632e-05
0.416667	-0.66	0	1.4	4.3318e-05
0.416667	-0.62	0	1.4	3.06167e-05
0.416667	-0.58	0	1.4	1.84631e-05
0.416667	-0.54	0	1.4	1.29308e-05
0.416667	-0.5	0	1.4	9.63814e-06
0.416667	-0.46	0	1.4	6.27673e-06
0.416667	-0.42	0	1.4	4.20585e-06
0.416667	-0.38	0	1.4	2.9544e-06
0.416667	-0.34	0	1.4	2.06102e-06
0.416667	-0.3	0	1.4	1.31146e-06
0.416667	-0.26	0	1.4	0.0267872
0.416667	-0.22	0	1.4	0.0404907
0.416667	-0.18	0	1.4	0.0526918
0.416667	-0.14	0	1.4	0.0727039
0.416667	-0.1	0	1.4	0.0963887
0.416667	-0.06	0	1.4	0.124286
0.416667	-0.02	0	1.4	0.146081
0.416667	0.02	0	1.4	0.166913
0.416667	0.06	0	1.4	0.196896
0.416667	0.1	0	1.4	0.212697
0.416667	0.14	0	1.4	0.218559
0.416667	0.18	0	1.4	0.234231
0.416667	0.22	0	1.4	0.2223
0.416667	0.26	0	1.4	0.233779
0.416667	0.3	0	1.4	0.209838
0.416667	0.34	0	1.4	0.200533
0.416667	0.38	0	1.4	0.150496
0.416667	0.42	0	1.4	0.141057
0.416667	0.46	0	1.4	0.118593
0.416667	0.5	0	1.4	0.0853729
0.416667	0.54	0	1.4	0.0677031
0.416667	0.58	0	1.4	0.0554272
0.416667	0.62	0	1.4	0.0399635
0.416667	0.66	0	1.4	0.0276978
0.416667	0.7	0	1.4	0.0203579
0.416667	0.74	0	1.4	0.0144063
0.416667	0.78	0	1.4	0.0102932
0.416667	0.82	0	1.4	0.00673784
0.416667	0.86	0	1.4	0.00475042
0.416667	0.9	0	1.4	0.00306793
0.416667	0.94	0	1.4	0.00209701
0.416667	0.98	0	1.4	0.00148594
0.45	-0.98	0	1.4	0.000925751
0.45	-0.94	0	1.4	0.00058389
0.45	-0.9	0	1.4	0.000443833
0.45	-0.86	0	1.4	0.00031517
0.45	-0.82	0	1.4	0.000197513
0.45	-0.78	0	1.4	0.000132198
0.45	-0.74	0	1.4	8.56842e-05
0.45	-0.7	0	1.4	5.8534e-05
0.45	-0.66	0	1.4	4.33315e-05
0.45	-0.62	0	1.4	2.85477e-05
0.45	-0.58	0	1.4	1.93496e-05
0.45	-0.54	0	1.4	1.28648e-05
0.45	-0.5	0	1.4	8.40607e-06
0.45	-0.46	0	1.4	5.84866e-06
0.45	-0.42	0	1.4	3.98921e-06
0.45	-0.38	0	1.4	2.66912e-06
0.45	-0.34	0	1.4	1.81921e-06
0.45	-0.3	0	1.4	1.17055e-06
0.45	-0.26	0	1.4	0.0218832
0.45	-0.22	0	1.4	0.0337672
0.45	-0.18	0	1.4	0.0452247
0.45	-0.14	0	1.4	0.0607951
0.45	-0.1	0	1.4	0.0799407
0.45	-0.06	0	1.4	0.100813
0.45	-0.02	0	1.4	0.119586
0.45	0.02	0	1.4	0.142876
0.45	0.06	0	1.4	0.161362
0.45	0.1	0	1.4	0.181947
0.45	0.14	0	1.4	0.198823
0.45	0.18	0	1.4	0.19777
0.45	0.22	0	1.4	0.196692
0.45	0.26	0	1.4	0.174296
0.45	0.3	0	1.4	0.174611
0.45	0.34	0	1.4	0.172888
0.45	0.38	0	1.4	0.138994
0.45	0.42	0	1.4	0.128456
0.45	0.46	0	1.4	0.103233
0.45	0.5	0	1.4	0.0835647
0.45	0.54	0	1.4	0.0627668
0.45	0.58	0	1.4	0.0447304
0.45	0.62	0	1.4	0.0319469
0.45	0.66	0	1.4	0.0239925
0.45	0.7	0	1.4	0.0170453
0.45	0.74	0	1.4	0.0122116
0.45	0.78	0	1.4	0.00888226
0.45	0.82	0	1.4	0.00556477
0.45	0.86	0	1.4	0.00403159
0.45	0.9	0	1.4	0.00280196
0.45	0.94	0	1.4	0.00194587
0.45	0.98	0	1.4	0.00128549
0.483333	-0.98	0	1.4	0.000839766
0.483333	-0.94	0	1.4	0.000564463
0.483333	-0.9	0	1.4	0.000399571
0.483333	-0.86	0	1.4	0.000273432
0.483333	-0.82	0	1.4	0.000178036
0.483333	-0.78	0	1.4	0.000123178
0.483333	-0.74	0	1.4	8.41999e-05
0.483333	-0.7	0	1.4	5.68813e-05
0.483333	-0.66	0	1.4	3.74517e-05
0.483333	-0.62	0	1.4	2.75159e-05
0.483333	-0.58	0	1.4	1.62471e-05
0.483333	-0.54	0	1.4	1.20718e-05
0.483333	-0.5	0	1.4	7.83955e-06
0.483333	-0.46	0	1.4	5.64367e-06
0.483333	-0.42	0	1.4	4.16641e-06
0.483333	-0.38	0	1.4	2.55057e-06
0.483333	-0.34	0	1.4	1.84174e-06
0.483333	-0.3	0	1.4	1.14751e-06
0.483333	-0.26	0	1.4	0.0193099
0.483333	-0.22	0	1.4	0.0276348
0.483333	-0.18	0	1.4	0.037272
0.483333	-0.14	0	1.4	0.0488685
0.483333	-0.1	0	1.4	0.0656089
0.483333	-0.06	0	1.4	0.0829439
0.483333	-0.02	0	1.4	0.0949517
0.483333	0.02	0	1.4	0.122865
0.483333	0.06	0	1.4	0.142289
0.483333	0.1	0	1.4	0.152758
0.483333	0.14	0	1.4	0.143198
0.483333	0.18	0	1.4	0.156544
0.483333	0.22	0	1.4	0.16779
0.483333	0.26	0	1.4	0.159302
0.483333	0.3	0	1.4	0.153166
0.483333	0.34	0	1.4	0.12607
0.483333	0.38	0	1.4	0.122543
0.483333	0.42	0	1.4	0.10341
0.483333	0.46	0	1.4	0.0804847
0.483333	0.5	0	1.4	0.0689871
0.483333	0.54	0	1.4	0.0496944
0.483333	0.58	0	1.4	0.0386254
0.483333	0.62	0	1.4	0.028098
0.483333	0.66	0	1.4	0.0207737
0.483333	0.7	0	1.4	0.01434
0.483333	0.74	0	1.4	0.0106964
0.483333	0.78	0	1.4	0.00732255
0.483333	0.82	0	1.4	0.00537174
0.483333	0.86	0	1.4	0.00368185
0.483333	0.9	0	1.4	0.00250426
0.483333	0.94	0	1.4	0.0017769
0.483333	0.98	0	1.4	0.00121991
0.516667	-0.98	0	1.4	0.000737058
0.516667	-0.94	0	1.4	0.000498962
0.516667	-0.9	0	1.4	0.000359636
0.516667	-0.86	0	1.4	0.000275634
0.516667	-0.82	0	1.4	0.000164156
0.516667	-0.78	0	1.4	0.000109701
0.516667	-0.74	0	1.4	7.87558e-05
0.516667	-0.7	0	1.4	5.08386e-05
0.516667	-0.66	0	1.4	3.40228e-05
0.516667	-0.62	0	1.4	2.33919e-05
0.516667	-0.58	0	1.4	1.60664e-05
0.516667	-0.54	0	1.4	1.09647e-05
0.516667	-0.5	0	1.4	7.86433e-06
0.516667	-0.46	0	1.4	5.12303e-06
0.516667	-0.42	0	1.4	3.52619e-06
0.516667	-0.38	0	1.4	2.34277e-06
0.516667	-0.34	0	1.4	1.49946e-06
0.516667	-0.3	0	1.4	1.08359e-06
0.516667	-0.26	0	1.4	0.0177517
0.516667	-0.22	0	1.4	0.0232518
0.516667	-0.18	0	1.4	0.0329427
0.516667	-0.14	0	1.4	0.0408917
0.516667	-0.1	0	1.4	0.0513606
0.516667	-0.06	0	1.4	0.0706861
0.516667	-0.02	0	1.4	0.0891361
0.516667	0.02	0	1.4	0.0973582
0.516667	0.06	0	1.4	0.105582
0.516667	0.1	0	1.4	0.124996
0.516667	0.14	0	1.4	0.127632
0.516667	0.18	0	1.4	0.137086
0.516667	0.22	0	1.4	0.129774
0.516667	0.26	0	1.4	0.131167
0.516667	0.3	0	1.4	0.129625
0.516667	0.34	0	1.4	0.118144
0.516667	0.38	0	1.4	0.0981434
0.516667	0.42	0	1.4	0.0829276
0.516667	0.46	0	1.4	0.0652207
0.516667	0.5	0	1.4	0.0517971
0.516667	0.54	0	1.4	0.0411183
0.516667	0.58	0	1.4	0.0325115
0.516667	0.62	0	1.4	0.0232518
0.516667	0.66	0	1.4	0.0185564
0.516667	0.7	0	1.4	0.0131135
0.516667	0.74	0	1.4	0.00957771
0.516667	0.78	0	1.4	0.00615988
0.516667	0.82	0	1.4	0.00475301
0.516667	0.86	0	1.4	0.00309017
0.516667	0.9	0	1.4	0.00224015
0.516667	0.94	0	1.4	0.00160214
0.516667	0.98	0	1.4	0.00118432
0.55	-0.98	0	1.4	0.000620224
0.55	-0.94	0	1.4	0.000468069
0.55	-0.9	0	1.4	0.000300123
0.55	-0.86	0	1.4	0.000221645
0.55	-0.82	0	1.4	0.000147456
0.55	-0.78	0	1.4	0.00011039
0.55	-0.74	0	1.4	6.8271e-05
0.55	-0.7	0	1.4	4.52602e-05
0.55	-0.66	0	1.4	3.42143e-05
0.55	-0.62	0	1.4	2.20798e-05
0.55	-0.58	0	1.4	1.49991e-05
0.55	-0.54	0	1.4	9.7929e-06
0.55	-0.5	0	1.4	6.88316e-06
0.55	-0.46	0	1.4	4.73972e-06
0.55	-0.42	0	1.4	3.41644e-06
0.55	-0.38	0	1.4	2.38218e-06
0.55	-0.34	0	1.4	1.43202e-06
0.55	-0.3	0	1.4	9.99923e-07
0.55	-0.26	0	1.4	0.0135754
0.55	-0.22	0	1.4	0.0185316
0.55	-0.18	0	1.4	0.0256706
0.55	-0.14	0	1.4	0.0325542
0.55	-0.1	0	1.4	0.0437685
0.55	-0.06	0	1.4	0.0518886
0.55	-0.02	0	1.4	0.0673172
0.55	0.02	0	1.4	0.07945
0.55	0.06	0	1.4	0.0866241
0.55	0.1	0	1.4	0.101472
0.55	0.14	0	1.4	0.107629
0.55	0.18	0	1.4	0.109256
0.55	0.22	0	1.4	0.110995
0.55	0.26	0	1.4	0.101743
0.55	0.3	0	1.4	0.101996
0.55	0.34	0	1.4	0.0859121
0.55	0.38	0	1.4	0.0802819
0.55	0.42	0	1.4	0.0634301
0.55	0.46	0	1.4	0.0526173
0.55	0.5	0	1.4	0.041662
0.55	0.54	0	1.4	0.033838
0.55	0.58	0	1.4	0.0266552
0.55	0.62	0	1.4	0.0207025
0.55	0.66	0	1.4	0.0143601
0.55	0.7	0	1.4	0.0105
0.55	0.74	0	1.4	0.00757135
0.55	0.78	0	1.4	0.00530464
0.55	0.82	0	1.4	0.00404478
0.55	0.86	0	1.4	0.00284848
0.55	0.9	0	1.4	0.0018326
0.55	0.94	0	1.4	0.00139422
0.55	0.98	0	1.4	0.000929751
0.583333	-0.98	0	1.4	0.000553785
0.583333	-0.94	0	1.4	0.000397902
0.583333	-0.9	0	1.4	0.000273605
0.583333	-0.86	0	1.4	0.000177353
0.583333	-0.82	0	1.4	0.000138654
0.583333	-0.78	0	1.4	8.91021e-05
0.583333	-0.74	0	1.4	6.42436e-05
0.583333	-0.7	0	1.4	4.21138e-05
0.583333	-0.66	0	1.4	3.04222e-05
0.583333	-0.62	0	1.4	2.13484e-05
0.583333	-0.58	0	1.4	1.32219e-05
0.583333	-0.54	0	1.4	9.90225e-06
0.583333	-0.5	0	1.4	6.09926e-06
0.583333	-0.46	0	1.4	4.42226e-06
0.583333	-0.42	0	1.4	2.91388e-06
0.583333	-0.38	0	1.4	2.07295e-06
0.583333	-0.34	0	1.4	1.37903e-06
0.583333	-0.3	0	1.4	8.96442e-07
0.583333	-0.26	0	1.4	0.0118749
0.583333	-0.22	0	1.4	0.0161456
0.583333	-0.18	0	1.4	0.0210974
0.583333	-0.14	0	1.4	0.0276566
0.583333	-0.1	0	1.4	0.0347632
0.583333	-0.06	0	1.4	0.0430272
0.583333	-0.02	0	1.4	0.0527242
0.583333	0.02	0	1.4	0.0619873
0.583333	0.06	0	1.4	0.0712804
0.583333	0.1	0	1.4	0.0784127
0.583333	0.14	0	1.4	0.0780853
0.583333	0.18	0	1.4	0.0860992
0.583333	0.22	0	1.4	0.0843008
0.583333	0.26	0	1.4	0.0778678
0.583333	0.3	0	1.4	0.0749504
0.583333	0.34	0	1.4	0.0723884
0.583333	0.38	0	1.4	0.0602023
0.583333	0.42	0	1.4	0.053001
0.583333	0.46	0	1.4	0.0463546
0.583333	0.5	0	1.4	0.0342997
0.583333	0.54	0	1.4	0.0262665
0.583333	0.58	0	1.4	0.0209843
0.583333	0.62	0	1.4	0.0152439
0.583333	0.66	0	1.4	0.0114256
0.583333	0.7	0	1.4	0.00911265
0.583333	0.74	0	1.4	0.00640286
0.583333	0.78	0	1.4	0.00487303
0.583333	0.82	0	1.4	0.00302608
0.583333	0.86	0	1.4	0.00229835
0.583333	0.9	0	1.4	0.00159805
0.583333	0.94	0	1.4	0.00119986
0.583333	0.98	0	1.4	0.000860164
0.616667	-0.98	0	1.4	0.000526584
0.616667	-0.94	0	1.4	0.000357887
0.616667	-0.9	0	1.4	0.000252625
0.616667	-0.86	0	1.4	0.000157468
0.616667	-0.82	0	1.4	0.00011756
0.616667	-0.78	0	1.4	8.10571e-05
0.616667	-0.74	0	1.4	5.60688e-05
0.616667	-0.7	0	1.4	3.7067e-05
0.616667	-0.66	0	1.4	2.52676e-05
0.616667	-0.62	0	1.4	1.77289e-05
0.616667	-0.58	0	1.4	1.16191e-05
0.616667	-0.54	0	1.4	8.11161e-06
0.616667	-0.5	0	1.4	5.8249e-06
0.616667	-0.46	0	1.4	4.14741e-06
0.616667	-0.42	0	1.4	2.85103e-06
0.616667	-0.38	0	1.4	1.85437e-06
0.616667	-0.34	0	1.4	1.24934e-06
0.616667	-0.3	0	1.4	8.54659e-07
0.616667	-0.26	0	1.4	0.00910544
0.616667	-0.22	0	1.4	0.0124541
0.616667	-0.18	0	1.4	0.0163527
0.616667	-0.14	0	1.4	0.0204017
0.616667	-0.1	0	1.4	0.0275346
0.616667	-0.06	0	1.4	0.0339356
0.616667	-0.02	0	1.4	0.0375925
0.616667	0.02	0	1.4	0.0449948
0.616667	0.06	0	1.4	0.0511618
0.616667	0.1	0	1.4	0.0570623
0.616667	0.14	0	1.4	0.065817
0.616667	0.18	0	1.4	0.0602685
0.616667	0.22	0	1.4	0.0672884
0.616667	0.26	0	1.4	0.062004
0.616667	0.3	0	1.4	0.055352
0.616667	0.34	0	1.4	0.0491831
0.616667	0.38	0	1.4	0.0473629
0.616667	0.42	0	1.4	0.0433595
0.616667	0.46	0	1.4	0.0334012
0.616667	0.5	0	1.4	0.0283317
0.616667	0.54	0	1.4	0.0219002
0.616667	0.58	0	1.4	0.0167121
0.616667	0.62	0	1.4	0.0125917
0.616667	0.66	0	1.4	0.00980586
0.616667	0.7	0	1.4	0.00714101
0.616667	0.74	0	1.4	0.00552137
0.616667	0.78	0	1.4	0.00391699
0.616667	0.82	0	1.4	0.00255172
0.616667	0.86	0	1.4	0.00210663
0.616667	0.9	0	1.4	0.0013782
0.616667	0.94	0	1.4	0.00102714
0.616667	0.98	0	1.4	0.00066873
0.65	-0.98	0	1.4	0.000421061
0.65	-0.94	0	1.4	0.000295244
0.65	-0.9	0	1.4	0.0001984
0.65	-0.86	0	1.4	0.000132258
0.65	-0.82	0	1.4	9.91874e-05
0.65	-0.78	0	1.4	6.60313e-05
0.65	-0.74	0	1.4	5.24491e-05
0.65	-0.7	0	1.4	3.63488e-05
0.65	-0.66	0	1.4	2.24457e-05
0.65	-0.62	0	1.4	1.61933e-05
0.65	-0.58	0	1.4	1.03035e-05
0.65	-0.54	0	1.4	7.84917e-06
0.65	-0.5	0	1.4	5.15833e-06
0.65	-0.46	0	1.4	3.55168e-06
0.65	-0.42	0	1.4	2.42293e-06
0.65	-0.38	0	1.4	1.64666e-06
0.65	-0.34	0	1.4	1.11186e-06
0.65	-0.3	0	1.4	7.62477e-07
0.65	-0.26	0	1.4	0.0075506
0.65	-0.22	0	1.4	0.0104974
0.65	-0.18	0	1.4	0.0134464
0.65	-0.14	0	1.4	0.0168341
0.65	-0.1	0	1.4	0.0216685
0.65	-0.06	0	1.4	0.0265109
0.65	-0.02	0	1.4	0.0315853
0.65	0.02	0	1.4	0.034493
0.65	0.06	0	1.4	0.0374538
0.65	0.1	0	1.4	0.0445877
0.65	0.14	0	1.4	0.0464502
0.65	0.18	0	1.4	0.0463827
0.65	0.22	0	1.4	0.0466396
0.65	0.26	0	1.4	0.047571
0.65	0.3	0	1.4	0.0413109
0.65	0.34	0	1.4	0.0396946
0.65	0.38	0	1.4	0.03695
0.65	0.42	0	1.4	0.0323994
0.65	0.46	0	1.4	0.024871
0.65	0.5	0	1.4	0.0194848
0.65	0.54	0	1.4	0.0156221
0.65	0.58	0	1.4	0.0124229
0.65	0.62	0	1.4	0.0104974
0.65	0.66	0	1.4	0.0075506
0.65	0.7	0	1.4	0.00586985
0.65	0.74	0	1.4	0.00399631
0.65	0.78	0	1.4	0.0030785
0.65	0.82	0	1.4	0.00235144
0.65	0.86	0	1.4	0.0016356
0.65	0.9	0	1.4	0.00113153
0.65	0.94	0	1.4	0.000783951
0.65	0.98	0	1.4	0.000596422
0.683333	-0.98	0	1.4	0.0003639
0.683333	-0.94	0	1.4	0.000241612
0.683333	-0.9	0	1.4	0.000172123
0.683333	-0.86	0	1.4	0.000133335
0.683333	-0.82	0	1.4	8.68955e-05
0.683333	-0.78	0	1.4	6.45855e-05
0.683333	-0.74	0	1.4	4.24105e-05
0.683333	-0.7	0	1.4	2.87213e-05
0.683333	-0.66	0	1.4	2.12753e-05
0.683333	-0.62	0	1.4	1.45544e-05
0.683333	-0.58	0	1.4	9.9903e-06
0.683333	-0.54	0	1.4	6.82773e-06
0.683333	-0.5	0	1.4	4.4091e-06
0.683333	-0.46	0	1.4	3.06282e-06
0.683333	-0.42	0	1.4	2.03042e-06
0.683333	-0.38	0	1.4	1.51215e-06
0.683333	-0.34	0	1.4	9.46608e-07
0.683333	-0.3	0	1.4	6.77388e-07
0.683333	-0.26	0	1.4	0.00612731
0.683333	-0.22	0	1.4	0.00779012
0.683333	-0.18	0	1.4	0.011258
0.683333	-0.14	0	1.4	0.0136441
0.683333	-0.1	0	1.4	0.0158094
0.683333	-0.06	0	1.4	0.0196683
0.683333	-0.02	0	1.4	0.0216813
0.683333	0.02	0	1.4	0.0248146
0.683333	0.06	0	1.4	0.0297242
0.683333	0.1	0	1.4	0.0315294
0.683333	0.14	0	1.4	0.0332892
0.683333	0.18	0	1.4	0.0372607
0.683333	0.22	0	1.4	0.0361171
0.683333	0.26	0	1.4	0.0361557
0.683333	0.3	0	1.4	0.0296133
0.683333	0.34	0	1.4	0.0304414
0.683333	0.38	0	1.4	0.0267288
0.683333	0.42	0	1.4	0.0233397
0.683333	0.46	0	1.4	0.0199797
0.683333	0.5	0	1.4	0.0155095
0.683333	0.54	0	1.4	0.0129169
0.683333	0.58	0	1.4	0.0100224
0.683333	0.62	0	1.4	0.00838936
0.683333	0.66	0	1.4	0.00652157
0.683333	0.7	0	1.4	0.00470209
0.683333	0.74	0	1.4	0.00359284
0.683333	0.78	0	1.4	0.00261203
0.683333	0.82	0	1.4	0.00185558
0.683333	0.86	0	1.4	0.00136868
0.683333	0.9	0	1.4	0.00104999
0.683333	0.94	0	1.4	0.000719467
0.683333	0.98	0	1.4	0.000485025
0.716667	-0.98	0	1.4	0.000291327
0.716667	-0.94	0	1.4	0.000209576
0.716667	-0.9	0	1.4	0.000151741
0.716667	-0.86	0	1.4	0.000105339
0.716667	-0.82	0	1.4	7.36661e-05
0.716667	-0.78	0	1.4	5.47753e-05
0.716667	-0.74	0	1.4	3.74875e-05
0.716667	-0.7	0	1.4	2.63418e-05
0.716667	-0.66	0	1.4	1.74978e-05
0.716667	-0.62	0	1.4	1.21424e-05
0.716667	-0.58	0	1.4	8.4092e-06
0.716667	-0.54	0	1.4	5.95759e-06
0.716667	-0.5	0	1.4	3.7789e-06
0.716667	-0.46	0	1.4	2.75648e-06
0.716667	-0.42	0	1.4	1.95959e-06
0.716667	-0.38	0	1.4	1.37173e-06
0.716667	-0.34	0	1.4	8.943e-07
0.716667	-0.3	0	1.4	5.99434e-07
0.716667	-0.26	0	1.4	0.00446223
0.716667	-0.22	0	1.4	0.0060958
0.716667	-0.18	0	1.4	0.00811358
0.716667	-0.14	0	1.4	0.00993448
0.716667	-0.1	0	1.4	0.0120625
0.716667	-0.06	0	1.4	0.0151279
0.716667	-0.02	0	1.4	0.0173256
0.716667	0.02	0	1.4	0.0207281
0.716667	0.06	0	1.4	0.0208281
0.716667	0.1	0	1.4	0.0237747
0.716667	0.14	0	1.4	0.0232064
0.716667	0.18	0	1.4	0.0278792
0.716667	0.22	0	1.4	0.0257777
0.716667	0.26	0	1.4	0.0257244
0.716667	0.3	0	1.4	0.0230679
0.716667	0.34	0	1.4	0.0235422
0.716667	0.38	0	1.4	0.0204117
0.716667	0.42	0	1.4	0.0176013
0.716667	0.46	0	1.4	0.0150106
0.716667	0.5	0	1.4	0.0125827
0.716667	0.54	0	1.4	0.00961657
0.716667	0.58	0	1.4	0.00758397
0.716667	0.62	0	1.4	0.00662877
0.716667	0.66	0	1.4	0.00490071
0.716667	0.7	0	1.4	0.00391101
0.716667	0.74	0	1.4	0.00280291
0.716667	0.78	0	1.4	0.00208717
0.716667	0.82	0	1.4	0.00151482
0.716667	0.86	0	1.4	0.00108675
0.716667	0.9	0	1.4	0.000793146
0.716667	0.94	0	1.4	0.000587673
0.716667	0.98	0	1.4	0.000424617
0.75	-0.98	0	1.4	0.000258557
0.75	-0.94	0	1.4	0.0001802
0.75	-0.9	0	1.4	0.000130459
0.75	-0.86	0	1.4	9.10855e-05
0.75	-0.82	0	1.4	6.76772e-05
0.75	-0.78	0	1.4	4.44929e-05
0.75	-0.74	0	1.4	3.31307e-05
0.75	-0.7	0	1.4	2.1515e-05
0.75	-0.66	0	1.4	1.43537e-05
0.75	-0.62	0	1.4	1.0468e-05
0.75	-0.58	0	1.4	8.41521e-06
0.75	-0.54	0	1.4	5.28814e-06
0.75	-0.5	0	1.4	3.50561e-06
0.75	-0.46	0	1.4	2.38958e-06
0.75	-0.42	0	1.4	1.76103e-06
0.75	-0.38	0	1.4	1.16866e-06
0.75	-0.34	0	1.4	8.41844e-07
0.75	-0.3	0	1.4	5.84699e-07
0.75	-0.26	0	1.4	0.00365698
0.75	-0.22	0	1.4	0.00474678
0.75	-0.18	0	1.4	0.00593792
0.75	-0.14	0	1.4	0.00702255
0.75	-0.1	0	1.4	0.00901678
0.75	-0.06	0	1.4	0.0102938
0.75	-0.02	0	1.4	0.0128762
0.75	0.02	0	1.4	0.0134852
0.75	0.06	0	1.4	0.0164465
0.75	0.1	0	1.4	0.0175632
0.75	0.14	0	1.4	0.0175607
0.75	0.18	0	1.4	0.0194337
0.75	0.22	0	1.4	0.0208146
0.75	0.26	0	1.4	0.0181577
0.75	0.3	0	1.4	0.0189758
0.75	0.34	0	1.4	0.0159257
0.75	0.38	0	1.4	0.0134462
0.75	0.42	0	1.4	0.0131494
0.75	0.46	0	1.4	0.0112588
0.75	0.5	0	1.4	0.00879626
0.75	0.54	0	1.4	0.00754572
0.75	0.58	0	1.4	0.00598659
0.75	0.62	0	1.4	0.00473392
0.75	0.66	0	1.4	0.00357661
0.75	0.7	0	1.4	0.00285615
0.75	0.74	0	1.4	0.00200288
0.75	0.78	0	1.4	0.00158312
0.75	0.82	0	1.4	0.00119005
0.75	0.86	0	1.4	0.000864721
0.75	0.9	0	1.4	0.000673394
0.75	0.94	0	1.4	0.000481136
0.75	0.98	0	1.4	0.00036224
0.783333	-0.98	0	1.4	0.000210579
0.783333	-0.94	0	1.4	0.000149614
0.783333	-0.9	0	1.4	0.000102573
0.783333	-0.86	0	1.4	7.40015e-05
0.783333	-0.82	0	1.4	5.28727e-05
0.783333	-0.78	0	1.4	3.79482e-05
0.783333	-0.74	0	1.4	2.66263e-05
0.783333	-0.7	0	1.4	1.93464e-05
0.783333	-0.66	0	1.4	1.38582e-05
0.783333	-0.62	0	1.4	9.94738e-06
0.783333	-0.58	0	1.4	6.9949e-06
0.783333	-0.54	0	1.4	4.36644e-06
0.783333	-0.5	0	1.4	3.28215e-06
0.783333	-0.46	0	1.4	2.11051e-06
0.783333	-0.42	0	1.4	1.47361e-06
0.783333	-0.38	0	1.4	1.06122e-06
0.783333	-0.34	0	1.4	7.63825e-07
0.783333	-0.3	0	1.4	5.00827e-07
0.783333	-0.26	0	1.4	0.00283695
0.783333	-0.22	0	1.4	0.00372081
0.783333	-0.18	0	1.4	0.00444437
0.783333	-0.14	0	1.4	0.00557472
0.783333	-0.1	0	1.4	0.00703051
0.783333	-0.06	0	1.4	0.00787501
0.783333	-0.02	0	1.4	0.00906302
0.783333	0.02	0	1.4	0.0108862
0.783333	0.06	0	1.4	0.0113029
0.783333	0.1	0	1.4	0.0115001
0.783333	0.14	0	1.4	0.0135678
0.783333	0.18	0	1.4	0.0127794
0.783333	0.22	0	1.4	0.0131138
0.783333	0.26	0	1.4	0.0134954
0.783333	0.3	0	1.4	0.0134225
0.783333	0.34	0	1.4	0.0114616
0.783333	0.38	0	1.4	0.0115451
0.783333	0.42	0	1.4	0.00949219
0.783333	0.46	0	1.4	0.00826658
0.783333	0.5	0	1.4	0.00671845
0.783333	0.54	0	1.4	0.00583295
0.783333	0.58	0	1.4	0.00476536
0.783333	0.62	0	1.4	0.00357277
0.783333	0.66	0	1.4	0.00306235
0.783333	0.7	0	1.4	0.00217373
0.783333	0.74	0	1.4	0.00186724
0.783333	0.78	0	1.4	0.00132556
0.783333	0.82	0	1.4	0.0010593
0.783333	0.86	0	1.4	0.000743469
0.783333	0.9	0	1.4	0.000515667
0.783333	0.94	0	1.4	0.000386579
0.783333	0.98	0	1.4	0.000294739
0.816667	-0.98	0	1.4	0.000173434
0.816667	-0.94	0	1.4	0.000126986
0.816667	-0.9	0	1.4	8.47807e-05
0.816667	-0.86	0	1.4	6.22002e-05
0.816667	-0.82	0	1.4	4.87474e-05
0.816667	-0.78	0	1.4	3.25751e-05
0.816667	-0.74	0	1.4	2.39642e-05
0.816667	-0.7	0	1.4	1.73722e-05
0.816667	-0.66	0	1.4	1.21754e-05
0.816667	-0.62	0	1.4	7.79095e-06
0.816667	-0.58	0	1.4	5.77887e-06
0.816667	-0.54	0	1.4	3.71954e-06
0.816667	-0.5	0	1.4	2.83942e-06
0.816667	-0.46	0	1.4	1.94004e-06
0.816667	-0.42	0	1.4	1.39804e-06
0.816667	-0.38	0	1.4	9.27121e-07
0.816667	-0.34	0	1.4	6.17715e-07
0.816667	-0.3	0	1.4	4.42513e-07
0.816667	-0.26	0	1.4	0.00224697
0.816667	-0.22	0	1.4	0.00269489
0.816667	-0.18	0	1.4	0.00348453
0.816667	-0.14	0	1.4	0.00435731
0.816667	-0.1	0	1.4	0.00507682
0.816667	-0.06	0	1.4	0.00531545
0.816667	-0.02	0	1.4	0.00676239
0.816667	0.02	0	1.4	0.00838786
0.816667	0.06	0	1.4	0.00819057
0.816667	0.1	0	1.4	0.00850149
0.816667	0.14	0	1.4	0.0105909
0.816667	0.18	0	1.4	0.00978622
0.816667	0.22	0	1.4	0.0103239
0.816667	0.26	0	1.4	0.00964713
0.816667	0.3	0	1.4	0.00902504
0.816667	0.34	0	1.4	0.00832939
0.816667	0.38	0	1.4	0.00757004
0.816667	0.42	0	1.4	0.0069296
0.816667	0.46	0	1.4	0.00562149
0.816667	0.5	0	1.4	0.00507682
0.816667	0.54	0	1.4	0.00450559
0.816667	0.58	0	1.4	0.00357795
0.816667	0.62	0	1.4	0.00292072
0.816667	0.66	0	1.4	0.0022888
0.816667	0.7	0	1.4	0.00172694
0.816667	0.74	0	1.4	0.00125977
0.816667	0.78	0	1.4	0.000960761
0.816667	0.82	0	1.4	0.000790263
0.816667	0.86	0	1.4	0.000586501
0.816667	0.9	0	1.4	0.000446802
0.816667	0.94	0	1.4	0.000334163
0.816667	0.98	0	1.4	0.000243733
0.85	-0.98	0	1.4	0.000138091
0.85	-0.94	0	1.4	0.000102299
0.85	-0.9	0	1.4	7.21727e-05
0.85	-0.86	0	1.4	5.89466e-05
0.85	-0.82	0	1.4	4.09899e-05
0.85	-0.78	0	1.4	2.65868e-05
0.85	-0.74	0	1.4	2.07757e-05
0.85	-0.7	0	1.4	1.4934e-05
0.85	-0.66	0	1.4	9.22275e-06
0.85	-0.62	0	1.4	6.78492e-06
0.85	-0.58	0	1.4	4.76004e-06
0.85	-0.54	0	1.4	3.36759e-06
0.85	-0.5	0	1.4	2.24178e-06
0.85	-0.46	0	1.4	1.65558e-06
0.85	-0.42	0	1.4	1.07897e-06
0.85	-0.38	0	1.4	8.22472e-07
0.85	-0.34	0	1.4	5.54579e-07
0.85	-0.3	0	1.4	3.99181e-07
0.85	-0.26	0	1.4	0.00169066
0.85	-0.22	0	1.4	0.00214183
0.85	-0.18	0	1.4	0.00265206
0.85	-0.14	0	1.4	0.00320604
0.85	-0.1	0	1.4	0.0035656
0.85	-0.06	0	1.4	0.0041225
0.85	-0.02	0	1.4	0.00478168
0.85	0.02	0	1.4	0.0054005
0.85	0.06	0	1.4	0.00623623
0.85	0.1	0	1.4	0.00602991
0.85	0.14	0	1.4	0.00693257
0.85	0.18	0	1.4	0.00750931
0.85	0.22	0	1.4	0.00758693
0.85	0.26	0	1.4	0.00693257
0.85	0.3	0	1.4	0.00660763
0.85	0.34	0	1.4	0.00652199
0.85	0.38	0	1.4	0.00575237
0.85	0.42	0	1.4	0.005095
0.85	0.46	0	1.4	0.00425319
0.85	0.5	0	1.4	0.00381956
0.85	0.54	0	1.4	0.00351301
0.85	0.58	0	1.4	0.00256764
0.85	0.62	0	1.4	0.00213041
0.85	0.66	0	1.4	0.00183231
0.85	0.7	0	1.4	0.00138845
0.85	0.74	0	1.4	0.00102889
0.85	0.78	0	1.4	0.000808138
0.85	0.82	0	1.4	0.000594939
0.85	0.86	0	1.4	0.000455784
0.85	0.9	0	1.4	0.000333963
0.85	0.94	0	1.4	0.000264922
0.85	0.98	0	1.4	0.000200135
0.883333	-0.98	0	1.4	0.000115267
0.883333	-0.94	0	1.4	8.07239e-05
0.883333	-0.9	0	1.4	6.04913e-05
0.883333	-0.86	0	1.4	4.55352e-05
0.883333	-0.82	0	1.4	3.34709e-05
0.883333	-0.78	0	1.4	2.51624e-05
0.883333	-0.74	0	1.4	1.66509e-05
0.883333	-0.7	0	1.4	1.20947e-05
0.883333	-0.66	0	1.4	8.01718e-06
0.883333	-0.62	0	1.4	6.10603e-06
0.883333	-0.58	0	1.4	4.32442e-06
0.883333	-0.54	0	1.4	2.82656e-06
0.883333	-0.5	0	1.4	2.04685e-06
0.883333	-0.46	0	1.4	1.32659e-06
0.883333	-0.42	0	1.4	9.84744e-07
0.883333	-0.38	0	1.4	7.00623e-07
0.883333	-0.34	0	1.4	4.59193e-07
0.883333	-0.3	0	1.4	3.49556e-07
0.883333	-0.26	0	1.4	0.00126199
0.883333	-0.22	0	1.4	0.00167368
0.883333	-0.18	0	1.4	0.0020571
0.883333	-0.14	0	1.4	0.00240628
0.883333	-0.1	0	1.4	0.00271266
0.883333	-0.06	0	1.4	0.00329292
0.883333	-0.02	0	1.4	0.00377511
0.883333	0.02	0	1.4	0.00406338
0.883333	0.06	0	1.4	0.0048245
0.883333	0.1	0	1.4	0.00487881
0.883333	0.14	0	1.4	0.00517635
0.883333	0.18	0	1.4	0.0052552
0.883333	0.22	0	1.4	0.00563257
0.883333	0.26	0	1.4	0.00499879
0.883333	0.3	0	1.4	0.00478749
0.883333	0.34	0	1.4	0.00414225
0.883333	0.38	0	1.4	0.00423037
0.883333	0.42	0	1.4	0.00393448
0.883333	0.46	0	1.4	0.00327545
0.883333	0.5	0	1.4	0.00288548
0.883333	0.54	0	1.4	0.00237453
0.883333	0.58	0	1.4	0.00197798
0.883333	0.62	0	1.4	0.00162192
0.883333	0.66	0	1.4	0.00124809
0.883333	0.7	0	1.4	0.00099519
0.883333	0.74	0	1.4	0.000751168
0.883333	0.78	0	1.4	0.000611883
0.883333	0.82	0	1.4	0.000445526
0.883333	0.86	0	1.4	0.000366645
0.883333	0.9	0	1.4	0.000281784
0.883333	0.94	0	1.4	0.000213645
0.883333	0.98	0	1.4	0.000153329
0.916667	-0.98	0	1.4	8.84209e-05
0.916667	-0.94	0	1.4	6.95766e-05
0.916667	-0.9	0	1.4	4.33189e-05
0.916667	-0.86	0	1.4	3.62501e-05
0.916667	-0.82	0	1.4	2.61693e-05
0.916667	-0.78	0	1.4	1.86013e-05
0.916667	-0.74	0	1.4	1.22117e-05
0.916667	-0.7	0	1.4	9.589e-06
0.916667	-0.66	0	1.4	7.63194e-06
0.916667	-0.62	0	1.4	5.04467e-06
0.916667	-0.58	0	1.4	3.30463e-06
0.916667	-0.54	0	1.4	2.47759e-06
0.916667	-0.5	0	1.4	1.6346e-06
0.916667	-0.46	0	1.4	1.17334e-06
0.916667	-0.42	0	1.4	8.67852e-07
0.916667	-0.38	0	1.4	6.3395e-07
0.916667	-0.34	0	1.4	3.97568e-07
0.916667	-0.3	0	1.4	3.06778e-07
0.916667	-0.26	0	1.4	0.000995425
0.916667	-0.22	0	1.4	0.00111934
0.916667	-0.18	0	1.4	0.00157998
0.916667	-0.14	0	1.4	0.00173853
0.916667	-0.1	0	1.4	0.00204482
0.916667	-0.06	0	1.4	0.00227997
0.916667	-0.02	0	1.4	0.00271738
0.916667	0.02	0	1.4	0.00291833
0.916667	0.06	0	1.4	0.00325235
0.916667	0.1	0	1.4	0.00350066
0.916667	0.14	0	1.4	0.00376616
0.916667	0.18	0	1.4	0.00384018
0.916667	0.22	0	1.4	0.00394071
0.916667	0.26	0	1.4	0.00360883
0.916667	0.3	0	1.4	0.0035383
0.916667	0.34	0	1.4	0.00331405
0.916667	0.38	0	1.4	0.00299917
0.916667	0.42	0	1.4	0.00291355
0.916667	0.46	0	1.4	0.00244008
0.916667	0.5	0	1.4	0.00203374
0.916667	0.54	0	1.4	0.00174324
0.916667	0.58	0	1.4	0.0014145
0.916667	0.62	0	1.4	0.00119721
0.916667	0.66	0	1.4	0.000940124
0.916667	0.7	0	1.4	0.000799308
0.916667	0.74	0	1.4	0.000592212
0.916667	0.78	0	1.4	0.000451363
0.916667	0.82	0	1.4	0.000363388
0.916667	0.86	0	1.4	0.000290066
0.916667	0.9	0	1.4	0.000218537
0.916667	0.94	0	1.4	0.000167272
0.916667	0.98	0	1.4	0.000122406
0.95	-0.98	0	1.4	7.27741e-05
0.95	-0.94	0	1.4	5.44416e-05
0.95	-0.9	0	1.4	4.05857e-05
0.95	-0.86	0	1.4	2.99257e-05
0.95	-0.82	0	1.4	2.26999e-05
0.95	-0.78	0	1.4	1.61911e-05
0.95	-0.74	0	1.4	1.16147e-05
0.95	-0.7	0	1.4	8.10103e-06
0.95	-0.66	0	1.4	5.85724e-06
0.95	-0.62	0	1.4	3.9964e-06
0.95	-0.58	0	1.4	2.93431e-06
0.95	-0.54	0	1.4	2.16291e-06
0.95	-0.5	0	1.4	1.42367e-06
0.95	-0.46	0	1.4	1.05915e-06
0.95	-0.42	0	1.4	7.42193e-07
0.95	-0.38	0	1.4	5.39845e-07
0.95	-0.34	0	1.4	3.30554e-07
0.95	-0.3	0	1.4	2.58821e-07
0.95	-0.26	0	1.4	0.000661596
0.95	-0.22	0	1.4	0.000902049
0.95	-0.18	0	1.4	0.0010942
0.95	-0.14	0	1.4	0.00125842
0.95	-0.1	0	1.4	0.00149183
0.95	-0.06	0	1.4	0.00186942
0.95	-0.02	0	1.4	0.00206822
0.95	0.02	0	1.4	0.00211565
0.95	0.06	0	1.4	0.00241962
0.95	0.1	0	1.4	0.00246794
0.95	0.14	0	1.4	0.00265903
0.95	0.18	0	1.4	0.00280255
0.95	0.22	0	1.4	0.00254252
0.95	0.26	0	1.4	0.00241858
0.95	0.3	0	1.4	0.0024137
0.95	0.34	0	1.4	0.00241325
0.95	0.38	0	1.4	0.00214495
0.95	0.42	0	1.4	0.00204177
0.95	0.46	0	1.4	0.00175229
0.95	0.5	0	1.4	0.00152444
0.95	0.54	0	1.4	0.00123751
0.95	0.58	0	1.4	0.00110593
0.95	0.62	0	1.4	0.000948245
0.95	0.66	0	1.4	0.000764908
0.95	0.7	0	1.4	0.000626402
0.95	0.74	0	1.4	0.000482319
0.95	0.78	0	1.4	0.000366713
0.95	0.82	0	1.4	0.000291961
0.95	0.86	0	1.4	0.000222825
0.95	0.9	0	1.4	0.000169891
0.95	0.94	0	1.4	0.000129852
0.95	0.98	0	1.4	9.9269e-05
0.983333	-0.98	0	1.4	5.71772e-05
0.983333	-0.94	0	1.4	4.34961e-05
0.983333	-0.9	0	1.4	3.13963e-05
0.983333	-0.86	0	1.4	2.30901e-05
0.983333	-0.82	0	1.4	1.7125e-05
0.983333	-0.78	0	1.4	1.27048e-05
0.983333	-0.74	0	1.4	9.62839e-06
0.983333	-0.7	0	1.4	6.65932e-06
0.983333	-0.66	0	1.4	4.94089e-06
0.983333	-0.62	0	1.4	3.44446e-06
0.983333	-0.58	0	1.4	2.4974e-06
0.983333	-0.54	0	1.4	1.84258e-06
0.983333	-0.5	0	1.4	1.35047e-06
0.983333	-0.46	0	1.4	9.19111e-07
0.983333	-0.42	0	1.4	6.31271e-07
0.983333	-0.38	0	1.4	3.97515e-07
0.983333	-0.34	0	1.4	3.39385e-07
0.983333	-0.3	0	1.4	2.21801e-07
0.983333	-0.26	0	1.4	0.000542156
0.983333	-0.22	0	1.4	0.000650175
0.983333	-0.18	0	1.4	0.000834041
0.983333	-0.14	0	1.4	0.000964688
0.983333	-0.1	0	1.4	0.00106791
0.983333	-0.06	0	1.4	0.0013376
0.983333	-0.02	0	1.4	0.00142636
0.983333	0.02	0	1.4	0.00156985
0.983333	0.06	0	1.4	0.00165414
0.983333	0.1	0	1.4	0.00180085
0.983333	0.14	0	1.4	0.00188025
0.983333	0.18	0	1.4	0.00203808
0.983333	0.22	0	1.4	0.00199659
0.983333	0.26	0	1.4	0.00182944
0.983333	0.3	0	1.4	0.00174717
0.983333	0.34	0	1.4	0.00166793
0.983333	0.38	0	1.4	0.0015741
0.983333	0.42	0	1.4	0.00132256
0.983333	0.46	0	1.4	0.00130339
0.983333	0.5	0	1.4	0.00107688
0.983333	0.54	0	1.4	0.000987841
0.983333	0.58	0	1.4	0.000810086
0.983333	0.62	0	1.4	0.000684681
0.983333	0.66	0	1.4	0.000537675
0.983333	0.7	0	1.4	0.000457008
0.983333	0.74	0	1.4	0.000361543
0.983333	0.78	0	1.4	0.00029196
0.983333	0.82	0	1.4	0.000220508
0.983333	0.86	0	1.4	0.000178267
0.983333	0.9	0	1.4	0.000129225
0.983333	0.94	0	1.4	9.83149e-05
0.983333	0.98	0	1.4	7.98401e-05
