-0.983333	-0.98	0	1	3.67597e-06
-0.983333	-0.94	0	1	2.6403e-06
-0.983333	-0.9	0	1	1.87433e-06
-0.983333	-0.86	0	1	1.55011e-06
-0.983333	-0.82	0	1	1.11568e-06
-0.983333	-0.78	0	1	8.5901e-07
-0.983333	-0.74	0	1	5.81407e-07
-0.983333	-0.7	0	1	4.21477e-07
-0.983333	-0.66	0	1	3.18766e-07
-0.983333	-0.62	0	1	2.29964e-07
-0.983333	-0.58	0	1	1.69123e-07
-0.983333	-0.54	0	1	1.19755e-07
-0.983333	-0.5	0	1	8.04266e-08
-0.983333	-0.46	0	1	9.27682e-05
-0.983333	-0.42	0	1	0.000109837
-0.983333	-0.38	0	1	0.000130721
-0.983333	-0.34	0	1	0.000148511
-0.983333	-0.3	0	1	0.000162856
-0.983333	-0.26	0	1	0.000187667
-0.983333	-0.22	0	1	0.000187711
-0.983333	-0.18	0	1	0.000223089
-0.983333	-0.14	0	1	0.000222211
-0.983333	-0.1	0	1	0.000245889
-0.983333	-0.06	0	1	0.000237802
-0.983333	-0.02	0	1	0.000261784
-0.983333	0.02	0	1	0.000258246
-0.983333	0.06	0	1	0.000259195
-0.983333	0.1	0	1	0.000242514
-0.983333	0.14	0	1	0.000222671
-0.983333	0.18	0	1	0.000220063
-0.983333	0.22	0	1	0.000194515
-0.983333	0.26	0	1	0.000184016
-0.983333	0.3	0	1	0.000168109
-0.983333	0.34	0	1	0.000148511
-0.983333	0.38	0	1	0.000119254
-0.983333	0.42	0	1	0.000109837
-0.983333	0.46	0	1	9.10781e-05
-0.983333	0.5	0	1	7.71003e-05
-0.983333	0.54	0	1	6.34726e-05
-0.983333	0.58	0	1	5.23349e-05
-0.983333	0.62	0	1	4.45733e-05
-0.983333	0.66	0	1	3.77422e-05
-0.983333	0.7	0	1	2.80347e-05
-0.983333	0.74	0	1	2.31608e-05
-0.983333	0.78	0	1	1.84798e-05
-0.983333	0.82	0	1	1.38982e-05
-0.983333	0.86	0	1	1.08812e-05
-0.983333	0.9	0	1	8.35845e-06
-0.983333	0.94	0	1	6.07152e-06
-0.983333	0.98	0	1	4.80784e-06
-0.95	-0.98	0	1	2.92283e-06
-0.95	-0.94	0	1	2.11842e-06
-0.95	-0.9	0	1	1.62959e-06
-0.95	-0.86	0	1	1.21227e-06
-0.95	-0.82	0	1	8.55665e-07
-0.95	-0.78	0	1	6.73666e-07
-0.95	-0.74	0	1	4.86521e-07
-0.95	-0.7	0	1	3.56376e-07
-0.95	-0.66	0	1	2.46736e-07
-0.95	-0.62	0	1	1.86765e-07
-0.95	-0.58	0	1	1.40696e-07
-0.95	-0.54	0	1	1.04493e-07
-0.95	-0.5	0	1	6.84843e-08
-0.95	-0.46	0	1	6.95257e-05
-0.95	-0.42	0	1	7.92062e-05
-0.95	-0.38	0	1	9.2442e-05
-0.95	-0.34	0	1	0.000104818
-0.95	-0.3	0	1	0.000116108
-0.95	-0.26	0	1	0.000123423
-0.95	-0.22	0	1	0.000146769
-0.95	-0.18	0	1	0.0001535
-0.95	-0.14	0	1	0.000155754
-0.95	-0.1	0	1	0.000166448
-0.95	-0.06	0	1	0.000180142
-0.95	-0.02	0	1	0.000172401
-0.95	0.02	0	1	0.000173125
-0.95	0.06	0	1	0.000173721
-0.95	0.1	0	1	0.0001706
-0.95	0.14	0	1	0.00016369
-0.95	0.18	0	1	0.00015599
-0.95	0.22	0	1	0.000143591
-0.95	0.26	0	1	0.000133201
-0.95	0.3	0	1	0.000116108
-0.95	0.34	0	1	0.000110335
-0.95	0.38	0	1	9.3933e-05
-0.95	0.42	0	1	8.14693e-05
-0.95	0.46	0	1	6.37088e-05
-0.95	0.5	0	1	5.64131e-05
-0.95	0.54	0	1	4.77301e-05
-0.95	0.58	0	1	4.2471e-05
-0.95	0.62	0	1	3.23586e-05
-0.95	0.66	0	1	2.72532e-05
-0.95	0.7	0	1	2.17536e-05
-0.95	0.74	0	1	1.78369e-05
-0.95	0.78	0	1	1.35307e-05
-0.95	0.82	0	1	1.10066e-05
-0.95	0.86	0	1	8.33786e-06
-0.95	0.9	0	1	6.17575e-06
-0.95	0.94	0	1	5.18429e-06
-0.95	0.98	0	1	3.59196e-06
-0.916667	-0.98	0	1	2.23796e-06
-0.916667	-0.94	0	1	1.68616e-06
-0.916667	-0.9	0	1	1.27132e-06
-0.916667	-0.86	0	1	9.45866e-07
-0.916667	-0.82	0	1	6.94465e-07
-0.916667	-0.78	0	1	5.43119e-07
-0.916667	-0.74	0	1	3.89053e-07
-0.916667	-0.7	0	1	2.98488e-07
-0.916667	-0.66	0	1	2.24298e-07
-0.916667	-0.62	0	1	1.5264e-07
-0.916667	-0.58	0	1	1.15631e-07
-0.916667	-0.54	0	1	8.13133e-08
-0.916667	-0.5	0	1	6.37389e-08
-0.916667	-0.46	0	1	4.98697e-05
-0.916667	-0.42	0	1	5.77314e-05
-0.916667	-0.38	0	1	6.65807e-05
-0.916667	-0.34	0	1	7.52204e-05
-0.916667	-0.3	0	1	8.56267e-05
-0.916667	-0.26	0	1	9.99914e-05
-0.916667	-0.22	0	1	0.000101728
-0.916667	-0.18	0	1	0.000110284
-0.916667	-0.14	0	1	0.000119533
-0.916667	-0.1	0	1	0.000123175
-0.916667	-0.06	0	1	0.000123531
-0.916667	-0.02	0	1	0.000123809
-0.916667	0.02	0	1	0.000124848
-0.916667	0.06	0	1	0.000114323
-0.916667	0.1	0	1	0.000118953
-0.916667	0.14	0	1	0.000122147
-0.916667	0.18	0	1	0.00010356
-0.916667	0.22	0	1	0.000107148
-0.916667	0.26	0	1	9.46381e-05
-0.916667	0.3	0	1	8.77025e-05
-0.916667	0.34	0	1	7.46026e-05
-0.916667	0.38	0	1	6.64446e-05
-0.916667	0.42	0	1	5.83242e-05
-0.916667	0.46	0	1	4.90539e-05
-0.916667	0.5	0	1	4.06765e-05
-0.916667	0.54	0	1	3.64009e-05
-0.916667	0.58	0	1	2.97474e-05
-0.916667	0.62	0	1	2.3357e-05
-0.916667	0.66	0	1	1.94657e-05
-0.916667	0.7	0	1	1.68919e-05
-0.916667	0.74	0	1	1.3458e-05
-0.916667	0.78	0	1	1.03598e-05
-0.916667	0.82	0	1	8.21865e-06
-0.916667	0.86	0	1	6.41926e-06
-0.916667	0.9	0	1	4.93804e-06
-0.916667	0.94	0	1	3.81165e-06
-0.916667	0.98	0	1	2.86386e-06
-0.883333	-0.98	0	1	1.78475e-06
-0.883333	-0.94	0	1	1.35076e-06
-0.883333	-0.9	0	1	1.02697e-06
-0.883333	-0.86	0	1	7.6436e-07
-0.883333	-0.82	0	1	5.45156e-07
-0.883333	-0.78	0	1	4.16293e-07
-0.883333	-0.74	0	1	3.08611e-07
-0.883333	-0.7	0	1	2.27351e-07
-0.883333	-0.66	0	1	1.75934e-07
-0.883333	-0.62	0	1	1.3764e-07
-0.883333	-0.58	0	1	9.22107e-08
-0.883333	-0.54	0	1	6.54378e-08
-0.883333	-0.5	0	1	4.82486e-08
-0.883333	-0.46	0	1	3.65185e-05
-0.883333	-0.42	0	1	4.16771e-05
-0.883333	-0.38	0	1	4.91848e-05
-0.883333	-0.34	0	1	5.81897e-05
-0.883333	-0.3	0	1	5.95736e-05
-0.883333	-0.26	0	1	7.02205e-05
-0.883333	-0.22	0	1	7.39704e-05
-0.883333	-0.18	0	1	8.17934e-05
-0.883333	-0.14	0	1	7.70049e-05
-0.883333	-0.1	0	1	9.12362e-05
-0.883333	-0.06	0	1	8.78299e-05
-0.883333	-0.02	0	1	9.18862e-05
-0.883333	0.02	0	1	9.18862e-05
-0.883333	0.06	0	1	8.81966e-05
-0.883333	0.1	0	1	8.46429e-05
-0.883333	0.14	0	1	8.31516e-05
-0.883333	0.18	0	1	7.74375e-05
-0.883333	0.22	0	1	7.59249e-05
-0.883333	0.26	0	1	7.22939e-05
-0.883333	0.3	0	1	6.24582e-05
-0.883333	0.34	0	1	5.5606e-05
-0.883333	0.38	0	1	4.89861e-05
-0.883333	0.42	0	1	4.4195e-05
-0.883333	0.46	0	1	3.69684e-05
-0.883333	0.5	0	1	3.42568e-05
-0.883333	0.54	0	1	2.6988e-05
-0.883333	0.58	0	1	2.2468e-05
-0.883333	0.62	0	1	1.84435e-05
-0.883333	0.66	0	1	1.55158e-05
-0.883333	0.7	0	1	1.23029e-05
-0.883333	0.74	0	1	1.00259e-05
-0.883333	0.78	0	1	7.46118e-06
-0.883333	0.82	0	1	6.40546e-06
-0.883333	0.86	0	1	4.86695e-06
-0.883333	0.9	0	1	3.79184e-06
-0.883333	0.94	0	1	3.10334e-06
-0.883333	0.98	0	1	2.32127e-06
-0.85	-0.98	0	1	1.36806e-06
-0.85	-0.94	0	1	1.05039e-06
-0.85	-0.9	0	1	8.00412e-07
-0.85	-0.86	0	1	5.94493e-07
-0.85	-0.82	0	1	4.64985e-07
-0.85	-0.78	0	1	3.33178e-07
-0.85	-0.74	0	1	2.61351e-07
-0.85	-0.7	0	1	1.84539e-07
-0.85	-0.66	0	1	1.39884e-07
-0.85	-0.62	0	1	1.04525e-07
-0.85	-0.58	0	1	7.2301e-08
-0.85	-0.54	0	1	5.40121e-08
-0.85	-0.5	0	1	4.03624e-08
-0.85	-0.46	0	1	2.7311e-05
-0.85	-0.42	0	1	3.11892e-05
-0.85	-0.38	0	1	3.46267e-05
-0.85	-0.34	0	1	3.97557e-05
-0.85	-0.3	0	1	4.33459e-05
-0.85	-0.26	0	1	4.69477e-05
-0.85	-0.22	0	1	5.2245e-05
-0.85	-0.18	0	1	5.74594e-05
-0.85	-0.14	0	1	5.65444e-05
-0.85	-0.1	0	1	6.68674e-05
-0.85	-0.06	0	1	6.11249e-05
-0.85	-0.02	0	1	6.5846e-05
-0.85	0.02	0	1	6.95781e-05
-0.85	0.06	0	1	6.19136e-05
-0.85	0.1	0	1	6.18811e-05
-0.85	0.14	0	1	5.96108e-05
-0.85	0.18	0	1	5.81559e-05
-0.85	0.22	0	1	5.24618e-05
-0.85	0.26	0	1	5.17424e-05
-0.85	0.3	0	1	4.5436e-05
-0.85	0.34	0	1	4.147e-05
-0.85	0.38	0	1	3.57857e-05
-0.85	0.42	0	1	2.99823e-05
-0.85	0.46	0	1	2.69807e-05
-0.85	0.5	0	1	2.33174e-05
-0.85	0.54	0	1	2.07358e-05
-0.85	0.58	0	1	1.73714e-05
-0.85	0.62	0	1	1.42699e-05
-0.85	0.66	0	1	1.20006e-05
-0.85	0.7	0	1	9.13378e-06
-0.85	0.74	0	1	7.66013e-06
-0.85	0.78	0	1	5.91304e-06
-0.85	0.82	0	1	4.63782e-06
-0.85	0.86	0	1	3.80846e-06
-0.85	0.9	0	1	2.71679e-06
-0.85	0.94	0	1	2.48516e-06
-0.85	0.98	0	1	1.7678e-06
-0.816667	-0.98	0	1	1.08175e-06
-0.816667	-0.94	0	1	8.73915e-07
-0.816667	-0.9	0	1	6.33114e-07
-0.816667	-0.86	0	1	4.77065e-07
-0.816667	-0.82	0	1	3.7294e-07
-0.816667	-0.78	0	1	2.73937e-07
-0.816667	-0.74	0	1	1.99363e-07
-0.816667	-0.7	0	1	1.47707e-07
-0.816667	-0.66	0	1	1.05348e-07
-0.816667	-0.62	0	1	8.09289e-08
-0.816667	-0.58	0	1	5.77701e-08
-0.816667	-0.54	0	1	4.56818e-08
-0.816667	-0.5	0	1	3.29594e-08
-0.816667	-0.46	0	1	1.95853e-05
-0.816667	-0.42	0	1	2.33039e-05
-0.816667	-0.38	0	1	2.71211e-05
-0.816667	-0.34	0	1	2.93429e-05
-0.816667	-0.3	0	1	3.25719e-05
-0.816667	-0.26	0	1	3.77339e-05
-0.816667	-0.22	0	1	3.78874e-05
-0.816667	-0.18	0	1	4.1918e-05
-0.816667	-0.14	0	1	4.52827e-05
-0.816667	-0.1	0	1	4.71471e-05
-0.816667	-0.06	0	1	4.84361e-05
-0.816667	-0.02	0	1	4.76622e-05
-0.816667	0.02	0	1	4.60385e-05
-0.816667	0.06	0	1	4.57976e-05
-0.816667	0.1	0	1	4.40284e-05
-0.816667	0.14	0	1	4.38731e-05
-0.816667	0.18	0	1	4.18345e-05
-0.816667	0.22	0	1	3.91373e-05
-0.816667	0.26	0	1	3.57859e-05
-0.816667	0.3	0	1	3.29667e-05
-0.816667	0.34	0	1	2.80387e-05
-0.816667	0.38	0	1	2.72794e-05
-0.816667	0.42	0	1	2.27932e-05
-0.816667	0.46	0	1	1.97873e-05
-0.816667	0.5	0	1	1.70949e-05
-0.816667	0.54	0	1	1.44062e-05
-0.816667	0.58	0	1	1.16921e-05
-0.816667	0.62	0	1	1.01321e-05
-0.816667	0.66	0	1	8.13575e-06
-0.816667	0.7	0	1	6.69399e-06
-0.816667	0.74	0	1	5.57482e-06
-0.816667	0.78	0	1	4.51886e-06
-0.816667	0.82	0	1	3.63406e-06
-0.816667	0.86	0	1	2.87714e-06
-0.816667	0.9	0	1	2.19714e-06
-0.816667	0.94	0	1	1.74768e-06
-0.816667	0.98	0	1	1.34158e-06
-0.783333	-0.98	0	1	8.40807e-07
-0.783333	-0.94	0	1	6.10845e-07
-0.783333	-0.9	0	1	4.78319e-07
-0.783333	-0.86	0	1	3.69352e-07
-0.783333	-0.82	0	1	2.72226e-07
-0.783333	-0.78	0	1	2.12503e-07
-0.783333	-0.74	0	1	1.73741e-07
-0.783333	-0.7	0	1	1.23429e-07
-0.783333	-0.66	0	1	9.01604e-08
-0.783333	-0.62	0	1	6.8403e-08
-0.783333	-0.58	0	1	4.84825e-08
-0.783333	-0.54	0	1	3.5792e-08
-0.783333	-0.5	0	1	2.71415e-08
-0.783333	-0.46	0	1	1.44062e-05
-0.783333	-0.42	0	1	1.67425e-05
-0.783333	-0.38	0	1	1.81252e-05
-0.783333	-0.34	0	1	2.12926e-05
-0.783333	-0.3	0	1	2.34298e-05
-0.783333	-0.26	0	1	2.55242e-05
-0.783333	-0.22	0	1	2.79722e-05
-0.783333	-0.18	0	1	3.11682e-05
-0.783333	-0.14	0	1	3.01159e-05
-0.783333	-0.1	0	1	3.38221e-05
-0.783333	-0.06	0	1	3.42485e-05
-0.783333	-0.02	0	1	3.26481e-05
-0.783333	0.02	0	1	3.36064e-05
-0.783333	0.06	0	1	3.34378e-05
-0.783333	0.1	0	1	3.23745e-05
-0.783333	0.14	0	1	3.14446e-05
-0.783333	0.18	0	1	2.78652e-05
-0.783333	0.22	0	1	2.69029e-05
-0.783333	0.26	0	1	2.58889e-05
-0.783333	0.3	0	1	2.34298e-05
-0.783333	0.34	0	1	2.13786e-05
-0.783333	0.38	0	1	1.83172e-05
-0.783333	0.42	0	1	1.67086e-05
-0.783333	0.46	0	1	1.42288e-05
-0.783333	0.5	0	1	1.19032e-05
-0.783333	0.54	0	1	1.04556e-05
-0.783333	0.58	0	1	8.93784e-06
-0.783333	0.62	0	1	7.50417e-06
-0.783333	0.66	0	1	6.31917e-06
-0.783333	0.7	0	1	5.01931e-06
-0.783333	0.74	0	1	4.17187e-06
-0.783333	0.78	0	1	3.52168e-06
-0.783333	0.82	0	1	2.74856e-06
-0.783333	0.86	0	1	2.43068e-06
-0.783333	0.9	0	1	1.70756e-06
-0.783333	0.94	0	1	1.41915e-06
-0.783333	0.98	0	1	1.10122e-06
-0.75	-0.98	0	1	6.26977e-07
-0.75	-0.94	0	1	5.31691e-07
-0.75	-0.9	0	1	3.74525e-07
-0.75	-0.86	0	1	3.01601e-07
-0.75	-0.82	0	1	2.17119e-07
-0.75	-0.78	0	1	1.73142e-07
-0.75	-0.74	0	1	1.24182e-07
-0.75	-0.7	0	1	9.73499e-08
-0.75	-0.66	0	1	7.48426e-08
-0.75	-0.62	0	1	5.38061e-08
-0.75	-0.58	0	1	4.04869e-08
-0.75	-0.54	0	1	2.81535e-08
-0.75	-0.5	0	1	2.09152e-08
-0.75	-0.46	0	1	1.08233e-05
-0.75	-0.42	0	1	1.19895e-05
-0.75	-0.38	0	1	1.33204e-05
-0.75	-0.34	0	1	1.49107e-05
-0.75	-0.3	0	1	1.71544e-05
-0.75	-0.26	0	1	1.77817e-05
-0.75	-0.22	0	1	1.93366e-05
-0.75	-0.18	0	1	2.07706e-05
-0.75	-0.14	0	1	2.16253e-05
-0.75	-0.1	0	1	2.45919e-05
-0.75	-0.06	0	1	2.33396e-05
-0.75	-0.02	0	1	2.37382e-05
-0.75	0.02	0	1	2.4621e-05
-0.75	0.06	0	1	2.24196e-05
-0.75	0.1	0	1	2.28926e-05
-0.75	0.14	0	1	2.23068e-05
-0.75	0.18	0	1	2.02092e-05
-0.75	0.22	0	1	2.03906e-05
-0.75	0.26	0	1	1.75561e-05
-0.75	0.3	0	1	1.72922e-05
-0.75	0.34	0	1	1.5285e-05
-0.75	0.38	0	1	1.37393e-05
-0.75	0.42	0	1	1.1594e-05
-0.75	0.46	0	1	1.06501e-05
-0.75	0.5	0	1	9.09627e-06
-0.75	0.54	0	1	8.01004e-06
-0.75	0.58	0	1	6.67879e-06
-0.75	0.62	0	1	5.67479e-06
-0.75	0.66	0	1	4.43242e-06
-0.75	0.7	0	1	3.76409e-06
-0.75	0.74	0	1	3.32902e-06
-0.75	0.78	0	1	2.5571e-06
-0.75	0.82	0	1	2.09085e-06
-0.75	0.86	0	1	1.66598e-06
-0.75	0.9	0	1	1.2964e-06
-0.75	0.94	0	1	1.08442e-06
-0.75	0.98	0	1	8.01614e-07
-0.716667	-0.98	0	1	4.76608e-07
-0.716667	-0.94	0	1	3.84515e-07
-0.716667	-0.9	0	1	3.04429e-07
-0.716667	-0.86	0	1	2.22464e-07
-0.716667	-0.82	0	1	1.70128e-07
-0.716667	-0.78	0	1	1.34573e-07
-0.716667	-0.74	0	1	1.04568e-07
-0.716667	-0.7	0	1	7.28427e-08
-0.716667	-0.66	0	1	5.50269e-08
-0.716667	-0.62	0	1	4.38966e-08
-0.716667	-0.58	0	1	3.32009e-08
-0.716667	-0.54	0	1	2.37248e-08
-0.716667	-0.5	0	1	1.73611e-08
-0.716667	-0.46	0	1	7.95958e-06
-0.716667	-0.42	0	1	9.02598e-06
-0.716667	-0.38	0	1	1.02885e-05
-0.716667	-0.34	0	1	1.08065e-05
-0.716667	-0.3	0	1	1.19294e-05
-0.716667	-0.26	0	1	1.35063e-05
-0.716667	-0.22	0	1	1.44784e-05
-0.716667	-0.18	0	1	1.56153e-05
-0.716667	-0.14	0	1	1.58855e-05
-0.716667	-0.1	0	1	1.64543e-05
-0.716667	-0.06	0	1	1.79449e-05
-0.716667	-0.02	0	1	1.76075e-05
-0.716667	0.02	0	1	1.78887e-05
-0.716667	0.06	0	1	1.64524e-05
-0.716667	0.1	0	1	1.68944e-05
-0.716667	0.14	0	1	1.64727e-05
-0.716667	0.18	0	1	1.56153e-05
-0.716667	0.22	0	1	1.46535e-05
-0.716667	0.26	0	1	1.34521e-05
-0.716667	0.3	0	1	1.31497e-05
-0.716667	0.34	0	1	1.17108e-05
-0.716667	0.38	0	1	1.039e-05
-0.716667	0.42	0	1	8.89987e-06
-0.716667	0.46	0	1	7.83299e-06
-0.716667	0.5	0	1	6.36872e-06
-0.716667	0.54	0	1	5.97767e-06
-0.716667	0.58	0	1	4.94272e-06
-0.716667	0.62	0	1	4.17251e-06
-0.716667	0.66	0	1	3.54028e-06
-0.716667	0.7	0	1	2.75847e-06
-0.716667	0.74	0	1	2.40417e-06
-0.716667	0.78	0	1	1.88166e-06
-0.716667	0.82	0	1	1.58694e-06
-0.716667	0.86	0	1	1.16917e-06
-0.716667	0.9	0	1	9.71509e-07
-0.716667	0.94	0	1	8.52527e-07
-0.716667	0.98	0	1	6.09442e-07
-0.683333	-0.98	0	1	3.69748e-07
-0.683333	-0.94	0	1	3.01183e-07
-0.683333	-0.9	0	1	2.33703e-07
-0.683333	-0.86	0	1	1.80348e-07
-0.683333	-0.82	0	1	1.38722e-07
-0.683333	-0.78	0	1	1.0047e-07
-0.683333	-0.74	0	1	7.70147e-08
-0.683333	-0.7	0	1	6.04609e-08
-0.683333	-0.66	0	1	4.65559e-08
-0.683333	-0.62	0	1	3.41042e-08
-0.683333	-0.58	0	1	2.53813e-08
-0.683333	-0.54	0	1	2.05729e-08
-0.683333	-0.5	0	1	1.41261e-08
-0.683333	-0.46	0	1	5.67458e-06
-0.683333	-0.42	0	1	6.54646e-06
-0.683333	-0.38	0	1	6.94092e-06
-0.683333	-0.34	0	1	8.36812e-06
-0.683333	-0.3	0	1	9.17906e-06
-0.683333	-0.26	0	1	9.87755e-06
-0.683333	-0.22	0	1	1.01917e-05
-0.683333	-0.18	0	1	1.08449e-05
-0.683333	-0.14	0	1	1.11468e-05
-0.683333	-0.1	0	1	1.21174e-05
-0.683333	-0.06	0	1	1.26637e-05
-0.683333	-0.02	0	1	1.17355e-05
-0.683333	0.02	0	1	1.22644e-05
-0.683333	0.06	0	1	1.25393e-05
-0.683333	0.1	0	1	1.15346e-05
-0.683333	0.14	0	1	1.15683e-05
-0.683333	0.18	0	1	1.08226e-05
-0.683333	0.22	0	1	1.057e-05
-0.683333	0.26	0	1	9.60372e-06
-0.683333	0.3	0	1	8.7651e-06
-0.683333	0.34	0	1	8.0406e-06
-0.683333	0.38	0	1	7.27987e-06
-0.683333	0.42	0	1	6.63829e-06
-0.683333	0.46	0	1	5.48966e-06
-0.683333	0.5	0	1	5.0892e-06
-0.683333	0.54	0	1	4.23723e-06
-0.683333	0.58	0	1	3.653e-06
-0.683333	0.62	0	1	3.0758e-06
-0.683333	0.66	0	1	2.58239e-06
-0.683333	0.7	0	1	2.20664e-06
-0.683333	0.74	0	1	1.7668e-06
-0.683333	0.78	0	1	1.50316e-06
-0.683333	0.82	0	1	1.15838e-06
-0.683333	0.86	0	1	9.7317e-07
-0.683333	0.9	0	1	8.05774e-07
-0.683333	0.94	0	1	5.99814e-07
-0.683333	0.98	0	1	4.68983e-07
-0.65	-0.98	0	1	2.81381e-07
-0.65	-0.94	0	1	2.30162e-07
-0.65	-0.9	0	1	1.73863e-07
-0.65	-0.86	0	1	1.4753e-07
-0.65	-0.82	0	1	1.0894e-07
-0.65	-0.78	0	1	7.98865e-08
-0.65	-0.74	0	1	6.46004e-08
-0.65	-0.7	0	1	4.80065e-08
-0.65	-0.66	0	1	3.55726e-08
-0.65	-0.62	0	1	2.78698e-08
-0.65	-0.58	0	1	1.9836e-08
-0.65	-0.54	0	1	1.46328e-08
-0.65	-0.5	0	1	1.12519e-08
-0.65	-0.46	0	1	4.26732e-06
-0.65	-0.42	0	1	4.68719e-06
-0.65	-0.38	0	1	5.32607e-06
-0.65	-0.34	0	1	5.82123e-06
-0.65	-0.3	0	1	6.59181e-06
-0.65	-0.26	0	1	6.64191e-06
-0.65	-0.22	0	1	7.87975e-06
-0.65	-0.18	0	1	8.13089e-06
-0.65	-0.14	0	1	8.38829e-06
-0.65	-0.1	0	1	8.25525e-06
-0.65	-0.06	0	1	8.5064e-06
-0.65	-0.02	0	1	9.05889e-06
-0.65	0.02	0	1	9.11303e-06
-0.65	0.06	0	1	8.95222e-06
-0.65	0.1	0	1	8.48166e-06
-0.65	0.14	0	1	8.37148e-06
-0.65	0.18	0	1	8.16296e-06
-0.65	0.22	0	1	7.60751e-06
-0.65	0.26	0	1	7.20598e-06
-0.65	0.3	0	1	6.24076e-06
-0.65	0.34	0	1	5.61968e-06
-0.65	0.38	0	1	5.13356e-06
-0.65	0.42	0	1	4.50582e-06
-0.65	0.46	0	1	4.13239e-06
-0.65	0.5	0	1	3.61417e-06
-0.65	0.54	0	1	3.15576e-06
-0.65	0.58	0	1	2.82247e-06
-0.65	0.62	0	1	2.34338e-06
-0.65	0.66	0	1	1.78205e-06
-0.65	0.7	0	1	1.61975e-06
-0.65	0.74	0	1	1.39074e-06
-0.65	0.78	0	1	1.10725e-06
-0.65	0.82	0	1	9.15744e-07
-0.65	0.86	0	1	7.22157e-07
-0.65	0.9	0	1	6.16e-07
-0.65	0.94	0	1	4.67176e-07
-0.65	0.98	0	1	3.6077e-07
-0.616667	-0.98	0	1	2.15418e-07
-0.616667	-0.94	0	1	1.74019e-07
-0.616667	-0.9	0	1	1.30485e-07
-0.616667	-0.86	0	1	1.0556e-07
-0.616667	-0.82	0	1	8.1971e-08
-0.616667	-0.78	0	1	6.55168e-08
-0.616667	-0.74	0	1	4.90812e-08
-0.616667	-0.7	0	1	3.61287e-08
-0.616667	-0.66	0	1	2.74683e-08
-0.616667	-0.62	0	1	2.07944e-08
-0.616667	-0.58	0	1	1.56452e-08
-0.616667	-0.54	0	1	1.20647e-08
-0.616667	-0.5	0	1	9.11628e-09
-0.616667	-0.46	0	1	2.93923e-06
-0.616667	-0.42	0	1	3.20699e-06
-0.616667	-0.38	0	1	3.85534e-06
-0.616667	-0.34	0	1	4.13523e-06
-0.616667	-0.3	0	1	4.42202e-06
-0.616667	-0.26	0	1	5.05145e-06
-0.616667	-0.22	0	1	5.41978e-06
-0.616667	-0.18	0	1	5.55461e-06
-0.616667	-0.14	0	1	6.1416e-06
-0.616667	-0.1	0	1	6.4825e-06
-0.616667	-0.06	0	1	6.14821e-06
-0.616667	-0.02	0	1	6.32314e-06
-0.616667	0.02	0	1	6.02574e-06
-0.616667	0.06	0	1	6.62115e-06
-0.616667	0.1	0	1	6.2202e-06
-0.616667	0.14	0	1	5.97268e-06
-0.616667	0.18	0	1	6.00405e-06
-0.616667	0.22	0	1	5.31094e-06
-0.616667	0.26	0	1	4.87866e-06
-0.616667	0.3	0	1	4.54407e-06
-0.616667	0.34	0	1	4.25534e-06
-0.616667	0.38	0	1	3.87861e-06
-0.616667	0.42	0	1	3.43606e-06
-0.616667	0.46	0	1	3.00686e-06
-0.616667	0.5	0	1	2.68052e-06
-0.616667	0.54	0	1	2.30988e-06
-0.616667	0.58	0	1	1.95168e-06
-0.616667	0.62	0	1	1.75393e-06
-0.616667	0.66	0	1	1.50604e-06
-0.616667	0.7	0	1	1.18687e-06
-0.616667	0.74	0	1	1.00093e-06
-0.616667	0.78	0	1	8.25586e-07
-0.616667	0.82	0	1	6.83979e-07
-0.616667	0.86	0	1	5.21298e-07
-0.616667	0.9	0	1	4.42103e-07
-0.616667	0.94	0	1	3.50672e-07
-0.616667	0.98	0	1	2.90035e-07
-0.583333	-0.98	0	1	1.71457e-07
-0.583333	-0.94	0	1	1.36955e-07
-0.583333	-0.9	0	1	1.07678e-07
-0.583333	-0.86	0	1	8.97019e-08
-0.583333	-0.82	0	1	6.50847e-08
-0.583333	-0.78	0	1	5.34612e-08
-0.583333	-0.74	0	1	3.79256e-08
-0.583333	-0.7	0	1	2.82402e-08
-0.583333	-0.66	0	1	2.17692e-08
-0.583333	-0.62	0	1	1.75547e-08
-0.583333	-0.58	0	1	1.30215e-08
-0.583333	-0.54	0	1	9.57904e-09
-0.583333	-0.5	0	1	7.36285e-09
-0.583333	-0.46	0	1	2.23103e-06
-0.583333	-0.42	0	1	2.53222e-06
-0.583333	-0.38	0	1	2.68798e-06
-0.583333	-0.34	0	1	3.07794e-06
-0.583333	-0.3	0	1	3.17173e-06
-0.583333	-0.26	0	1	3.74973e-06
-0.583333	-0.22	0	1	3.7739e-06
-0.583333	-0.18	0	1	3.96607e-06
-0.583333	-0.14	0	1	4.45991e-06
-0.583333	-0.1	0	1	4.54138e-06
-0.583333	-0.06	0	1	4.50753e-06
-0.583333	-0.02	0	1	4.48457e-06
-0.583333	0.02	0	1	4.72548e-06
-0.583333	0.06	0	1	4.47088e-06
-0.583333	0.1	0	1	4.42493e-06
-0.583333	0.14	0	1	4.22609e-06
-0.583333	0.18	0	1	3.99919e-06
-0.583333	0.22	0	1	3.87569e-06
-0.583333	0.26	0	1	3.68382e-06
-0.583333	0.3	0	1	3.25983e-06
-0.583333	0.34	0	1	3.07794e-06
-0.583333	0.38	0	1	2.72734e-06
-0.583333	0.42	0	1	2.38594e-06
-0.583333	0.46	0	1	2.19071e-06
-0.583333	0.5	0	1	1.93865e-06
-0.583333	0.54	0	1	1.73712e-06
-0.583333	0.58	0	1	1.48181e-06
-0.583333	0.62	0	1	1.16637e-06
-0.583333	0.66	0	1	1.03875e-06
-0.583333	0.7	0	1	9.46014e-07
-0.583333	0.74	0	1	7.54507e-07
-0.583333	0.78	0	1	6.03285e-07
-0.583333	0.82	0	1	5.22249e-07
-0.583333	0.86	0	1	4.21691e-07
-0.583333	0.9	0	1	3.35359e-07
-0.583333	0.94	0	1	2.71892e-07
-0.583333	0.98	0	1	2.25081e-07
-0.55	-0.98	0	1	1.30943e-07
-0.55	-0.94	0	1	1.04341e-07
-0.55	-0.9	0	1	8.2001e-08
-0.55	-0.86	0	1	6.44715e-08
-0.55	-0.82	0	1	4.88138e-08
-0.55	-0.78	0	1	3.9457e-08
-0.55	-0.74	0	1	3.03646e-08
-0.55	-0.7	0	1	2.34865e-08
-0.55	-0.66	0	1	1.7205e-08
-0.55	-0.62	0	1	1.25521e-08
-0.55	-0.58	0	1	9.99278e-09
-0.55	-0.54	0	1	7.40104e-09
-0.55	-0.5	0	1	5.77958e-09
-0.55	-0.46	0	1	1.69279e-06
-0.55	-0.42	0	1	1.7877e-06
-0.55	-0.38	0	1	2.10649e-06
-0.55	-0.34	0	1	2.24782e-06
-0.55	-0.3	0	1	2.48439e-06
-0.55	-0.26	0	1	2.7276e-06
-0.55	-0.22	0	1	2.78779e-06
-0.55	-0.18	0	1	2.81947e-06
-0.55	-0.14	0	1	3.01427e-06
-0.55	-0.1	0	1	3.20529e-06
-0.55	-0.06	0	1	3.15194e-06
-0.55	-0.02	0	1	3.24664e-06
-0.55	0.02	0	1	3.41927e-06
-0.55	0.06	0	1	3.40803e-06
-0.55	0.1	0	1	3.23741e-06
-0.55	0.14	0	1	2.95212e-06
-0.55	0.18	0	1	2.8849e-06
-0.55	0.22	0	1	2.73147e-06
-0.55	0.26	0	1	2.61154e-06
-0.55	0.3	0	1	2.52841e-06
-0.55	0.34	0	1	2.2882e-06
-0.55	0.38	0	1	2.14723e-06
-0.55	0.42	0	1	1.85364e-06
-0.55	0.46	0	1	1.63408e-06
-0.55	0.5	0	1	1.41806e-06
-0.55	0.54	0	1	1.3043e-06
-0.55	0.58	0	1	1.10098e-06
-0.55	0.62	0	1	8.8323e-07
-0.55	0.66	0	1	7.84871e-07
-0.55	0.7	0	1	6.79711e-07
-0.55	0.74	0	1	5.24057e-07
-0.55	0.78	0	1	4.89305e-07
-0.55	0.82	0	1	3.44947e-07
-0.55	0.86	0	1	3.10569e-07
-0.55	0.9	0	1	2.50835e-07
-0.55	0.94	0	1	2.15235e-07
-0.55	0.98	0	1	1.55067e-07
-0.516667	-0.98	0	1	1.01999e-07
-0.516667	-0.94	0	1	7.77276e-08
-0.516667	-0.9	0	1	6.25554e-08
-0.516667	-0.86	0	1	4.83663e-08
-0.516667	-0.82	0	1	4.02774e-08
-0.516667	-0.78	0	1	3.02969e-08
-0.516667	-0.74	0	1	2.18601e-08
-0.516667	-0.7	0	1	1.80866e-08
-0.516667	-0.66	0	1	1.37812e-08
-0.516667	-0.62	0	1	1.05589e-08
-0.516667	-0.58	0	1	7.67366e-09
-0.516667	-0.54	0	1	5.92817e-09
-0.516667	-0.5	0	1	4.59632e-09
-0.516667	-0.46	0	1	1.15093e-06
-0.516667	-0.42	0	1	1.36669e-06
-0.516667	-0.38	0	1	1.41931e-06
-0.516667	-0.34	0	1	1.70887e-06
-0.516667	-0.3	0	1	1.74636e-06
-0.516667	-0.26	0	1	1.89605e-06
-0.516667	-0.22	0	1	1.98872e-06
-0.516667	-0.18	0	1	2.06799e-06
-0.516667	-0.14	0	1	2.18538e-06
-0.516667	-0.1	0	1	2.34914e-06
-0.516667	-0.06	0	1	2.27792e-06
-0.516667	-0.02	0	1	2.34067e-06
-0.516667	0.02	0	1	2.42155e-06
-0.516667	0.06	0	1	2.30145e-06
-0.516667	0.1	0	1	2.19253e-06
-0.516667	0.14	0	1	2.12741e-06
-0.516667	0.18	0	1	1.99108e-06
-0.516667	0.22	0	1	2.02518e-06
-0.516667	0.26	0	1	1.86945e-06
-0.516667	0.3	0	1	1.68286e-06
-0.516667	0.34	0	1	1.53377e-06
-0.516667	0.38	0	1	1.54324e-06
-0.516667	0.42	0	1	1.32148e-06
-0.516667	0.46	0	1	1.12483e-06
-0.516667	0.5	0	1	1.00499e-06
-0.516667	0.54	0	1	8.69407e-07
-0.516667	0.58	0	1	7.83594e-07
-0.516667	0.62	0	1	6.96437e-07
-0.516667	0.66	0	1	5.63902e-07
-0.516667	0.7	0	1	4.80303e-07
-0.516667	0.74	0	1	4.03332e-07
-0.516667	0.78	0	1	3.33311e-07
-0.516667	0.82	0	1	2.71077e-07
-0.516667	0.86	0	1	2.28243e-07
-0.516667	0.9	0	1	1.78034e-07
-0.516667	0.94	0	1	1.55093e-07
-0.516667	0.98	0	1	1.26553e-07
-0.483333	-0.98	0	1	8.20946e-05
-0.483333	-0.94	0	1	5.62025e-05
-0.483333	-0.9	0	1	3.95715e-05
-0.483333	-0.86	0	1	2.72987e-05
-0.483333	-0.82	0	1	2.01699e-05
-0.483333	-0.78	0	1	1.29426e-05
-0.483333	-0.74	0	1	9.51524e-06
-0.483333	-0.7	0	1	6.27017e-06
-0.483333	-0.66	0	1	4.03228e-06
-0.483333	-0.62	0	1	2.90145e-06
-0.483333	-0.58	0	1	2.12507e-06
-0.483333	-0.54	0	1	1.37714e-06
-0.483333	-0.5	0	1	9.24568e-07
-0.483333	-0.46	0	1	0.00795072
-0.483333	-0.42	0	1	0.0106365
-0.483333	-0.38	0	1	0.0131801
-0.483333	-0.34	0	1	0.0162759
-0.483333	-0.3	0	1	0.0216362
-0.483333	-0.26	0	1	0.0255325
-0.483333	-0.22	0	1	0.0291131
-0.483333	-0.18	0	1	0.0343859
-0.483333	-0.14	0	1	0.0403229
-0.483333	-0.1	0	1	0.0432005
-0.483333	-0.06	0	1	0.0487317
-0.483333	-0.02	0	1	0.0469809
-0.483333	0.02	0	1	0.0463138
-0.483333	0.06	0	1	0.044663
-0.483333	0.1	0	1	0.0432876
-0.483333	0.14	0	1	0.0388885
-0.483333	0.18	0	1	0.0347404
-0.483333	0.22	0	1	0.0275776
-0.483333	0.26	0	1	0.0259995
-0.483333	0.3	0	1	0.0217219
-0.483333	0.34	0	1	0.0177304
-0.483333	0.38	0	1	0.0125761
-0.483333	0.42	0	1	0.0101657
-0.483333	0.46	0	1	0.00809857
-0.483333	0.5	0	1	0.00607042
-0.483333	0.54	0	1	0.00475632
-0.483333	0.58	0	1	0.00357001
-0.483333	0.62	0	1	0.00245726
-0.483333	0.66	0	1	0.00181387
-0.483333	0.7	0	1	0.00128126
-0.483333	0.74	0	1	0.000992368
-0.483333	0.78	0	1	0.00066214
-0.483333	0.82	0	1	0.000466488
-0.483333	0.86	0	1	0.000323747
-0.483333	0.9	0	1	0.000228532
-0.483333	0.94	0	1	0.000162777
-0.483333	0.98	0	1	0.000116729
-0.45	-0.98	0	1	9.77188e-05
-0.45	-0.94	0	1	6.70402e-05
-0.45	-0.9	0	1	4.34368e-05
-0.45	-0.86	0	1	3.12861e-05
-0.45	-0.82	0	1	2.0641e-05
-0.45	-0.78	0	1	1.45496e-05
-0.45	-0.74	0	1	9.52094e-06
-0.45	-0.7	0	1	7.11542e-06
-0.45	-0.66	0	1	4.82493e-06
-0.45	-0.62	0	1	3.23494e-06
-0.45	-0.58	0	1	2.30891e-06
-0.45	-0.54	0	1	1.54561e-06
-0.45	-0.5	0	1	1.00622e-06
-0.45	-0.46	0	1	0.0100813
-0.45	-0.42	0	1	0.0136602
-0.45	-0.38	0	1	0.0167285
-0.45	-0.34	0	1	0.0212335
-0.45	-0.3	0	1	0.0273235
-0.45	-0.26	0	1	0.0333436
-0.45	-0.22	0	1	0.042168
-0.45	-0.18	0	1	0.0473451
-0.45	-0.14	0	1	0.0519658
-0.45	-0.1	0	1	0.0525457
-0.45	-0.06	0	1	0.0617676
-0.45	-0.02	0	1	0.0647559
-0.45	0.02	0	1	0.0656552
-0.45	0.06	0	1	0.0608959
-0.45	0.1	0	1	0.0558224
-0.45	0.14	0	1	0.053353
-0.45	0.18	0	1	0.0457386
-0.45	0.22	0	1	0.0389118
-0.45	0.26	0	1	0.0337535
-0.45	0.3	0	1	0.0275475
-0.45	0.34	0	1	0.0231638
-0.45	0.38	0	1	0.0182814
-0.45	0.42	0	1	0.0132785
-0.45	0.46	0	1	0.0099361
-0.45	0.5	0	1	0.00764482
-0.45	0.54	0	1	0.00577502
-0.45	0.58	0	1	0.00427429
-0.45	0.62	0	1	0.00296245
-0.45	0.66	0	1	0.00209463
-0.45	0.7	0	1	0.00157583
-0.45	0.74	0	1	0.00110072
-0.45	0.78	0	1	0.000822707
-0.45	0.82	0	1	0.000557991
-0.45	0.86	0	1	0.00040917
-0.45	0.9	0	1	0.000275962
-0.45	0.94	0	1	0.000187594
-0.45	0.98	0	1	0.00013225
-0.416667	-0.98	0	1	0.000103969
-0.416667	-0.94	0	1	7.69454e-05
-0.416667	-0.9	0	1	5.16474e-05
-0.416667	-0.86	0	1	3.26079e-05
-0.416667	-0.82	0	1	2.43167e-05
-0.416667	-0.78	0	1	1.67314e-05
-0.416667	-0.74	0	1	1.08382e-05
-0.416667	-0.7	0	1	7.8442e-06
-0.416667	-0.66	0	1	5.18692e-06
-0.416667	-0.62	0	1	3.60359e-06
-0.416667	-0.58	0	1	2.44619e-06
-0.416667	-0.54	0	1	1.60869e-06
-0.416667	-0.5	0	1	1.14945e-06
-0.416667	-0.46	0	1	0.0126075
-0.416667	-0.42	0	1	0.0168922
-0.416667	-0.38	0	1	0.0225523
-0.416667	-0.34	0	1	0.0284702
-0.416667	-0.3	0	1	0.0376065
-0.416667	-0.26	0	1	0.0464054
-0.416667	-0.22	0	1	0.0537188
-0.416667	-0.18	0	1	0.0606994
-0.416667	-0.14	0	1	0.075612
-0.416667	-0.1	0	1	0.0772751
-0.416667	-0.06	0	1	0.0815667
-0.416667	-0.02	0	1	0.0758493
-0.416667	0.02	0	1	0.0813282
-0.416667	0.06	0	1	0.0800746
-0.416667	0.1	0	1	0.0758758
-0.416667	0.14	0	1	0.0719374
-0.416667	0.18	0	1	0.0587051
-0.416667	0.22	0	1	0.0527576
-0.416667	0.26	0	1	0.0448912
-0.416667	0.3	0	1	0.035795
-0.416667	0.34	0	1	0.0282973
-0.416667	0.38	0	1	0.0212046
-0.416667	0.42	0	1	0.0166513
-0.416667	0.46	0	1	0.0128151
-0.416667	0.5	0	1	0.00918681
-0.416667	0.54	0	1	0.00671365
-0.416667	0.58	0	1	0.0049815
-0.416667	0.62	0	1	0.00344706
-0.416667	0.66	0	1	0.00264131
-0.416667	0.7	0	1	0.00191882
-0.416667	0.74	0	1	0.00129943
-0.416667	0.78	0	1	0.000963199
-0.416667	0.82	0	1	0.000650565
-0.416667	0.86	0	1	0.000444563
-0.416667	0.9	0	1	0.000318217
-0.416667	0.94	0	1	0.000231916
-0.416667	0.98	0	1	0.000152265
-0.383333	-0.98	0	1	0.000118152
-0.383333	-0.94	0	1	8.45399e-05
-0.383333	-0.9	0	1	5.6497e-05
-0.383333	-0.86	0	1	3.75942e-05
-0.383333	-0.82	0	1	2.58769e-05
-0.383333	-0.78	0	1	1.82308e-05
-0.383333	-0.74	0	1	1.31444e-05
-0.383333	-0.7	0	1	8.75484e-06
-0.383333	-0.66	0	1	5.74077e-06
-0.383333	-0.62	0	1	3.82694e-06
-0.383333	-0.58	0	1	2.64516e-06
-0.383333	-0.54	0	1	1.72746e-06
-0.383333	-0.5	0	1	1.15541e-06
-0.383333	-0.46	0	1	0.0165928
-0.383333	-0.42	0	1	0.0206973
-0.383333	-0.38	0	1	0.0279413
-0.383333	-0.34	0	1	0.0368023
-0.383333	-0.3	0	1	0.0472779
-0.383333	-0.26	0	1	0.0578286
-0.383333	-0.22	0	1	0.066701
-0.383333	-0.18	0	1	0.0795125
-0.383333	-0.14	0	1	0.0923321
-0.383333	-0.1	0	1	0.0981687
-0.383333	-0.06	0	1	0.105926
-0.383333	-0.02	0	1	0.115998
-0.383333	0.02	0	1	0.105432
-0.383333	0.06	0	1	0.105709
-0.383333	0.1	0	1	0.0977613
-0.383333	0.14	0	1	0.0901161
-0.383333	0.18	0	1	0.0814598
-0.383333	0.22	0	1	0.0672545
-0.383333	0.26	0	1	0.0593202
-0.383333	0.3	0	1	0.0478341
-0.383333	0.34	0	1	0.0383388
-0.383333	0.38	0	1	0.0279413
-0.383333	0.42	0	1	0.0214273
-0.383333	0.46	0	1	0.015309
-0.383333	0.5	0	1	0.0115506
-0.383333	0.54	0	1	0.00849113
-0.383333	0.58	0	1	0.00605701
-0.383333	0.62	0	1	0.00427579
-0.383333	0.66	0	1	0.00296499
-0.383333	0.7	0	1	0.00219507
-0.383333	0.74	0	1	0.00154719
-0.383333	0.78	0	1	0.00111003
-0.383333	0.82	0	1	0.000780543
-0.383333	0.86	0	1	0.000544837
-0.383333	0.9	0	1	0.000361338
-0.383333	0.94	0	1	0.000240583
-0.383333	0.98	0	1	0.000182626
-0.35	-0.98	0	1	0.000125419
-0.35	-0.94	0	1	9.22126e-05
-0.35	-0.9	0	1	6.59725e-05
-0.35	-0.86	0	1	4.15459e-05
-0.35	-0.82	0	1	2.76742e-05
-0.35	-0.78	0	1	2.03906e-05
-0.35	-0.74	0	1	1.38204e-05
-0.35	-0.7	0	1	9.2088e-06
-0.35	-0.66	0	1	6.19222e-06
-0.35	-0.62	0	1	3.95269e-06
-0.35	-0.58	0	1	2.79876e-06
-0.35	-0.54	0	1	1.973e-06
-0.35	-0.5	0	1	1.35569e-06
-0.35	-0.46	0	1	0.0193429
-0.35	-0.42	0	1	0.0259443
-0.35	-0.38	0	1	0.0336883
-0.35	-0.34	0	1	0.0448422
-0.35	-0.3	0	1	0.0589822
-0.35	-0.26	0	1	0.0752093
-0.35	-0.22	0	1	0.0911697
-0.35	-0.18	0	1	0.100456
-0.35	-0.14	0	1	0.11629
-0.35	-0.1	0	1	0.130838
-0.35	-0.06	0	1	0.136498
-0.35	-0.02	0	1	0.127514
-0.35	0.02	0	1	0.134759
-0.35	0.06	0	1	0.144066
-0.35	0.1	0	1	0.129265
-0.35	0.14	0	1	0.118663
-0.35	0.18	0	1	0.0987925
-0.35	0.22	0	1	0.084279
-0.35	0.26	0	1	0.0692333
-0.35	0.3	0	1	0.0562906
-0.35	0.34	0	1	0.0468597
-0.35	0.38	0	1	0.0339696
-0.35	0.42	0	1	0.0264738
-0.35	0.46	0	1	0.0207162
-0.35	0.5	0	1	0.0135984
-0.35	0.54	0	1	0.0100398
-0.35	0.58	0	1	0.0075632
-0.35	0.62	0	1	0.00528039
-0.35	0.66	0	1	0.00372838
-0.35	0.7	0	1	0.00252375
-0.35	0.74	0	1	0.00184433
-0.35	0.78	0	1	0.00122523
-0.35	0.82	0	1	0.000851703
-0.35	0.86	0	1	0.000597613
-0.35	0.9	0	1	0.000422364
-0.35	0.94	0	1	0.00028779
-0.35	0.98	0	1	0.000196874
-0.316667	-0.98	0	1	0.00014849
-0.316667	-0.94	0	1	0.000106455
-0.316667	-0.9	0	1	7.21035e-05
-0.316667	-0.86	0	1	4.78236e-05
-0.316667	-0.82	0	1	3.42733e-05
-0.316667	-0.78	0	1	2.15104e-05
-0.316667	-0.74	0	1	1.48399e-05
-0.316667	-0.7	0	1	1.02481e-05
-0.316667	-0.66	0	1	7.1253e-06
-0.316667	-0.62	0	1	4.67664e-06
-0.316667	-0.58	0	1	3.09626e-06
-0.316667	-0.54	0	1	2.0821e-06
-0.316667	-0.5	0	1	1.54426e-06
-0.316667	-0.46	0	1	0.0221541
-0.316667	-0.42	0	1	0.0323979
-0.316667	-0.38	0	1	0.0465681
-0.316667	-0.34	0	1	0.0539182
-0.316667	-0.3	0	1	0.0695478
-0.316667	-0.26	0	1	0.0912726
-0.316667	-0.22	0	1	0.110644
-0.316667	-0.18	0	1	0.128502
-0.316667	-0.14	0	1	0.145362
-0.316667	-0.1	0	1	0.167322
-0.316667	-0.06	0	1	0.172886
-0.316667	-0.02	0	1	0.178028
-0.316667	0.02	0	1	0.183877
-0.316667	0.06	0	1	0.179604
-0.316667	0.1	0	1	0.165669
-0.316667	0.14	0	1	0.152242
-0.316667	0.18	0	1	0.126147
-0.316667	0.22	0	1	0.116187
-0.316667	0.26	0	1	0.0881755
-0.316667	0.3	0	1	0.0702753
-0.316667	0.34	0	1	0.0541447
-0.316667	0.38	0	1	0.043981
-0.316667	0.42	0	1	0.0322047
-0.316667	0.46	0	1	0.0236689
-0.316667	0.5	0	1	0.0167524
-0.316667	0.54	0	1	0.0120645
-0.316667	0.58	0	1	0.00890732
-0.316667	0.62	0	1	0.00620978
-0.316667	0.66	0	1	0.00398173
-0.316667	0.7	0	1	0.00288623
-0.316667	0.74	0	1	0.00205091
-0.316667	0.78	0	1	0.00144847
-0.316667	0.82	0	1	0.00103749
-0.316667	0.86	0	1	0.000680904
-0.316667	0.9	0	1	0.000449545
-0.316667	0.94	0	1	0.000319735
-0.316667	0.98	0	1	0.000210741
-0.283333	-0.98	0	1	0.000165458
-0.283333	-0.94	0	1	0.000107966
-0.283333	-0.9	0	1	7.28695e-05
-0.283333	-0.86	0	1	5.24741e-05
-0.283333	-0.82	0	1	3.74896e-05
-0.283333	-0.78	0	1	2.31485e-05
-0.283333	-0.74	0	1	1.67772e-05
-0.283333	-0.7	0	1	1.08919e-05
-0.283333	-0.66	0	1	7.27736e-06
-0.283333	-0.62	0	1	4.91938e-06
-0.283333	-0.58	0	1	3.28319e-06
-0.283333	-0.54	0	1	2.2953e-06
-0.283333	-0.5	0	1	1.50012e-06
-0.283333	-0.46	0	1	0.027473
-0.283333	-0.42	0	1	0.0401399
-0.283333	-0.38	0	1	0.0491407
-0.283333	-0.34	0	1	0.0678653
-0.283333	-0.3	0	1	0.0848115
-0.283333	-0.26	0	1	0.111114
-0.283333	-0.22	0	1	0.133424
-0.283333	-0.18	0	1	0.162208
-0.283333	-0.14	0	1	0.18763
-0.283333	-0.1	0	1	0.202456
-0.283333	-0.06	0	1	0.214144
-0.283333	-0.02	0	1	0.218622
-0.283333	0.02	0	1	0.227169
-0.283333	0.06	0	1	0.225025
-0.283333	0.1	0	1	0.2049
-0.283333	0.14	0	1	0.182838
-0.283333	0.18	0	1	0.156726
-0.283333	0.22	0	1	0.139699
-0.283333	0.26	0	1	0.112902
-0.283333	0.3	0	1	0.0871229
-0.283333	0.34	0	1	0.0707561
-0.283333	0.38	0	1	0.0525764
-0.283333	0.42	0	1	0.0375154
-0.283333	0.46	0	1	0.028036
-0.283333	0.5	0	1	0.0202137
-0.283333	0.54	0	1	0.0138967
-0.283333	0.58	0	1	0.00982443
-0.283333	0.62	0	1	0.00701033
-0.283333	0.66	0	1	0.00471396
-0.283333	0.7	0	1	0.00319224
-0.283333	0.74	0	1	0.00238504
-0.283333	0.78	0	1	0.0015437
-0.283333	0.82	0	1	0.00104634
-0.283333	0.86	0	1	0.00074749
-0.283333	0.9	0	1	0.000515236
-0.283333	0.94	0	1	0.000354529
-0.283333	0.98	0	1	0.000244555
-0.25	-0.98	0	1	0.000177109
-0.25	-0.94	0	1	0.000123002
-0.25	-0.9	0	1	8.28124e-05
-0.25	-0.86	0	1	5.68374e-05
-0.25	-0.82	0	1	3.60843e-05
-0.25	-0.78	0	1	2.56794e-05
-0.25	-0.74	0	1	1.69676e-05
-0.25	-0.7	0	1	1.12707e-05
-0.25	-0.66	0	1	7.56046e-06
-0.25	-0.62	0	1	5.16565e-06
-0.25	-0.58	0	1	3.62857e-06
-0.25	-0.54	0	1	2.34454e-06
-0.25	-0.5	0	1	1.64598e-06
-0.25	-0.46	0	1	0.0329567
-0.25	-0.42	0	1	0.0450533
-0.25	-0.38	0	1	0.0625237
-0.25	-0.34	0	1	0.0836343
-0.25	-0.3	0	1	0.10403
-0.25	-0.26	0	1	0.129848
-0.25	-0.22	0	1	0.17018
-0.25	-0.18	0	1	0.196843
-0.25	-0.14	0	1	0.214115
-0.25	-0.1	0	1	0.234281
-0.25	-0.06	0	1	0.263532
-0.25	-0.02	0	1	0.264591
-0.25	0.02	0	1	0.264052
-0.25	0.06	0	1	0.258835
-0.25	0.1	0	1	0.238194
-0.25	0.14	0	1	0.217218
-0.25	0.18	0	1	0.185584
-0.25	0.22	0	1	0.155067
-0.25	0.26	0	1	0.134149
-0.25	0.3	0	1	0.103603
-0.25	0.34	0	1	0.0773905
-0.25	0.38	0	1	0.055357
-0.25	0.42	0	1	0.043324
-0.25	0.46	0	1	0.0333522
-0.25	0.5	0	1	0.0237316
-0.25	0.54	0	1	0.0163709
-0.25	0.58	0	1	0.0117264
-0.25	0.62	0	1	0.00770631
-0.25	0.66	0	1	0.00585085
-0.25	0.7	0	1	0.00378497
-0.25	0.74	0	1	0.00257854
-0.25	0.78	0	1	0.00175526
-0.25	0.82	0	1	0.00127913
-0.25	0.86	0	1	0.000840191
-0.25	0.9	0	1	0.000583686
-0.25	0.94	0	1	0.0003639
-0.25	0.98	0	1	0.000262105
-0.216667	-0.98	0	1	0.000207155
-0.216667	-0.94	0	1	0.000130027
-0.216667	-0.9	0	1	8.60685e-05
-0.216667	-0.86	0	1	6.25704e-05
-0.216667	-0.82	0	1	4.14179e-05
-0.216667	-0.78	0	1	2.69551e-05
-0.216667	-0.74	0	1	1.80293e-05
-0.216667	-0.7	0	1	1.21037e-05
-0.216667	-0.66	0	1	8.27388e-06
-0.216667	-0.62	0	1	5.59649e-06
-0.216667	-0.58	0	1	3.92144e-06
-0.216667	-0.54	0	1	2.47117e-06
-0.216667	-0.5	0	1	1.69109e-06
-0.216667	-0.46	0	1	0.0377145
-0.216667	-0.42	0	1	0.0525114
-0.216667	-0.38	0	1	0.0715515
-0.216667	-0.34	0	1	0.0936688
-0.216667	-0.3	0	1	0.123177
-0.216667	-0.26	0	1	0.155594
-0.216667	-0.22	0	1	0.195934
-0.216667	-0.18	0	1	0.226655
-0.216667	-0.14	0	1	0.273265
-0.216667	-0.1	0	1	0.296175
-0.216667	-0.06	0	1	0.295877
-0.216667	-0.02	0	1	0.302679
-0.216667	0.02	0	1	0.303307
-0.216667	0.06	0	1	0.297094
-0.216667	0.1	0	1	0.293888
-0.216667	0.14	0	1	0.253004
-0.216667	0.18	0	1	0.218903
-0.216667	0.22	0	1	0.203663
-0.216667	0.26	0	1	0.151799
-0.216667	0.3	0	1	0.126432
-0.216667	0.34	0	1	0.0961692
-0.216667	0.38	0	1	0.0727032
-0.216667	0.42	0	1	0.0517733
-0.216667	0.46	0	1	0.038018
-0.216667	0.5	0	1	0.0246126
-0.216667	0.54	0	1	0.0192084
-0.216667	0.58	0	1	0.0127152
-0.216667	0.62	0	1	0.00870456
-0.216667	0.66	0	1	0.00600383
-0.216667	0.7	0	1	0.00408198
-0.216667	0.74	0	1	0.00293699
-0.216667	0.78	0	1	0.0019866
-0.216667	0.82	0	1	0.00131104
-0.216667	0.86	0	1	0.000924085
-0.216667	0.9	0	1	0.000595595
-0.216667	0.94	0	1	0.000424958
-0.216667	0.98	0	1	0.000276786
-0.183333	-0.98	0	1	0.000207559
-0.183333	-0.94	0	1	0.000135788
-0.183333	-0.9	0	1	9.23009e-05
-0.183333	-0.86	0	1	6.16909e-05
-0.183333	-0.82	0	1	4.14717e-05
-0.183333	-0.78	0	1	2.7581e-05
-0.183333	-0.74	0	1	1.95802e-05
-0.183333	-0.7	0	1	1.33879e-05
-0.183333	-0.66	0	1	9.06136e-06
-0.183333	-0.62	0	1	5.6452e-06
-0.183333	-0.58	0	1	4.19578e-06
-0.183333	-0.54	0	1	2.75181e-06
-0.183333	-0.5	0	1	1.71676e-06
-0.183333	-0.46	0	1	0.0406742
-0.183333	-0.42	0	1	0.0552666
-0.183333	-0.38	0	1	0.0815711
-0.183333	-0.34	0	1	0.106509
-0.183333	-0.3	0	1	0.145269
-0.183333	-0.26	0	1	0.179949
-0.183333	-0.22	0	1	0.224073
-0.183333	-0.18	0	1	0.270558
-0.183333	-0.14	0	1	0.286495
-0.183333	-0.1	0	1	0.336496
-0.183333	-0.06	0	1	0.323594
-0.183333	-0.02	0	1	0.368286
-0.183333	0.02	0	1	0.338367
-0.183333	0.06	0	1	0.334658
-0.183333	0.1	0	1	0.325431
-0.183333	0.14	0	1	0.301917
-0.183333	0.18	0	1	0.260112
-0.183333	0.22	0	1	0.220523
-0.183333	0.26	0	1	0.178495
-0.183333	0.3	0	1	0.13894
-0.183333	0.34	0	1	0.103863
-0.183333	0.38	0	1	0.0812422
-0.183333	0.42	0	1	0.058024
-0.183333	0.46	0	1	0.0425621
-0.183333	0.5	0	1	0.0313066
-0.183333	0.54	0	1	0.0210503
-0.183333	0.58	0	1	0.0136665
-0.183333	0.62	0	1	0.00996707
-0.183333	0.66	0	1	0.0068121
-0.183333	0.7	0	1	0.00443229
-0.183333	0.74	0	1	0.0030421
-0.183333	0.78	0	1	0.00216604
-0.183333	0.82	0	1	0.00148925
-0.183333	0.86	0	1	0.000958473
-0.183333	0.9	0	1	0.000651
-0.183333	0.94	0	1	0.000427159
-0.183333	0.98	0	1	0.000298315
-0.15	-0.98	0	1	0.00020497
-0.15	-0.94	0	1	0.000144478
-0.15	-0.9	0	1	9.72244e-05
-0.15	-0.86	0	1	6.50053e-05
-0.15	-0.82	0	1	4.50697e-05
-0.15	-0.78	0	1	3.00635e-05
-0.15	-0.74	0	1	2.03736e-05
-0.15	-0.7	0	1	1.32295e-05
-0.15	-0.66	0	1	9.12962e-06
-0.15	-0.62	0	1	6.06052e-06
-0.15	-0.58	0	1	4.1464e-06
-0.15	-0.54	0	1	2.67399e-06
-0.15	-0.5	0	1	1.81106e-06
-0.15	-0.46	0	1	0.0457037
-0.15	-0.42	0	1	0.0708201
-0.15	-0.38	0	1	0.0872152
-0.15	-0.34	0	1	0.11874
-0.15	-0.3	0	1	0.165741
-0.15	-0.26	0	1	0.2114
-0.15	-0.22	0	1	0.240111
-0.15	-0.18	0	1	0.278869
-0.15	-0.14	0	1	0.310338
-0.15	-0.1	0	1	0.35974
-0.15	-0.06	0	1	0.400534
-0.15	-0.02	0	1	0.3618
-0.15	0.02	0	1	0.394906
-0.15	0.06	0	1	0.375261
-0.15	0.1	0	1	0.37491
-0.15	0.14	0	1	0.31496
-0.15	0.18	0	1	0.279452
-0.15	0.22	0	1	0.248562
-0.15	0.26	0	1	0.200789
-0.15	0.3	0	1	0.16251
-0.15	0.34	0	1	0.123687
-0.15	0.38	0	1	0.0936552
-0.15	0.42	0	1	0.0677468
-0.15	0.46	0	1	0.0467511
-0.15	0.5	0	1	0.03116
-0.15	0.54	0	1	0.0229912
-0.15	0.58	0	1	0.015489
-0.15	0.62	0	1	0.0113316
-0.15	0.66	0	1	0.00729354
-0.15	0.7	0	1	0.00478461
-0.15	0.74	0	1	0.0034095
-0.15	0.78	0	1	0.00237287
-0.15	0.82	0	1	0.00149979
-0.15	0.86	0	1	0.00104662
-0.15	0.9	0	1	0.000718942
-0.15	0.94	0	1	0.00049239
-0.15	0.98	0	1	0.000320011
-0.116667	-0.98	0	1	0.000215848
-0.116667	-0.94	0	1	0.000154617
-0.116667	-0.9	0	1	0.000101616
-0.116667	-0.86	0	1	6.85445e-05
-0.116667	-0.82	0	1	4.56675e-05
-0.116667	-0.78	0	1	3.16738e-05
-0.116667	-0.74	0	1	1.88265e-05
-0.116667	-0.7	0	1	1.49032e-05
-0.116667	-0.66	0	1	9.81565e-06
-0.116667	-0.62	0	1	5.81185e-06
-0.116667	-0.58	0	1	4.34607e-06
-0.116667	-0.54	0	1	2.8252e-06
-0.116667	-0.5	0	1	1.85374e-06
-0.116667	-0.46	0	1	0.0530349
-0.116667	-0.42	0	1	0.0745462
-0.116667	-0.38	0	1	0.0922672
-0.116667	-0.34	0	1	0.13187
-0.116667	-0.3	0	1	0.181168
-0.116667	-0.26	0	1	0.230847
-0.116667	-0.22	0	1	0.283264
-0.116667	-0.18	0	1	0.304044
-0.116667	-0.14	0	1	0.371022
-0.116667	-0.1	0	1	0.392392
-0.116667	-0.06	0	1	0.410508
-0.116667	-0.02	0	1	0.414703
-0.116667	0.02	0	1	0.424942
-0.116667	0.06	0	1	0.392263
-0.116667	0.1	0	1	0.382993
-0.116667	0.14	0	1	0.369587
-0.116667	0.18	0	1	0.310405
-0.116667	0.22	0	1	0.260429
-0.116667	0.26	0	1	0.22011
-0.116667	0.3	0	1	0.177268
-0.116667	0.34	0	1	0.133498
-0.116667	0.38	0	1	0.10375
-0.116667	0.42	0	1	0.0711909
-0.116667	0.46	0	1	0.051274
-0.116667	0.5	0	1	0.0342733
-0.116667	0.54	0	1	0.023912
-0.116667	0.58	0	1	0.0163761
-0.116667	0.62	0	1	0.0113615
-0.116667	0.66	0	1	0.00778372
-0.116667	0.7	0	1	0.00546757
-0.116667	0.74	0	1	0.00367409
-0.116667	0.78	0	1	0.00232689
-0.116667	0.82	0	1	0.00160853
-0.116667	0.86	0	1	0.00114163
-0.116667	0.9	0	1	0.000768438
-0.116667	0.94	0	1	0.000487579
-0.116667	0.98	0	1	0.000352432
-0.0833333	-0.98	0	1	0.000237656
-0.0833333	-0.94	0	1	0.00015699
-0.0833333	-0.9	0	1	0.000102809
-0.0833333	-0.86	0	1	7.09994e-05
-0.0833333	-0.82	0	1	4.62986e-05
-0.0833333	-0.78	0	1	3.23547e-05
-0.0833333	-0.74	0	1	2.07566e-05
-0.0833333	-0.7	0	1	1.5115e-05
-0.0833333	-0.66	0	1	9.98432e-06
-0.0833333	-0.62	0	1	6.058e-06
-0.0833333	-0.58	0	1	4.17754e-06
-0.0833333	-0.54	0	1	2.83741e-06
-0.0833333	-0.5	0	1	1.89924e-06
-0.0833333	-0.46	0	1	0.0525527
-0.0833333	-0.42	0	1	0.0754546
-0.0833333	-0.38	0	1	0.108293
-0.0833333	-0.34	0	1	0.142823
-0.0833333	-0.3	0	1	0.184335
-0.0833333	-0.26	0	1	0.244779
-0.0833333	-0.22	0	1	0.281137
-0.0833333	-0.18	0	1	0.32531
-0.0833333	-0.14	0	1	0.367652
-0.0833333	-0.1	0	1	0.407327
-0.0833333	-0.06	0	1	0.426071
-0.0833333	-0.02	0	1	0.443389
-0.0833333	0.02	0	1	0.430695
-0.0833333	0.06	0	1	0.412867
-0.0833333	0.1	0	1	0.42229
-0.0833333	0.14	0	1	0.373755
-0.0833333	0.18	0	1	0.35242
-0.0833333	0.22	0	1	0.289269
-0.0833333	0.26	0	1	0.233283
-0.0833333	0.3	0	1	0.175213
-0.0833333	0.34	0	1	0.139333
-0.0833333	0.38	0	1	0.105273
-0.0833333	0.42	0	1	0.0731162
-0.0833333	0.46	0	1	0.0568584
-0.0833333	0.5	0	1	0.039503
-0.0833333	0.54	0	1	0.0265027
-0.0833333	0.58	0	1	0.0172979
-0.0833333	0.62	0	1	0.0124362
-0.0833333	0.66	0	1	0.00814246
-0.0833333	0.7	0	1	0.00567204
-0.0833333	0.74	0	1	0.0036497
-0.0833333	0.78	0	1	0.00241686
-0.0833333	0.82	0	1	0.00167108
-0.0833333	0.86	0	1	0.00116307
-0.0833333	0.9	0	1	0.000775321
-0.0833333	0.94	0	1	0.00054916
-0.0833333	0.98	0	1	0.00035327
-0.05	-0.98	0	1	0.000240941
-0.05	-0.94	0	1	0.000157387
-0.05	-0.9	0	1	0.00010142
-0.05	-0.86	0	1	7.19563e-05
-0.05	-0.82	0	1	4.90369e-05
-0.05	-0.78	0	1	3.32109e-05
-0.05	-0.74	0	1	2.05532e-05
-0.05	-0.7	0	1	1.53457e-05
-0.05	-0.66	0	1	9.47827e-06
-0.05	-0.62	0	1	6.83287e-06
-0.05	-0.58	0	1	4.29673e-06
-0.05	-0.54	0	1	2.86299e-06
-0.05	-0.5	0	1	1.98755e-06
-0.05	-0.46	0	1	0.0579619
-0.05	-0.42	0	1	0.080031
-0.05	-0.38	0	1	0.111789
-0.05	-0.34	0	1	0.154487
-0.05	-0.3	0	1	0.204604
-0.05	-0.26	0	1	0.233548
-0.05	-0.22	0	1	0.302742
-0.05	-0.18	0	1	0.337708
-0.05	-0.14	0	1	0.383458
-0.05	-0.1	0	1	0.435918
-0.05	-0.06	0	1	0.458802
-0.05	-0.02	0	1	0.46579
-0.05	0.02	0	1	0.45915
-0.05	0.06	0	1	0.465226
-0.05	0.1	0	1	0.439378
-0.05	0.14	0	1	0.376312
-0.05	0.18	0	1	0.340534
-0.05	0.22	0	1	0.291821
-0.05	0.26	0	1	0.24758
-0.05	0.3	0	1	0.200624
-0.05	0.34	0	1	0.15144
-0.05	0.38	0	1	0.11337
-0.05	0.42	0	1	0.083291
-0.05	0.46	0	1	0.0542745
-0.05	0.5	0	1	0.0409889
-0.05	0.54	0	1	0.0279371
-0.05	0.58	0	1	0.0186617
-0.05	0.62	0	1	0.0131326
-0.05	0.66	0	1	0.00787855
-0.05	0.7	0	1	0.0055134
-0.05	0.74	0	1	0.00394845
-0.05	0.78	0	1	0.00262362
-0.05	0.82	0	1	0.00167402
-0.05	0.86	0	1	0.00116233
-0.05	0.9	0	1	0.000820251
-0.05	0.94	0	1	0.000518172
-0.05	0.98	0	1	0.000360625
-0.0166667	-0.98	0	1	0.000245533
-0.0166667	-0.94	0	1	0.000164291
-0.0166667	-0.9	0	1	0.000105527
-0.0166667	-0.86	0	1	7.25132e-05
-0.0166667	-0.82	0	1	4.7722e-05
-0.0166667	-0.78	0	1	3.19912e-05
-0.0166667	-0.74	0	1	2.15788e-05
-0.0166667	-0.7	0	1	1.44951e-05
-0.0166667	-0.66	0	1	9.61702e-06
-0.0166667	-0.62	0	1	6.74096e-06
-0.0166667	-0.58	0	1	4.31254e-06
-0.0166667	-0.54	0	1	2.92692e-06
-0.0166667	-0.5	0	1	1.91368e-06
-0.0166667	-0.46	0	1	0.0594562
-0.0166667	-0.42	0	1	0.0803388
-0.0166667	-0.38	0	1	0.113691
-0.0166667	-0.34	0	1	0.145643
-0.0166667	-0.3	0	1	0.197567
-0.0166667	-0.26	0	1	0.256799
-0.0166667	-0.22	0	1	0.295085
-0.0166667	-0.18	0	1	0.336794
-0.0166667	-0.14	0	1	0.377384
-0.0166667	-0.1	0	1	0.446519
-0.0166667	-0.06	0	1	0.446722
-0.0166667	-0.02	0	1	0.489948
-0.0166667	0.02	0	1	0.492881
-0.0166667	0.06	0	1	0.458922
-0.0166667	0.1	0	1	0.418281
-0.0166667	0.14	0	1	0.373334
-0.0166667	0.18	0	1	0.362757
-0.0166667	0.22	0	1	0.306244
-0.0166667	0.26	0	1	0.250648
-0.0166667	0.3	0	1	0.196753
-0.0166667	0.34	0	1	0.151569
-0.0166667	0.38	0	1	0.115771
-0.0166667	0.42	0	1	0.0826722
-0.0166667	0.46	0	1	0.0593384
-0.0166667	0.5	0	1	0.0389723
-0.0166667	0.54	0	1	0.0276982
-0.0166667	0.58	0	1	0.0180875
-0.0166667	0.62	0	1	0.0130252
-0.0166667	0.66	0	1	0.00818596
-0.0166667	0.7	0	1	0.00609887
-0.0166667	0.74	0	1	0.00388791
-0.0166667	0.78	0	1	0.00280589
-0.0166667	0.82	0	1	0.00186607
-0.0166667	0.86	0	1	0.00123058
-0.0166667	0.9	0	1	0.000721748
-0.0166667	0.94	0	1	0.000530849
-0.0166667	0.98	0	1	0.000372756
0.0166667	-0.98	0	1	0.000237707
0.0166667	-0.94	0	1	0.000159044
0.0166667	-0.9	0	1	0.000104208
0.0166667	-0.86	0	1	7.4724e-05
0.0166667	-0.82	0	1	4.70304e-05
0.0166667	-0.78	0	1	3.20575e-05
0.0166667	-0.74	0	1	2.09128e-05
0.0166667	-0.7	0	1	1.53285e-05
0.0166667	-0.66	0	1	9.69683e-06
0.0166667	-0.62	0	1	6.48684e-06
0.0166667	-0.58	0	1	4.23184e-06
0.0166667	-0.54	0	1	2.90288e-06
0.0166667	-0.5	0	1	2.1111e-06
0.0166667	-0.46	0	1	0.0567483
0.0166667	-0.42	0	1	0.0800054
0.0166667	-0.38	0	1	0.105604
0.0166667	-0.34	0	1	0.162172
0.0166667	-0.3	0	1	0.198789
0.0166667	-0.26	0	1	0.253724
0.0166667	-0.22	0	1	0.312443
0.0166667	-0.18	0	1	0.344006
0.0166667	-0.14	0	1	0.39601
0.0166667	-0.1	0	1	0.42534
0.0166667	-0.06	0	1	0.4852
0.0166667	-0.02	0	1	0.478212
0.0166667	0.02	0	1	0.470389
0.0166667	0.06	0	1	0.456107
0.0166667	0.1	0	1	0.440342
0.0166667	0.14	0	1	0.401679
0.0166667	0.18	0	1	0.333909
0.0166667	0.22	0	1	0.282687
0.0166667	0.26	0	1	0.256799
0.0166667	0.3	0	1	0.197567
0.0166667	0.34	0	1	0.151257
0.0166667	0.38	0	1	0.110456
0.0166667	0.42	0	1	0.0840057
0.0166667	0.46	0	1	0.0589852
0.0166667	0.5	0	1	0.0396273
0.0166667	0.54	0	1	0.0292745
0.0166667	0.58	0	1	0.0192395
0.0166667	0.62	0	1	0.0127387
0.0166667	0.66	0	1	0.00896055
0.0166667	0.7	0	1	0.00580223
0.0166667	0.74	0	1	0.00395178
0.0166667	0.78	0	1	0.0026664
0.0166667	0.82	0	1	0.0017652
0.0166667	0.86	0	1	0.00118223
0.0166667	0.9	0	1	0.000755808
0.0166667	0.94	0	1	0.000517795
0.0166667	0.98	0	1	0.00035379
0.05	-0.98	0	1	0.000242876
0.05	-0.94	0	1	0.000158361
0.05	-0.9	0	1	0.000108167
0.05	-0.86	0	1	7.04968e-05
0.05	-0.82	0	1	4.86453e-05
0.05	-0.78	0	1	3.32766e-05
0.05	-0.74	0	1	2.18295e-05
0.05	-0.7	0	1	1.48145e-05
0.05	-0.66	0	1	9.89381e-06
0.05	-0.62	0	1	6.4083e-06
0.05	-0.58	0	1	4.47464e-06
0.05	-0.54	0	1	2.98825e-06
0.05	-0.5	0	1	1.97555e-06
0.05	-0.46	0	1	0.0555421
0.05	-0.42	0	1	0.0847579
0.05	-0.38	0	1	0.11608
0.05	-0.34	0	1	0.148698
0.05	-0.3	0	1	0.187487
0.05	-0.26	0	1	0.267627
0.05	-0.22	0	1	0.291214
0.05	-0.18	0	1	0.368794
0.05	-0.14	0	1	0.384252
0.05	-0.1	0	1	0.417755
0.05	-0.06	0	1	0.478072
0.05	-0.02	0	1	0.48002
0.05	0.02	0	1	0.490456
0.05	0.06	0	1	0.45972
0.05	0.1	0	1	0.426404
0.05	0.14	0	1	0.393778
0.05	0.18	0	1	0.384337
0.05	0.22	0	1	0.294248
0.05	0.26	0	1	0.244072
0.05	0.3	0	1	0.19306
0.05	0.34	0	1	0.14687
0.05	0.38	0	1	0.109756
0.05	0.42	0	1	0.0790531
0.05	0.46	0	1	0.0568096
0.05	0.5	0	1	0.0398659
0.05	0.54	0	1	0.0273298
0.05	0.58	0	1	0.0184732
0.05	0.62	0	1	0.0127486
0.05	0.66	0	1	0.00832875
0.05	0.7	0	1	0.00564189
0.05	0.74	0	1	0.00387766
0.05	0.78	0	1	0.00257602
0.05	0.82	0	1	0.0016989
0.05	0.86	0	1	0.00120051
0.05	0.9	0	1	0.000802628
0.05	0.94	0	1	0.000511721
0.05	0.98	0	1	0.000373608
0.0833333	-0.98	0	1	0.000223927
0.0833333	-0.94	0	1	0.00015413
0.0833333	-0.9	0	1	0.000107715
0.0833333	-0.86	0	1	7.2574e-05
0.0833333	-0.82	0	1	4.77394e-05
0.0833333	-0.78	0	1	3.02922e-05
0.0833333	-0.74	0	1	1.95025e-05
0.0833333	-0.7	0	1	1.41866e-05
0.0833333	-0.66	0	1	9.36152e-06
0.0833333	-0.62	0	1	7.10248e-06
0.0833333	-0.58	0	1	4.51034e-06
0.0833333	-0.54	0	1	2.86679e-06
0.0833333	-0.5	0	1	1.80467e-06
0.0833333	-0.46	0	1	0.0518902
0.0833333	-0.42	0	1	0.0773254
0.0833333	-0.38	0	1	0.102685
0.0833333	-0.34	0	1	0.141369
0.0833333	-0.3	0	1	0.186615
0.0833333	-0.26	0	1	0.241905
0.0833333	-0.22	0	1	0.281718
0.0833333	-0.18	0	1	0.328021
0.0833333	-0.14	0	1	0.369178
0.0833333	-0.1	0	1	0.413146
0.0833333	-0.06	0	1	0.439276
0.0833333	-0.02	0	1	0.414374
0.0833333	0.02	0	1	0.440669
0.0833333	0.06	0	1	0.437516
0.0833333	0.1	0	1	0.394858
0.0833333	0.14	0	1	0.399689
0.0833333	0.18	0	1	0.344287
0.0833333	0.22	0	1	0.307857
0.0833333	0.26	0	1	0.248132
0.0833333	0.3	0	1	0.193837
0.0833333	0.34	0	1	0.150968
0.0833333	0.38	0	1	0.105058
0.0833333	0.42	0	1	0.0767018
0.0833333	0.46	0	1	0.0533255
0.0833333	0.5	0	1	0.040273
0.0833333	0.54	0	1	0.0244844
0.0833333	0.58	0	1	0.0189696
0.0833333	0.62	0	1	0.0119912
0.0833333	0.66	0	1	0.00908069
0.0833333	0.7	0	1	0.00581922
0.0833333	0.74	0	1	0.00371078
0.0833333	0.78	0	1	0.00256599
0.0833333	0.82	0	1	0.00174719
0.0833333	0.86	0	1	0.00121425
0.0833333	0.9	0	1	0.000815963
0.0833333	0.94	0	1	0.000522909
0.0833333	0.98	0	1	0.000330001
0.116667	-0.98	0	1	0.000216765
0.116667	-0.94	0	1	0.000149997
0.116667	-0.9	0	1	0.000100374
0.116667	-0.86	0	1	7.0491e-05
0.116667	-0.82	0	1	4.30526e-05
0.116667	-0.78	0	1	3.22383e-05
0.116667	-0.74	0	1	2.12694e-05
0.116667	-0.7	0	1	1.41114e-05
0.116667	-0.66	0	1	9.26507e-06
0.116667	-0.62	0	1	6.14322e-06
0.116667	-0.58	0	1	4.18352e-06
0.116667	-0.54	0	1	2.81372e-06
0.116667	-0.5	0	1	1.89228e-06
0.116667	-0.46	0	1	0.0485808
0.116667	-0.42	0	1	0.0671062
0.116667	-0.38	0	1	0.100124
0.116667	-0.34	0	1	0.134583
0.116667	-0.3	0	1	0.165214
0.116667	-0.26	0	1	0.228163
0.116667	-0.22	0	1	0.283808
0.116667	-0.18	0	1	0.31295
0.116667	-0.14	0	1	0.355234
0.116667	-0.1	0	1	0.393175
0.116667	-0.06	0	1	0.399727
0.116667	-0.02	0	1	0.419822
0.116667	0.02	0	1	0.410436
0.116667	0.06	0	1	0.441192
0.116667	0.1	0	1	0.398658
0.116667	0.14	0	1	0.348057
0.116667	0.18	0	1	0.313586
0.116667	0.22	0	1	0.258798
0.116667	0.26	0	1	0.234427
0.116667	0.3	0	1	0.173369
0.116667	0.34	0	1	0.133498
0.116667	0.38	0	1	0.101736
0.116667	0.42	0	1	0.072358
0.116667	0.46	0	1	0.0476485
0.116667	0.5	0	1	0.0371717
0.116667	0.54	0	1	0.0242128
0.116667	0.58	0	1	0.0173738
0.116667	0.62	0	1	0.0112911
0.116667	0.66	0	1	0.00770396
0.116667	0.7	0	1	0.00514341
0.116667	0.74	0	1	0.00348417
0.116667	0.78	0	1	0.00236633
0.116667	0.82	0	1	0.00162182
0.116667	0.86	0	1	0.00111477
0.116667	0.9	0	1	0.000768438
0.116667	0.94	0	1	0.000480483
0.116667	0.98	0	1	0.000341525
0.15	-0.98	0	1	0.000210676
0.15	-0.94	0	1	0.000158069
0.15	-0.9	0	1	9.80197e-05
0.15	-0.86	0	1	6.59416e-05
0.15	-0.82	0	1	4.35404e-05
0.15	-0.78	0	1	3.07894e-05
0.15	-0.74	0	1	1.9845e-05
0.15	-0.7	0	1	1.33662e-05
0.15	-0.66	0	1	8.85408e-06
0.15	-0.62	0	1	6.24567e-06
0.15	-0.58	0	1	4.20445e-06
0.15	-0.54	0	1	2.62943e-06
0.15	-0.5	0	1	1.80732e-06
0.15	-0.46	0	1	0.0459894
0.15	-0.42	0	1	0.0661433
0.15	-0.38	0	1	0.0866632
0.15	-0.34	0	1	0.122203
0.15	-0.3	0	1	0.16251
0.15	-0.26	0	1	0.204462
0.15	-0.22	0	1	0.242597
0.15	-0.18	0	1	0.277702
0.15	-0.14	0	1	0.327505
0.15	-0.1	0	1	0.361185
0.15	-0.06	0	1	0.372963
0.15	-0.02	0	1	0.398059
0.15	0.02	0	1	0.390964
0.15	0.06	0	1	0.382154
0.15	0.1	0	1	0.352516
0.15	0.14	0	1	0.323544
0.15	0.18	0	1	0.282952
0.15	0.22	0	1	0.250053
0.15	0.26	0	1	0.204462
0.15	0.3	0	1	0.158633
0.15	0.34	0	1	0.123935
0.15	0.38	0	1	0.0888712
0.15	0.42	0	1	0.070152
0.15	0.46	0	1	0.0446564
0.15	0.5	0	1	0.0324974
0.15	0.54	0	1	0.0234557
0.15	0.58	0	1	0.0151049
0.15	0.62	0	1	0.0107618
0.15	0.66	0	1	0.00723375
0.15	0.7	0	1	0.00485572
0.15	0.74	0	1	0.00348526
0.15	0.78	0	1	0.00228429
0.15	0.82	0	1	0.0015313
0.15	0.86	0	1	0.00108917
0.15	0.9	0	1	0.000713202
0.15	0.94	0	1	0.000479814
0.15	0.98	0	1	0.00031219
0.183333	-0.98	0	1	0.000206727
0.183333	-0.94	0	1	0.000139716
0.183333	-0.9	0	1	9.07878e-05
0.183333	-0.86	0	1	6.50048e-05
0.183333	-0.82	0	1	4.32748e-05
0.183333	-0.78	0	1	2.72919e-05
0.183333	-0.74	0	1	1.96192e-05
0.183333	-0.7	0	1	1.29687e-05
0.183333	-0.66	0	1	9.04373e-06
0.183333	-0.62	0	1	5.59776e-06
0.183333	-0.58	0	1	3.98838e-06
0.183333	-0.54	0	1	2.61234e-06
0.183333	-0.5	0	1	1.87906e-06
0.183333	-0.46	0	1	0.0412749
0.183333	-0.42	0	1	0.0592228
0.183333	-0.38	0	1	0.080091
0.183333	-0.34	0	1	0.108714
0.183333	-0.3	0	1	0.142967
0.183333	-0.26	0	1	0.177767
0.183333	-0.22	0	1	0.2081
0.183333	-0.18	0	1	0.249666
0.183333	-0.14	0	1	0.280564
0.183333	-0.1	0	1	0.326733
0.183333	-0.06	0	1	0.349178
0.183333	-0.02	0	1	0.341216
0.183333	0.02	0	1	0.356888
0.183333	0.06	0	1	0.328435
0.183333	0.1	0	1	0.308509
0.183333	0.14	0	1	0.281157
0.183333	0.18	0	1	0.26638
0.183333	0.22	0	1	0.224517
0.183333	0.26	0	1	0.185038
0.183333	0.3	0	1	0.137502
0.183333	0.34	0	1	0.116653
0.183333	0.38	0	1	0.0769663
0.183333	0.42	0	1	0.0591029
0.183333	0.46	0	1	0.0418756
0.183333	0.5	0	1	0.0285817
0.183333	0.54	0	1	0.0213885
0.183333	0.58	0	1	0.0148664
0.183333	0.62	0	1	0.00960463
0.183333	0.66	0	1	0.00675695
0.183333	0.7	0	1	0.00478988
0.183333	0.74	0	1	0.00336232
0.183333	0.78	0	1	0.00224434
0.183333	0.82	0	1	0.00150989
0.183333	0.86	0	1	0.00101039
0.183333	0.9	0	1	0.000675311
0.183333	0.94	0	1	0.000405253
0.183333	0.98	0	1	0.000291535
0.216667	-0.98	0	1	0.000186478
0.216667	-0.94	0	1	0.000132928
0.216667	-0.9	0	1	9.15926e-05
0.216667	-0.86	0	1	6.44957e-05
0.216667	-0.82	0	1	3.78446e-05
0.216667	-0.78	0	1	2.76673e-05
0.216667	-0.74	0	1	1.75859e-05
0.216667	-0.7	0	1	1.20788e-05
0.216667	-0.66	0	1	8.32422e-06
0.216667	-0.62	0	1	5.74347e-06
0.216667	-0.58	0	1	3.87575e-06
0.216667	-0.54	0	1	2.52756e-06
0.216667	-0.5	0	1	1.65313e-06
0.216667	-0.46	0	1	0.0383216
0.216667	-0.42	0	1	0.0526168
0.216667	-0.38	0	1	0.0699678
0.216667	-0.34	0	1	0.0971309
0.216667	-0.3	0	1	0.130187
0.216667	-0.26	0	1	0.160022
0.216667	-0.22	0	1	0.188978
0.216667	-0.18	0	1	0.223919
0.216667	-0.14	0	1	0.263394
0.216667	-0.1	0	1	0.296175
0.216667	-0.06	0	1	0.30927
0.216667	-0.02	0	1	0.31461
0.216667	0.02	0	1	0.31775
0.216667	0.06	0	1	0.31962
0.216667	0.1	0	1	0.282453
0.216667	0.14	0	1	0.245211
0.216667	0.18	0	1	0.223463
0.216667	0.22	0	1	0.173906
0.216667	0.26	0	1	0.157808
0.216667	0.3	0	1	0.120423
0.216667	0.34	0	1	0.0975156
0.216667	0.38	0	1	0.0698239
0.216667	0.42	0	1	0.0509297
0.216667	0.46	0	1	0.036728
0.216667	0.5	0	1	0.0249896
0.216667	0.54	0	1	0.0185277
0.216667	0.58	0	1	0.013268
0.216667	0.62	0	1	0.00885024
0.216667	0.66	0	1	0.00660547
0.216667	0.7	0	1	0.00422807
0.216667	0.74	0	1	0.00291936
0.216667	0.78	0	1	0.00203866
0.216667	0.82	0	1	0.00128378
0.216667	0.86	0	1	0.000937048
0.216667	0.9	0	1	0.000623239
0.216667	0.94	0	1	0.000424106
0.216667	0.98	0	1	0.000280245
0.25	-0.98	0	1	0.000173488
0.25	-0.94	0	1	0.000124475
0.25	-0.9	0	1	7.64933e-05
0.25	-0.86	0	1	5.50367e-05
0.25	-0.82	0	1	3.84443e-05
0.25	-0.78	0	1	2.43414e-05
0.25	-0.74	0	1	1.71415e-05
0.25	-0.7	0	1	1.17403e-05
0.25	-0.66	0	1	7.89332e-06
0.25	-0.62	0	1	5.34746e-06
0.25	-0.58	0	1	3.64299e-06
0.25	-0.54	0	1	2.35913e-06
0.25	-0.5	0	1	1.62959e-06
0.25	-0.46	0	1	0.0319021
0.25	-0.42	0	1	0.0425048
0.25	-0.38	0	1	0.0609174
0.25	-0.34	0	1	0.0808411
0.25	-0.3	0	1	0.105735
0.25	-0.26	0	1	0.130923
0.25	-0.22	0	1	0.164595
0.25	-0.18	0	1	0.182866
0.25	-0.14	0	1	0.223425
0.25	-0.1	0	1	0.235749
0.25	-0.06	0	1	0.258835
0.25	-0.02	0	1	0.255969
0.25	0.02	0	1	0.264052
0.25	0.06	0	1	0.265619
0.25	0.1	0	1	0.242596
0.25	0.14	0	1	0.217662
0.25	0.18	0	1	0.199172
0.25	0.22	0	1	0.161966
0.25	0.26	0	1	0.131192
0.25	0.3	0	1	0.105735
0.25	0.34	0	1	0.0819912
0.25	0.38	0	1	0.0610409
0.25	0.42	0	1	0.0429599
0.25	0.46	0	1	0.0330226
0.25	0.5	0	1	0.0238728
0.25	0.54	0	1	0.0163709
0.25	0.58	0	1	0.0113768
0.25	0.62	0	1	0.00799834
0.25	0.66	0	1	0.0056824
0.25	0.7	0	1	0.00374627
0.25	0.74	0	1	0.00263171
0.25	0.78	0	1	0.00178439
0.25	0.82	0	1	0.00123931
0.25	0.86	0	1	0.00082831
0.25	0.9	0	1	0.000579063
0.25	0.94	0	1	0.000386693
0.25	0.98	0	1	0.000260503
0.283333	-0.98	0	1	0.000158134
0.283333	-0.94	0	1	0.000114077
0.283333	-0.9	0	1	7.34845e-05
0.283333	-0.86	0	1	5.39346e-05
0.283333	-0.82	0	1	3.35284e-05
0.283333	-0.78	0	1	2.33881e-05
0.283333	-0.74	0	1	1.60309e-05
0.283333	-0.7	0	1	1.05625e-05
0.283333	-0.66	0	1	7.6041e-06
0.283333	-0.62	0	1	5.02981e-06
0.283333	-0.58	0	1	3.25605e-06
0.283333	-0.54	0	1	2.20825e-06
0.283333	-0.5	0	1	1.596e-06
0.283333	-0.46	0	1	0.0284864
0.283333	-0.42	0	1	0.0396768
0.283333	-0.38	0	1	0.0528887
0.283333	-0.34	0	1	0.0714444
0.283333	-0.3	0	1	0.0883675
0.283333	-0.26	0	1	0.11089
0.283333	-0.22	0	1	0.133151
0.283333	-0.18	0	1	0.155759
0.283333	-0.14	0	1	0.182101
0.283333	-0.1	0	1	0.201641
0.283333	-0.06	0	1	0.215449
0.283333	-0.02	0	1	0.214574
0.283333	0.02	0	1	0.220872
0.283333	0.06	0	1	0.220237
0.283333	0.1	0	1	0.199604
0.283333	0.14	0	1	0.183575
0.283333	0.18	0	1	0.161886
0.283333	0.22	0	1	0.136425
0.283333	0.26	0	1	0.111784
0.283333	0.3	0	1	0.0874785
0.283333	0.34	0	1	0.0710314
0.283333	0.38	0	1	0.0491407
0.283333	0.42	0	1	0.036126
0.283333	0.46	0	1	0.0285427
0.283333	0.5	0	1	0.0210239
0.283333	0.54	0	1	0.0139832
0.283333	0.58	0	1	0.00964136
0.283333	0.62	0	1	0.0068821
0.283333	0.66	0	1	0.0045651
0.283333	0.7	0	1	0.00341239
0.283333	0.74	0	1	0.00228052
0.283333	0.78	0	1	0.00160911
0.283333	0.82	0	1	0.0011137
0.283333	0.86	0	1	0.000709039
0.283333	0.9	0	1	0.000495257
0.283333	0.94	0	1	0.00034807
0.283333	0.98	0	1	0.000230371
0.316667	-0.98	0	1	0.000153642
0.316667	-0.94	0	1	9.38455e-05
0.316667	-0.9	0	1	6.87237e-05
0.316667	-0.86	0	1	4.95487e-05
0.316667	-0.82	0	1	3.17973e-05
0.316667	-0.78	0	1	2.23956e-05
0.316667	-0.74	0	1	1.44794e-05
0.316667	-0.7	0	1	1.01462e-05
0.316667	-0.66	0	1	6.98721e-06
0.316667	-0.62	0	1	4.24639e-06
0.316667	-0.58	0	1	2.98229e-06
0.316667	-0.54	0	1	2.07782e-06
0.316667	-0.5	0	1	1.40519e-06
0.316667	-0.46	0	1	0.0238109
0.316667	-0.42	0	1	0.0296283
0.316667	-0.38	0	1	0.044326
0.316667	-0.34	0	1	0.0574297
0.316667	-0.3	0	1	0.0727487
0.316667	-0.26	0	1	0.0894507
0.316667	-0.22	0	1	0.111088
0.316667	-0.18	0	1	0.142635
0.316667	-0.14	0	1	0.134595
0.316667	-0.1	0	1	0.165999
0.316667	-0.06	0	1	0.176422
0.316667	-0.02	0	1	0.178028
0.316667	0.02	0	1	0.177663
0.316667	0.06	0	1	0.17324
0.316667	0.1	0	1	0.164015
0.316667	0.14	0	1	0.142671
0.316667	0.18	0	1	0.131643
0.316667	0.22	0	1	0.105544
0.316667	0.26	0	1	0.0890864
0.316667	0.3	0	1	0.0707118
0.316667	0.34	0	1	0.0549376
0.316667	0.38	0	1	0.0413077
0.316667	0.42	0	1	0.0312386
0.316667	0.46	0	1	0.024521
0.316667	0.5	0	1	0.0177479
0.316667	0.54	0	1	0.0126308
0.316667	0.58	0	1	0.00850483
0.316667	0.62	0	1	0.0061604
0.316667	0.66	0	1	0.00434528
0.316667	0.7	0	1	0.00295265
0.316667	0.74	0	1	0.00204672
0.316667	0.78	0	1	0.00137881
0.316667	0.82	0	1	0.000949362
0.316667	0.86	0	1	0.000682282
0.316667	0.9	0	1	0.000478884
0.316667	0.94	0	1	0.000311304
0.316667	0.98	0	1	0.000216508
0.35	-0.98	0	1	0.000134436
0.35	-0.94	0	1	9.14644e-05
0.35	-0.9	0	1	6.14976e-05
0.35	-0.86	0	1	4.11968e-05
0.35	-0.82	0	1	2.81503e-05
0.35	-0.78	0	1	1.84042e-05
0.35	-0.74	0	1	1.36549e-05
0.35	-0.7	0	1	9.22756e-06
0.35	-0.66	0	1	6.4343e-06
0.35	-0.62	0	1	4.29866e-06
0.35	-0.58	0	1	2.76943e-06
0.35	-0.54	0	1	1.98494e-06
0.35	-0.5	0	1	1.32065e-06
0.35	-0.46	0	1	0.0185582
0.35	-0.42	0	1	0.0247265
0.35	-0.38	0	1	0.0343213
0.35	-0.34	0	1	0.0475016
0.35	-0.3	0	1	0.0605036
0.35	-0.26	0	1	0.0702536
0.35	-0.22	0	1	0.0874593
0.35	-0.18	0	1	0.101704
0.35	-0.14	0	1	0.12246
0.35	-0.1	0	1	0.123496
0.35	-0.06	0	1	0.142104
0.35	-0.02	0	1	0.137657
0.35	0.02	0	1	0.139106
0.35	0.06	0	1	0.140422
0.35	0.1	0	1	0.133984
0.35	0.14	0	1	0.11985
0.35	0.18	0	1	0.103784
0.35	0.22	0	1	0.0883427
0.35	0.26	0	1	0.075355
0.35	0.3	0	1	0.0589822
0.35	0.34	0	1	0.0449339
0.35	0.38	0	1	0.0362202
0.35	0.42	0	1	0.0268973
0.35	0.46	0	1	0.0199707
0.35	0.5	0	1	0.0140574
0.35	0.54	0	1	0.00985312
0.35	0.58	0	1	0.00714715
0.35	0.62	0	1	0.00498468
0.35	0.66	0	1	0.0035345
0.35	0.7	0	1	0.00257611
0.35	0.74	0	1	0.00185531
0.35	0.78	0	1	0.00120995
0.35	0.82	0	1	0.000881743
0.35	0.86	0	1	0.000582948
0.35	0.9	0	1	0.000409718
0.35	0.94	0	1	0.000292432
0.35	0.98	0	1	0.000197273
0.383333	-0.98	0	1	0.000120837
0.383333	-0.94	0	1	8.2527e-05
0.383333	-0.9	0	1	5.55764e-05
0.383333	-0.86	0	1	3.62544e-05
0.383333	-0.82	0	1	2.73863e-05
0.383333	-0.78	0	1	1.76783e-05
0.383333	-0.74	0	1	1.2516e-05
0.383333	-0.7	0	1	8.96043e-06
0.383333	-0.66	0	1	5.65909e-06
0.383333	-0.62	0	1	3.86664e-06
0.383333	-0.58	0	1	2.74773e-06
0.383333	-0.54	0	1	1.80815e-06
0.383333	-0.5	0	1	1.21767e-06
0.383333	-0.46	0	1	0.0155015
0.383333	-0.42	0	1	0.0214273
0.383333	-0.38	0	1	0.0264141
0.383333	-0.34	0	1	0.0367292
0.383333	-0.3	0	1	0.0460728
0.383333	-0.26	0	1	0.0557633
0.383333	-0.22	0	1	0.0685
0.383333	-0.18	0	1	0.0803239
0.383333	-0.14	0	1	0.0877155
0.383333	-0.1	0	1	0.10489
0.383333	-0.06	0	1	0.105491
0.383333	-0.02	0	1	0.110603
0.383333	0.02	0	1	0.112851
0.383333	0.06	0	1	0.110494
0.383333	0.1	0	1	0.101224
0.383333	0.14	0	1	0.0901161
0.383333	0.18	0	1	0.0762671
0.383333	0.22	0	1	0.0738969
0.383333	0.26	0	1	0.0514032
0.383333	0.3	0	1	0.0465363
0.383333	0.34	0	1	0.0383388
0.383333	0.38	0	1	0.0280544
0.383333	0.42	0	1	0.0215561
0.383333	0.46	0	1	0.0169458
0.383333	0.5	0	1	0.012095
0.383333	0.54	0	1	0.00881904
0.383333	0.58	0	1	0.00618164
0.383333	0.62	0	1	0.0043472
0.383333	0.66	0	1	0.00304118
0.383333	0.7	0	1	0.00216814
0.383333	0.74	0	1	0.00156298
0.383333	0.78	0	1	0.00109676
0.383333	0.82	0	1	0.000743522
0.383333	0.86	0	1	0.000524459
0.383333	0.9	0	1	0.000366542
0.383333	0.94	0	1	0.000264744
0.383333	0.98	0	1	0.000175888
0.416667	-0.98	0	1	0.000107428
0.416667	-0.94	0	1	7.08315e-05
0.416667	-0.9	0	1	4.66162e-05
0.416667	-0.86	0	1	3.53605e-05
0.416667	-0.82	0	1	2.27666e-05
0.416667	-0.78	0	1	1.61339e-05
0.416667	-0.74	0	1	1.12699e-05
0.416667	-0.7	0	1	7.7976e-06
0.416667	-0.66	0	1	5.43088e-06
0.416667	-0.62	0	1	3.7266e-06
0.416667	-0.58	0	1	2.43139e-06
0.416667	-0.54	0	1	1.71952e-06
0.416667	-0.5	0	1	1.09232e-06
0.416667	-0.46	0	1	0.0131004
0.416667	-0.42	0	1	0.0174082
0.416667	-0.38	0	1	0.0228219
0.416667	-0.34	0	1	0.0267413
0.416667	-0.3	0	1	0.0347081
0.416667	-0.26	0	1	0.0434661
0.416667	-0.22	0	1	0.0516896
0.416667	-0.18	0	1	0.0613226
0.416667	-0.14	0	1	0.0741987
0.416667	-0.1	0	1	0.073388
0.416667	-0.06	0	1	0.0825614
0.416667	-0.02	0	1	0.0814995
0.416667	0.02	0	1	0.0852662
0.416667	0.06	0	1	0.087535
0.416667	0.1	0	1	0.0746319
0.416667	0.14	0	1	0.0698174
0.416667	0.18	0	1	0.062195
0.416667	0.22	0	1	0.0537188
0.416667	0.26	0	1	0.0464054
0.416667	0.3	0	1	0.0359399
0.416667	0.34	0	1	0.0274905
0.416667	0.38	0	1	0.0229117
0.416667	0.42	0	1	0.0177523
0.416667	0.46	0	1	0.0127891
0.416667	0.5	0	1	0.00932191
0.416667	0.54	0	1	0.00711107
0.416667	0.58	0	1	0.00487815
0.416667	0.62	0	1	0.00382012
0.416667	0.66	0	1	0.00253437
0.416667	0.7	0	1	0.00185409
0.416667	0.74	0	1	0.00130212
0.416667	0.78	0	1	0.000898605
0.416667	0.82	0	1	0.000637234
0.416667	0.86	0	1	0.000475319
0.416667	0.9	0	1	0.000310424
0.416667	0.94	0	1	0.000205295
0.416667	0.98	0	1	0.000151953
0.45	-0.98	0	1	9.1647e-05
0.45	-0.94	0	1	6.21765e-05
0.45	-0.9	0	1	4.80713e-05
0.45	-0.86	0	1	3.10353e-05
0.45	-0.82	0	1	2.22388e-05
0.45	-0.78	0	1	1.4223e-05
0.45	-0.74	0	1	9.88791e-06
0.45	-0.7	0	1	6.52829e-06
0.45	-0.66	0	1	4.6909e-06
0.45	-0.62	0	1	3.07778e-06
0.45	-0.58	0	1	2.19704e-06
0.45	-0.54	0	1	1.42953e-06
0.45	-0.5	0	1	1.06663e-06
0.45	-0.46	0	1	0.010351
0.45	-0.42	0	1	0.0142056
0.45	-0.38	0	1	0.0169756
0.45	-0.34	0	1	0.0221313
0.45	-0.3	0	1	0.0281074
0.45	-0.26	0	1	0.0334119
0.45	-0.22	0	1	0.0431449
0.45	-0.18	0	1	0.0464946
0.45	-0.14	0	1	0.0529262
0.45	-0.1	0	1	0.0589822
0.45	-0.06	0	1	0.0620166
0.45	-0.02	0	1	0.0646274
0.45	0.02	0	1	0.0650128
0.45	0.06	0	1	0.0631374
0.45	0.1	0	1	0.0569927
0.45	0.14	0	1	0.0511122
0.45	0.18	0	1	0.0466836
0.45	0.22	0	1	0.0394817
0.45	0.26	0	1	0.0334802
0.45	0.3	0	1	0.0280514
0.45	0.34	0	1	0.0215477
0.45	0.38	0	1	0.0173991
0.45	0.42	0	1	0.0131149
0.45	0.46	0	1	0.0104754
0.45	0.5	0	1	0.00742684
0.45	0.54	0	1	0.00546317
0.45	0.58	0	1	0.00407075
0.45	0.62	0	1	0.00311057
0.45	0.66	0	1	0.00224616
0.45	0.7	0	1	0.00155665
0.45	0.74	0	1	0.00113263
0.45	0.78	0	1	0.000796845
0.45	0.82	0	1	0.000561415
0.45	0.86	0	1	0.000373869
0.45	0.9	0	1	0.000288327
0.45	0.94	0	1	0.000191126
0.45	0.98	0	1	0.000135256
0.483333	-0.98	0	1	8.0608e-05
0.483333	-0.94	0	1	5.63174e-05
0.483333	-0.9	0	1	3.74972e-05
0.483333	-0.86	0	1	2.79066e-05
0.483333	-0.82	0	1	2.02081e-05
0.483333	-0.78	0	1	1.33643e-05
0.483333	-0.74	0	1	9.09758e-06
0.483333	-0.7	0	1	6.04534e-06
0.483333	-0.66	0	1	4.40977e-06
0.483333	-0.62	0	1	2.9191e-06
0.483333	-0.58	0	1	1.95168e-06
0.483333	-0.54	0	1	1.38266e-06
0.483333	-0.5	0	1	9.34003e-07
0.483333	-0.46	0	1	0.00824641
0.483333	-0.42	0	1	0.0109789
0.483333	-0.38	0	1	0.0138666
0.483333	-0.34	0	1	0.0172109
0.483333	-0.3	0	1	0.0208221
0.483333	-0.26	0	1	0.0248578
0.483333	-0.22	0	1	0.0307101
0.483333	-0.18	0	1	0.0348822
0.483333	-0.14	0	1	0.0386495
0.483333	-0.1	0	1	0.0418941
0.483333	-0.06	0	1	0.0425362
0.483333	-0.02	0	1	0.0496492
0.483333	0.02	0	1	0.0479338
0.483333	0.06	0	1	0.0456802
0.483333	0.1	0	1	0.0415457
0.483333	0.14	0	1	0.039287
0.483333	0.18	0	1	0.0341023
0.483333	0.22	0	1	0.0298502
0.483333	0.26	0	1	0.0271412
0.483333	0.3	0	1	0.0213791
0.483333	0.34	0	1	0.0166222
0.483333	0.38	0	1	0.0134822
0.483333	0.42	0	1	0.0100801
0.483333	0.46	0	1	0.00809857
0.483333	0.5	0	1	0.00598334
0.483333	0.54	0	1	0.00445847
0.483333	0.58	0	1	0.00337703
0.483333	0.62	0	1	0.00231569
0.483333	0.66	0	1	0.0018617
0.483333	0.7	0	1	0.00134771
0.483333	0.74	0	1	0.000923665
0.483333	0.78	0	1	0.000681214
0.483333	0.82	0	1	0.00047907
0.483333	0.86	0	1	0.000341542
0.483333	0.9	0	1	0.000224675
0.483333	0.94	0	1	0.000161085
0.483333	0.98	0	1	0.000110573
0.516667	-0.98	0	1	6.87544e-05
0.516667	-0.94	0	1	5.10468e-05
0.516667	-0.9	0	1	3.53772e-05
0.516667	-0.86	0	1	2.43616e-05
0.516667	-0.82	0	1	1.72073e-05
0.516667	-0.78	0	1	1.17775e-05
0.516667	-0.74	0	1	8.06122e-06
0.516667	-0.7	0	1	5.4301e-06
0.516667	-0.66	0	1	3.79493e-06
0.516667	-0.62	0	1	2.66357e-06
0.516667	-0.58	0	1	1.72549e-06
0.516667	-0.54	0	1	1.20891e-06
0.516667	-0.5	0	1	8.6434e-07
0.516667	-0.46	0	1	0.00671913
0.516667	-0.42	0	1	0.00791122
0.516667	-0.38	0	1	0.0108464
0.516667	-0.34	0	1	0.0128751
0.516667	-0.3	0	1	0.0160942
0.516667	-0.26	0	1	0.0198578
0.516667	-0.22	0	1	0.0215076
0.516667	-0.18	0	1	0.0252113
0.516667	-0.14	0	1	0.0299736
0.516667	-0.1	0	1	0.0319995
0.516667	-0.06	0	1	0.0330742
0.516667	-0.02	0	1	0.036355
0.516667	0.02	0	1	0.0342536
0.516667	0.06	0	1	0.0319853
0.516667	0.1	0	1	0.0297506
0.516667	0.14	0	1	0.0282625
0.516667	0.18	0	1	0.0261079
0.516667	0.22	0	1	0.0229322
0.516667	0.26	0	1	0.019936
0.516667	0.3	0	1	0.0154439
0.516667	0.34	0	1	0.0130605
0.516667	0.38	0	1	0.0104227
0.516667	0.42	0	1	0.00821101
0.516667	0.46	0	1	0.00657727
0.516667	0.5	0	1	0.00491585
0.516667	0.54	0	1	0.00373225
0.516667	0.58	0	1	0.00285321
0.516667	0.62	0	1	0.00209365
0.516667	0.66	0	1	0.00146305
0.516667	0.7	0	1	0.0011459
0.516667	0.74	0	1	0.000796764
0.516667	0.78	0	1	0.000564638
0.516667	0.82	0	1	0.000382469
0.516667	0.86	0	1	0.000284838
0.516667	0.9	0	1	0.000197673
0.516667	0.94	0	1	0.000149038
0.516667	0.98	0	1	0.000100935
0.55	-0.98	0	1	5.95276e-05
0.55	-0.94	0	1	4.1113e-05
0.55	-0.9	0	1	2.94479e-05
0.55	-0.86	0	1	2.12368e-05
0.55	-0.82	0	1	1.38013e-05
0.55	-0.78	0	1	9.91938e-06
0.55	-0.74	0	1	6.83933e-06
0.55	-0.7	0	1	4.60905e-06
0.55	-0.66	0	1	3.54386e-06
0.55	-0.62	0	1	2.48314e-06
0.55	-0.58	0	1	1.65347e-06
0.55	-0.54	0	1	1.12688e-06
0.55	-0.5	0	1	7.44162e-07
0.55	-0.46	0	1	0.00518408
0.55	-0.42	0	1	0.00587881
0.55	-0.38	0	1	0.00807946
0.55	-0.34	0	1	0.00965852
0.55	-0.3	0	1	0.0121285
0.55	-0.26	0	1	0.0142124
0.55	-0.22	0	1	0.0169064
0.55	-0.18	0	1	0.0201498
0.55	-0.14	0	1	0.0219576
0.55	-0.1	0	1	0.0233078
0.55	-0.06	0	1	0.0235801
0.55	-0.02	0	1	0.0255707
0.55	0.02	0	1	0.0258776
0.55	0.06	0	1	0.0237791
0.55	0.1	0	1	0.0230724
0.55	0.14	0	1	0.0219576
0.55	0.18	0	1	0.0190196
0.55	0.22	0	1	0.0177261
0.55	0.26	0	1	0.0150897
0.55	0.3	0	1	0.0126186
0.55	0.34	0	1	0.00953778
0.55	0.38	0	1	0.00816058
0.55	0.42	0	1	0.00608463
0.55	0.46	0	1	0.00488268
0.55	0.5	0	1	0.00393978
0.55	0.54	0	1	0.0030868
0.55	0.58	0	1	0.00220395
0.55	0.62	0	1	0.00159334
0.55	0.66	0	1	0.00114563
0.55	0.7	0	1	0.000866816
0.55	0.74	0	1	0.000651945
0.55	0.78	0	1	0.000466007
0.55	0.82	0	1	0.000348135
0.55	0.86	0	1	0.000246743
0.55	0.9	0	1	0.000161949
0.55	0.94	0	1	0.000120056
0.55	0.98	0	1	8.20803e-05
0.583333	-0.98	0	1	4.96965e-05
0.583333	-0.94	0	1	3.49882e-05
0.583333	-0.9	0	1	2.64659e-05
0.583333	-0.86	0	1	1.72594e-05
0.583333	-0.82	0	1	1.27316e-05
0.583333	-0.78	0	1	9.07924e-06
0.583333	-0.74	0	1	5.96542e-06
0.583333	-0.7	0	1	4.36765e-06
0.583333	-0.66	0	1	2.76856e-06
0.583333	-0.62	0	1	2.03596e-06
0.583333	-0.58	0	1	1.44712e-06
0.583333	-0.54	0	1	9.75346e-07
0.583333	-0.5	0	1	6.45271e-07
0.583333	-0.46	0	1	0.00379297
0.583333	-0.42	0	1	0.00497424
0.583333	-0.38	0	1	0.00619743
0.583333	-0.34	0	1	0.00776208
0.583333	-0.3	0	1	0.00868259
0.583333	-0.26	0	1	0.0110729
0.583333	-0.22	0	1	0.0120167
0.583333	-0.18	0	1	0.0142093
0.583333	-0.14	0	1	0.0153669
0.583333	-0.1	0	1	0.0165807
0.583333	-0.06	0	1	0.0181266
0.583333	-0.02	0	1	0.0187976
0.583333	0.02	0	1	0.0177946
0.583333	0.06	0	1	0.0178371
0.583333	0.1	0	1	0.0161688
0.583333	0.14	0	1	0.0155891
0.583333	0.18	0	1	0.0141234
0.583333	0.22	0	1	0.0126478
0.583333	0.26	0	1	0.0112904
0.583333	0.3	0	1	0.00947191
0.583333	0.34	0	1	0.00753423
0.583333	0.38	0	1	0.00617274
0.583333	0.42	0	1	0.0047275
0.583333	0.46	0	1	0.00380074
0.583333	0.5	0	1	0.00306737
0.583333	0.54	0	1	0.00241397
0.583333	0.58	0	1	0.00177914
0.583333	0.62	0	1	0.00130497
0.583333	0.66	0	1	0.000934254
0.583333	0.7	0	1	0.000777132
0.583333	0.74	0	1	0.000543128
0.583333	0.78	0	1	0.000362994
0.583333	0.82	0	1	0.000263926
0.583333	0.86	0	1	0.000189646
0.583333	0.9	0	1	0.000145456
0.583333	0.94	0	1	0.000104388
0.583333	0.98	0	1	7.41687e-05
0.616667	-0.98	0	1	4.37261e-05
0.616667	-0.94	0	1	2.86326e-05
0.616667	-0.9	0	1	2.18141e-05
0.616667	-0.86	0	1	1.53354e-05
0.616667	-0.82	0	1	1.10336e-05
0.616667	-0.78	0	1	7.73057e-06
0.616667	-0.74	0	1	5.20096e-06
0.616667	-0.7	0	1	3.63475e-06
0.616667	-0.66	0	1	2.62294e-06
0.616667	-0.62	0	1	1.69993e-06
0.616667	-0.58	0	1	1.25859e-06
0.616667	-0.54	0	1	8.42025e-07
0.616667	-0.5	0	1	5.76102e-07
0.616667	-0.46	0	1	0.00300592
0.616667	-0.42	0	1	0.00363584
0.616667	-0.38	0	1	0.00475503
0.616667	-0.34	0	1	0.00557781
0.616667	-0.3	0	1	0.00674628
0.616667	-0.26	0	1	0.00790875
0.616667	-0.22	0	1	0.00919611
0.616667	-0.18	0	1	0.0102122
0.616667	-0.14	0	1	0.0110596
0.616667	-0.1	0	1	0.0122411
0.616667	-0.06	0	1	0.0131862
0.616667	-0.02	0	1	0.0136039
0.616667	0.02	0	1	0.0137652
0.616667	0.06	0	1	0.0123211
0.616667	0.1	0	1	0.0123409
0.616667	0.14	0	1	0.0120082
0.616667	0.18	0	1	0.0108623
0.616667	0.22	0	1	0.00934474
0.616667	0.26	0	1	0.00744163
0.616667	0.3	0	1	0.00670523
0.616667	0.34	0	1	0.00571469
0.616667	0.38	0	1	0.00444675
0.616667	0.42	0	1	0.00389178
0.616667	0.46	0	1	0.00305372
0.616667	0.5	0	1	0.00227918
0.616667	0.54	0	1	0.00173761
0.616667	0.58	0	1	0.0014093
0.616667	0.62	0	1	0.00107115
0.616667	0.66	0	1	0.000762608
0.616667	0.7	0	1	0.000585989
0.616667	0.74	0	1	0.000423964
0.616667	0.78	0	1	0.000317803
0.616667	0.82	0	1	0.000229708
0.616667	0.86	0	1	0.000167421
0.616667	0.9	0	1	0.000120668
0.616667	0.94	0	1	8.70802e-05
0.616667	0.98	0	1	6.1829e-05
0.65	-0.98	0	1	3.60137e-05
0.65	-0.94	0	1	2.63369e-05
0.65	-0.9	0	1	1.82113e-05
0.65	-0.86	0	1	1.30963e-05
0.65	-0.82	0	1	9.61042e-06
0.65	-0.78	0	1	6.21159e-06
0.65	-0.74	0	1	4.50542e-06
0.65	-0.7	0	1	3.14106e-06
0.65	-0.66	0	1	2.24782e-06
0.65	-0.62	0	1	1.45739e-06
0.65	-0.58	0	1	1.09445e-06
0.65	-0.54	0	1	7.52535e-07
0.65	-0.5	0	1	5.12335e-07
0.65	-0.46	0	1	0.00224813
0.65	-0.42	0	1	0.00281008
0.65	-0.38	0	1	0.00361581
0.65	-0.34	0	1	0.00435715
0.65	-0.3	0	1	0.00517063
0.65	-0.26	0	1	0.00577388
0.65	-0.22	0	1	0.006866
0.65	-0.18	0	1	0.00760353
0.65	-0.14	0	1	0.00801801
0.65	-0.1	0	1	0.00866574
0.65	-0.06	0	1	0.0091866
0.65	-0.02	0	1	0.00970195
0.65	0.02	0	1	0.00950791
0.65	0.06	0	1	0.00905401
0.65	0.1	0	1	0.00875601
0.65	0.14	0	1	0.00832058
0.65	0.18	0	1	0.00732815
0.65	0.22	0	1	0.00652542
0.65	0.26	0	1	0.00589268
0.65	0.3	0	1	0.0048862
0.65	0.34	0	1	0.00434862
0.65	0.38	0	1	0.00360174
0.65	0.42	0	1	0.00282722
0.65	0.46	0	1	0.00224813
0.65	0.5	0	1	0.0018717
0.65	0.54	0	1	0.00141964
0.65	0.58	0	1	0.00108979
0.65	0.62	0	1	0.000793252
0.65	0.66	0	1	0.000595641
0.65	0.7	0	1	0.000454638
0.65	0.74	0	1	0.000351144
0.65	0.78	0	1	0.00025607
0.65	0.82	0	1	0.000187758
0.65	0.86	0	1	0.000133564
0.65	0.9	0	1	9.60315e-05
0.65	0.94	0	1	7.27152e-05
0.65	0.98	0	1	4.995e-05
0.683333	-0.98	0	1	2.85378e-05
0.683333	-0.94	0	1	2.10003e-05
0.683333	-0.9	0	1	1.55727e-05
0.683333	-0.86	0	1	1.12686e-05
0.683333	-0.82	0	1	8.06249e-06
0.683333	-0.78	0	1	5.62843e-06
0.683333	-0.74	0	1	3.86296e-06
0.683333	-0.7	0	1	2.87442e-06
0.683333	-0.66	0	1	1.90674e-06
0.683333	-0.62	0	1	1.38243e-06
0.683333	-0.58	0	1	9.36682e-07
0.683333	-0.54	0	1	6.34186e-07
0.683333	-0.5	0	1	4.38318e-07
0.683333	-0.46	0	1	0.00167918
0.683333	-0.42	0	1	0.00210504
0.683333	-0.38	0	1	0.00259511
0.683333	-0.34	0	1	0.00318721
0.683333	-0.3	0	1	0.00382477
0.683333	-0.26	0	1	0.00441094
0.683333	-0.22	0	1	0.00503016
0.683333	-0.18	0	1	0.00529909
0.683333	-0.14	0	1	0.00628647
0.683333	-0.1	0	1	0.00606589
0.683333	-0.06	0	1	0.00682895
0.683333	-0.02	0	1	0.00697433
0.683333	0.02	0	1	0.00687649
0.683333	0.06	0	1	0.00678798
0.683333	0.1	0	1	0.00671814
0.683333	0.14	0	1	0.00584788
0.683333	0.18	0	1	0.00546608
0.683333	0.22	0	1	0.00485086
0.683333	0.26	0	1	0.00425372
0.683333	0.3	0	1	0.00371206
0.683333	0.34	0	1	0.00314911
0.683333	0.38	0	1	0.00242633
0.683333	0.42	0	1	0.00207485
0.683333	0.46	0	1	0.00180086
0.683333	0.5	0	1	0.00129651
0.683333	0.54	0	1	0.00108767
0.683333	0.58	0	1	0.000817529
0.683333	0.62	0	1	0.000611303
0.683333	0.66	0	1	0.000472105
0.683333	0.7	0	1	0.000376951
0.683333	0.74	0	1	0.000275958
0.683333	0.78	0	1	0.00019755
0.683333	0.82	0	1	0.00014759
0.683333	0.86	0	1	0.000109123
0.683333	0.9	0	1	7.84267e-05
0.683333	0.94	0	1	6.02011e-05
0.683333	0.98	0	1	4.23509e-05
0.716667	-0.98	0	1	2.59707e-05
0.716667	-0.94	0	1	1.83907e-05
0.716667	-0.9	0	1	1.33617e-05
0.716667	-0.86	0	1	9.40899e-06
0.716667	-0.82	0	1	6.57538e-06
0.716667	-0.78	0	1	4.62649e-06
0.716667	-0.74	0	1	3.21218e-06
0.716667	-0.7	0	1	2.40244e-06
0.716667	-0.66	0	1	1.59759e-06
0.716667	-0.62	0	1	1.12146e-06
0.716667	-0.58	0	1	8.55588e-07
0.716667	-0.54	0	1	5.33129e-07
0.716667	-0.5	0	1	3.74333e-07
0.716667	-0.46	0	1	0.00129037
0.716667	-0.42	0	1	0.00159303
0.716667	-0.38	0	1	0.00190701
0.716667	-0.34	0	1	0.00225208
0.716667	-0.3	0	1	0.00263776
0.716667	-0.26	0	1	0.00312536
0.716667	-0.22	0	1	0.00339309
0.716667	-0.18	0	1	0.00405818
0.716667	-0.14	0	1	0.00422188
0.716667	-0.1	0	1	0.00454521
0.716667	-0.06	0	1	0.00455283
0.716667	-0.02	0	1	0.00498621
0.716667	0.02	0	1	0.00501636
0.716667	0.06	0	1	0.0048675
0.716667	0.1	0	1	0.00475224
0.716667	0.14	0	1	0.00424832
0.716667	0.18	0	1	0.00388842
0.716667	0.22	0	1	0.00371278
0.716667	0.26	0	1	0.00311895
0.716667	0.3	0	1	0.00271535
0.716667	0.34	0	1	0.00224737
0.716667	0.38	0	1	0.00194247
0.716667	0.42	0	1	0.00165792
0.716667	0.46	0	1	0.00121663
0.716667	0.5	0	1	0.000999662
0.716667	0.54	0	1	0.000810746
0.716667	0.58	0	1	0.00064965
0.716667	0.62	0	1	0.000489564
0.716667	0.66	0	1	0.000370511
0.716667	0.7	0	1	0.000296083
0.716667	0.74	0	1	0.000215949
0.716667	0.78	0	1	0.000156811
0.716667	0.82	0	1	0.000126982
0.716667	0.86	0	1	8.93263e-05
0.716667	0.9	0	1	6.56428e-05
0.716667	0.94	0	1	5.03043e-05
0.716667	0.98	0	1	3.62994e-05
0.75	-0.98	0	1	1.9831e-05
0.75	-0.94	0	1	1.51535e-05
0.75	-0.9	0	1	1.09538e-05
0.75	-0.86	0	1	7.0443e-06
0.75	-0.82	0	1	5.70436e-06
0.75	-0.78	0	1	3.65794e-06
0.75	-0.74	0	1	2.70505e-06
0.75	-0.7	0	1	1.99154e-06
0.75	-0.66	0	1	1.40372e-06
0.75	-0.62	0	1	9.53111e-07
0.75	-0.58	0	1	7.0068e-07
0.75	-0.54	0	1	4.86512e-07
0.75	-0.5	0	1	3.53561e-07
0.75	-0.46	0	1	0.000979479
0.75	-0.42	0	1	0.00116707
0.75	-0.38	0	1	0.00133768
0.75	-0.34	0	1	0.00173251
0.75	-0.3	0	1	0.00186682
0.75	-0.26	0	1	0.00215991
0.75	-0.22	0	1	0.00256544
0.75	-0.18	0	1	0.00294784
0.75	-0.14	0	1	0.00329833
0.75	-0.1	0	1	0.00341037
0.75	-0.06	0	1	0.00371981
0.75	-0.02	0	1	0.00364043
0.75	0.02	0	1	0.0035682
0.75	0.06	0	1	0.00327428
0.75	0.1	0	1	0.00327477
0.75	0.14	0	1	0.00319008
0.75	0.18	0	1	0.0027603
0.75	0.22	0	1	0.00245436
0.75	0.26	0	1	0.0023192
0.75	0.3	0	1	0.00194019
0.75	0.34	0	1	0.00173599
0.75	0.38	0	1	0.00151662
0.75	0.42	0	1	0.00123029
0.75	0.46	0	1	0.000981466
0.75	0.5	0	1	0.000785005
0.75	0.54	0	1	0.000627781
0.75	0.58	0	1	0.00049029
0.75	0.62	0	1	0.000407806
0.75	0.66	0	1	0.000291666
0.75	0.7	0	1	0.000228522
0.75	0.74	0	1	0.000172903
0.75	0.78	0	1	0.000133763
0.75	0.82	0	1	9.63766e-05
0.75	0.86	0	1	7.15185e-05
0.75	0.9	0	1	5.19971e-05
0.75	0.94	0	1	3.87692e-05
0.75	0.98	0	1	2.78275e-05
0.783333	-0.98	0	1	1.76018e-05
0.783333	-0.94	0	1	1.25144e-05
0.783333	-0.9	0	1	8.87309e-06
0.783333	-0.86	0	1	6.71753e-06
0.783333	-0.82	0	1	4.67329e-06
0.783333	-0.78	0	1	3.42311e-06
0.783333	-0.74	0	1	2.26523e-06
0.783333	-0.7	0	1	1.66446e-06
0.783333	-0.66	0	1	1.21112e-06
0.783333	-0.62	0	1	8.68209e-07
0.783333	-0.58	0	1	5.98063e-07
0.783333	-0.54	0	1	4.0743e-07
0.783333	-0.5	0	1	2.78431e-07
0.783333	-0.46	0	1	0.000770668
0.783333	-0.42	0	1	0.000889904
0.783333	-0.38	0	1	0.00111714
0.783333	-0.34	0	1	0.00125795
0.783333	-0.3	0	1	0.00147773
0.783333	-0.26	0	1	0.00167628
0.783333	-0.22	0	1	0.00188387
0.783333	-0.18	0	1	0.00208748
0.783333	-0.14	0	1	0.00241229
0.783333	-0.1	0	1	0.00247922
0.783333	-0.06	0	1	0.002424
0.783333	-0.02	0	1	0.00254631
0.783333	0.02	0	1	0.00256705
0.783333	0.06	0	1	0.00244433
0.783333	0.1	0	1	0.00245482
0.783333	0.14	0	1	0.00230201
0.783333	0.18	0	1	0.00203232
0.783333	0.22	0	1	0.00194923
0.783333	0.26	0	1	0.00175838
0.783333	0.3	0	1	0.00153755
0.783333	0.34	0	1	0.00124766
0.783333	0.38	0	1	0.00106705
0.783333	0.42	0	1	0.000851765
0.783333	0.46	0	1	0.000748265
0.783333	0.5	0	1	0.000549137
0.783333	0.54	0	1	0.000503439
0.783333	0.58	0	1	0.000368995
0.783333	0.62	0	1	0.00029542
0.783333	0.66	0	1	0.000234562
0.783333	0.7	0	1	0.000181565
0.783333	0.74	0	1	0.000132188
0.783333	0.78	0	1	0.000104021
0.783333	0.82	0	1	7.98914e-05
0.783333	0.86	0	1	5.43701e-05
0.783333	0.9	0	1	4.4059e-05
0.783333	0.94	0	1	2.96142e-05
0.783333	0.98	0	1	2.37404e-05
0.816667	-0.98	0	1	1.35766e-05
0.816667	-0.94	0	1	1.04821e-05
0.816667	-0.9	0	1	7.24908e-06
0.816667	-0.86	0	1	5.33283e-06
0.816667	-0.82	0	1	3.9224e-06
0.816667	-0.78	0	1	2.70706e-06
0.816667	-0.74	0	1	2.01775e-06
0.816667	-0.7	0	1	1.42035e-06
0.816667	-0.66	0	1	1.00274e-06
0.816667	-0.62	0	1	7.10211e-07
0.816667	-0.58	0	1	4.80434e-07
0.816667	-0.54	0	1	3.58581e-07
0.816667	-0.5	0	1	2.43053e-07
0.816667	-0.46	0	1	0.000565154
0.816667	-0.42	0	1	0.000643829
0.816667	-0.38	0	1	0.000802946
0.816667	-0.34	0	1	0.000960304
0.816667	-0.3	0	1	0.00108893
0.816667	-0.26	0	1	0.00122692
0.816667	-0.22	0	1	0.00131717
0.816667	-0.18	0	1	0.00146972
0.816667	-0.14	0	1	0.00164644
0.816667	-0.1	0	1	0.00173063
0.816667	-0.06	0	1	0.0017919
0.816667	-0.02	0	1	0.00183834
0.816667	0.02	0	1	0.00184207
0.816667	0.06	0	1	0.00176636
0.816667	0.1	0	1	0.00173414
0.816667	0.14	0	1	0.00162325
0.816667	0.18	0	1	0.00140221
0.816667	0.22	0	1	0.0013953
0.816667	0.26	0	1	0.00120697
0.816667	0.3	0	1	0.00111522
0.816667	0.34	0	1	0.000939469
0.816667	0.38	0	1	0.000815845
0.816667	0.42	0	1	0.000695227
0.816667	0.46	0	1	0.000560678
0.816667	0.5	0	1	0.000453345
0.816667	0.54	0	1	0.000379046
0.816667	0.58	0	1	0.000297065
0.816667	0.62	0	1	0.000224242
0.816667	0.66	0	1	0.000171605
0.816667	0.7	0	1	0.000132586
0.816667	0.74	0	1	0.000102209
0.816667	0.78	0	1	8.22682e-05
0.816667	0.82	0	1	6.26826e-05
0.816667	0.86	0	1	4.46331e-05
0.816667	0.9	0	1	3.37092e-05
0.816667	0.94	0	1	2.49946e-05
0.816667	0.98	0	1	1.94947e-05
0.85	-0.98	0	1	1.15371e-05
0.85	-0.94	0	1	7.66934e-06
0.85	-0.9	0	1	5.75813e-06
0.85	-0.86	0	1	4.20465e-06
0.85	-0.82	0	1	3.26176e-06
0.85	-0.78	0	1	2.14198e-06
0.85	-0.74	0	1	1.5731e-06
0.85	-0.7	0	1	1.16757e-06
0.85	-0.66	0	1	7.91828e-07
0.85	-0.62	0	1	5.80929e-07
0.85	-0.58	0	1	4.1955e-07
0.85	-0.54	0	1	3.08822e-07
0.85	-0.5	0	1	2.14448e-07
0.85	-0.46	0	1	0.000424736
0.85	-0.42	0	1	0.00050737
0.85	-0.38	0	1	0.000633615
0.85	-0.34	0	1	0.000663875
0.85	-0.3	0	1	0.000831465
0.85	-0.26	0	1	0.000923949
0.85	-0.22	0	1	0.0010116
0.85	-0.18	0	1	0.00105523
0.85	-0.14	0	1	0.00123154
0.85	-0.1	0	1	0.00123657
0.85	-0.06	0	1	0.00127581
0.85	-0.02	0	1	0.00129729
0.85	0.02	0	1	0.00136936
0.85	0.06	0	1	0.0013282
0.85	0.1	0	1	0.00128199
0.85	0.14	0	1	0.00112175
0.85	0.18	0	1	0.00105301
0.85	0.22	0	1	0.00100553
0.85	0.26	0	1	0.000880384
0.85	0.3	0	1	0.000789812
0.85	0.34	0	1	0.000663875
0.85	0.38	0	1	0.000570491
0.85	0.42	0	1	0.000495314
0.85	0.46	0	1	0.000423064
0.85	0.5	0	1	0.000344836
0.85	0.54	0	1	0.000269876
0.85	0.58	0	1	0.000220175
0.85	0.62	0	1	0.000179103
0.85	0.66	0	1	0.00012992
0.85	0.7	0	1	0.000110561
0.85	0.74	0	1	8.33621e-05
0.85	0.78	0	1	6.07666e-05
0.85	0.82	0	1	4.45345e-05
0.85	0.86	0	1	3.89409e-05
0.85	0.9	0	1	2.83748e-05
0.85	0.94	0	1	1.99126e-05
0.85	0.98	0	1	1.60458e-05
0.883333	-0.98	0	1	8.89724e-06
0.883333	-0.94	0	1	6.88125e-06
0.883333	-0.9	0	1	4.73406e-06
0.883333	-0.86	0	1	3.5372e-06
0.883333	-0.82	0	1	2.68816e-06
0.883333	-0.78	0	1	1.84555e-06
0.883333	-0.74	0	1	1.32148e-06
0.883333	-0.7	0	1	9.84259e-07
0.883333	-0.66	0	1	7.05894e-07
0.883333	-0.62	0	1	4.8353e-07
0.883333	-0.58	0	1	3.72823e-07
0.883333	-0.54	0	1	2.41569e-07
0.883333	-0.5	0	1	1.70257e-07
0.883333	-0.46	0	1	0.000288441
0.883333	-0.42	0	1	0.000380443
0.883333	-0.38	0	1	0.000438967
0.883333	-0.34	0	1	0.000517562
0.883333	-0.3	0	1	0.000571954
0.883333	-0.26	0	1	0.000614975
0.883333	-0.22	0	1	0.000678472
0.883333	-0.18	0	1	0.000782632
0.883333	-0.14	0	1	0.000836922
0.883333	-0.1	0	1	0.000923027
0.883333	-0.06	0	1	0.000894833
0.883333	-0.02	0	1	0.000978134
0.883333	0.02	0	1	0.000978134
0.883333	0.06	0	1	0.000874154
0.883333	0.1	0	1	0.000875879
0.883333	0.14	0	1	0.000860982
0.883333	0.18	0	1	0.000760226
0.883333	0.22	0	1	0.000738552
0.883333	0.26	0	1	0.000634771
0.883333	0.3	0	1	0.000594177
0.883333	0.34	0	1	0.000481833
0.883333	0.38	0	1	0.000437211
0.883333	0.42	0	1	0.000357363
0.883333	0.46	0	1	0.000305884
0.883333	0.5	0	1	0.000265607
0.883333	0.54	0	1	0.000191636
0.883333	0.58	0	1	0.00017133
0.883333	0.62	0	1	0.000136585
0.883333	0.66	0	1	0.000101592
0.883333	0.7	0	1	8.61513e-05
0.883333	0.74	0	1	6.40466e-05
0.883333	0.78	0	1	4.69303e-05
0.883333	0.82	0	1	3.69562e-05
0.883333	0.86	0	1	2.94536e-05
0.883333	0.9	0	1	2.08906e-05
0.883333	0.94	0	1	1.54573e-05
0.883333	0.98	0	1	1.2572e-05
0.916667	-0.98	0	1	7.55966e-06
0.916667	-0.94	0	1	5.20001e-06
0.916667	-0.9	0	1	3.93685e-06
0.916667	-0.86	0	1	2.76018e-06
0.916667	-0.82	0	1	2.06372e-06
0.916667	-0.78	0	1	1.55464e-06
0.916667	-0.74	0	1	1.13381e-06
0.916667	-0.7	0	1	8.30446e-07
0.916667	-0.66	0	1	5.62729e-07
0.916667	-0.62	0	1	4.29122e-07
0.916667	-0.58	0	1	3.02261e-07
0.916667	-0.54	0	1	2.2214e-07
0.916667	-0.5	0	1	1.44649e-07
0.916667	-0.46	0	1	0.000223196
0.916667	-0.42	0	1	0.000270852
0.916667	-0.38	0	1	0.000317804
0.916667	-0.34	0	1	0.000361069
0.916667	-0.3	0	1	0.000411048
0.916667	-0.26	0	1	0.000454276
0.916667	-0.22	0	1	0.000490989
0.916667	-0.18	0	1	0.000547336
0.916667	-0.14	0	1	0.000636961
0.916667	-0.1	0	1	0.000648713
0.916667	-0.06	0	1	0.000729628
0.916667	-0.02	0	1	0.000679315
0.916667	0.02	0	1	0.000713624
0.916667	0.06	0	1	0.000690517
0.916667	0.1	0	1	0.000659134
0.916667	0.14	0	1	0.000577594
0.916667	0.18	0	1	0.00054849
0.916667	0.22	0	1	0.000529165
0.916667	0.26	0	1	0.000527113
0.916667	0.3	0	1	0.000388875
0.916667	0.34	0	1	0.000366302
0.916667	0.38	0	1	0.000333306
0.916667	0.42	0	1	0.000276907
0.916667	0.46	0	1	0.000222733
0.916667	0.5	0	1	0.000197725
0.916667	0.54	0	1	0.000152219
0.916667	0.58	0	1	0.000130244
0.916667	0.62	0	1	0.000105247
0.916667	0.66	0	1	8.30571e-05
0.916667	0.7	0	1	6.50616e-05
0.916667	0.74	0	1	5.22325e-05
0.916667	0.78	0	1	3.72625e-05
0.916667	0.82	0	1	2.93065e-05
0.916667	0.86	0	1	2.20923e-05
0.916667	0.9	0	1	1.66432e-05
0.916667	0.94	0	1	1.27985e-05
0.916667	0.98	0	1	9.05447e-06
0.95	-0.98	0	1	5.74511e-06
0.95	-0.94	0	1	4.33678e-06
0.95	-0.9	0	1	3.39157e-06
0.95	-0.86	0	1	2.36736e-06
0.95	-0.82	0	1	1.70601e-06
0.95	-0.78	0	1	1.24422e-06
0.95	-0.74	0	1	8.72469e-07
0.95	-0.7	0	1	6.99821e-07
0.95	-0.66	0	1	4.90312e-07
0.95	-0.62	0	1	3.3997e-07
0.95	-0.58	0	1	2.38156e-07
0.95	-0.54	0	1	1.88147e-07
0.95	-0.5	0	1	1.21294e-07
0.95	-0.46	0	1	0.00017309
0.95	-0.42	0	1	0.000202728
0.95	-0.38	0	1	0.000234377
0.95	-0.34	0	1	0.00026075
0.95	-0.3	0	1	0.000325425
0.95	-0.26	0	1	0.000356706
0.95	-0.22	0	1	0.000389556
0.95	-0.18	0	1	0.000418821
0.95	-0.14	0	1	0.000439551
0.95	-0.1	0	1	0.000453703
0.95	-0.06	0	1	0.000464336
0.95	-0.02	0	1	0.000488931
0.95	0.02	0	1	0.000485979
0.95	0.06	0	1	0.00048852
0.95	0.1	0	1	0.000466799
0.95	0.14	0	1	0.000434212
0.95	0.18	0	1	0.000416323
0.95	0.22	0	1	0.000372685
0.95	0.26	0	1	0.000333065
0.95	0.3	0	1	0.000301205
0.95	0.34	0	1	0.000279883
0.95	0.38	0	1	0.00024434
0.95	0.42	0	1	0.000201509
0.95	0.46	0	1	0.000168969
0.95	0.5	0	1	0.000144819
0.95	0.54	0	1	0.000117865
0.95	0.58	0	1	9.4466e-05
0.95	0.62	0	1	7.64582e-05
0.95	0.66	0	1	6.48924e-05
0.95	0.7	0	1	4.96367e-05
0.95	0.74	0	1	3.73537e-05
0.95	0.78	0	1	3.07289e-05
0.95	0.82	0	1	2.24409e-05
0.95	0.86	0	1	1.79712e-05
0.95	0.9	0	1	1.29015e-05
0.95	0.94	0	1	9.80927e-06
0.95	0.98	0	1	7.74007e-06
0.983333	-0.98	0	1	4.77181e-06
0.983333	-0.94	0	1	3.45744e-06
0.983333	-0.9	0	1	2.43305e-06
0.983333	-0.86	0	1	1.85866e-06
0.983333	-0.82	0	1	1.42055e-06
0.983333	-0.78	0	1	1.00951e-06
0.983333	-0.74	0	1	7.30363e-07
0.983333	-0.7	0	1	5.57116e-07
0.983333	-0.66	0	1	3.90685e-07
0.983333	-0.62	0	1	2.75028e-07
0.983333	-0.58	0	1	2.13634e-07
0.983333	-0.54	0	1	1.48459e-07
0.983333	-0.5	0	1	1.0832e-07
0.983333	-0.46	0	1	0.000123283
0.983333	-0.42	0	1	0.000148445
0.983333	-0.38	0	1	0.000175017
0.983333	-0.34	0	1	0.000190823
0.983333	-0.3	0	1	0.000216856
0.983333	-0.26	0	1	0.00023388
0.983333	-0.22	0	1	0.000273756
0.983333	-0.18	0	1	0.000304859
0.983333	-0.14	0	1	0.000329549
0.983333	-0.1	0	1	0.000323061
0.983333	-0.06	0	1	0.000330927
0.983333	-0.02	0	1	0.000332821
0.983333	0.02	0	1	0.000377949
0.983333	0.06	0	1	0.000353128
0.983333	0.1	0	1	0.000327763
0.983333	0.14	0	1	0.00032379
0.983333	0.18	0	1	0.00030786
0.983333	0.22	0	1	0.000270431
0.983333	0.26	0	1	0.000245473
0.983333	0.3	0	1	0.00022047
0.983333	0.34	0	1	0.000192021
0.983333	0.38	0	1	0.000172929
0.983333	0.42	0	1	0.000149044
0.983333	0.46	0	1	0.000122774
0.983333	0.5	0	1	0.000107288
0.983333	0.54	0	1	9.11186e-05
0.983333	0.58	0	1	7.49039e-05
0.983333	0.62	0	1	5.9405e-05
0.983333	0.66	0	1	4.70037e-05
0.983333	0.7	0	1	3.5478e-05
0.983333	0.74	0	1	2.83102e-05
0.983333	0.78	0	1	2.34279e-05
0.983333	0.82	0	1	1.82744e-05
0.983333	0.86	0	1	1.36741e-05
0.983333	0.9	0	1	1.04085e-05
0.983333	0.94	0	1	7.67537e-06
0.983333	0.98	0	1	5.98921e-06
