-0.983333	-0.98	0	0.8	9.704e-07
-0.983333	-0.94	0	0.8	7.69429e-07
-0.983333	-0.9	0	0.8	5.48368e-07
-0.983333	-0.86	0	0.8	4.09002e-07
-0.983333	-0.82	0	0.8	3.14813e-07
-0.983333	-0.78	0	0.8	2.35691e-07
-0.983333	-0.74	0	0.8	1.73938e-07
-0.983333	-0.7	0	0.8	1.20851e-07
-0.983333	-0.66	0	0.8	9.08187e-08
-0.983333	-0.62	0	0.8	6.3174e-08
-0.983333	-0.58	0	0.8	4.07314e-05
-0.983333	-0.54	0	0.8	4.37971e-05
-0.983333	-0.5	0	0.8	5.49765e-05
-0.983333	-0.46	0	0.8	6.12661e-05
-0.983333	-0.42	0	0.8	6.56249e-05
-0.983333	-0.38	0	0.8	7.66242e-05
-0.983333	-0.34	0	0.8	7.97099e-05
-0.983333	-0.3	0	0.8	8.62717e-05
-0.983333	-0.26	0	0.8	9.59304e-05
-0.983333	-0.22	0	0.8	9.92504e-05
-0.983333	-0.18	0	0.8	0.000100862
-0.983333	-0.14	0	0.8	0.000105455
-0.983333	-0.1	0	0.8	0.000107703
-0.983333	-0.06	0	0.8	0.00010564
-0.983333	-0.02	0	0.8	9.90515e-05
-0.983333	0.02	0	0.8	9.26104e-05
-0.983333	0.06	0	0.8	9.3769e-05
-0.983333	0.1	0	0.8	8.72077e-05
-0.983333	0.14	0	0.8	7.97099e-05
-0.983333	0.18	0	0.8	6.95025e-05
-0.983333	0.22	0	0.8	6.72893e-05
-0.983333	0.26	0	0.8	5.83033e-05
-0.983333	0.3	0	0.8	5.17207e-05
-0.983333	0.34	0	0.8	4.66253e-05
-0.983333	0.38	0	0.8	3.98988e-05
-0.983333	0.42	0	0.8	3.27632e-05
-0.983333	0.46	0	0.8	2.86664e-05
-0.983333	0.5	0	0.8	2.4005e-05
-0.983333	0.54	0	0.8	1.87857e-05
-0.983333	0.58	0	0.8	1.58246e-05
-0.983333	0.62	0	0.8	1.26171e-05
-0.983333	0.66	0	0.8	9.82897e-06
-0.983333	0.7	0	0.8	8.17359e-06
-0.983333	0.74	0	0.8	6.93467e-06
-0.983333	0.78	0	0.8	5.09781e-06
-0.983333	0.82	0	0.8	4.08289e-06
-0.983333	0.86	0	0.8	3.1027e-06
-0.983333	0.9	0	0.8	2.30579e-06
-0.983333	0.94	0	0.8	1.74818e-06
-0.983333	0.98	0	0.8	1.35335e-06
-0.95	-0.98	0	0.8	8.41566e-07
-0.95	-0.94	0	0.8	6.16976e-07
-0.95	-0.9	0	0.8	4.38582e-07
-0.95	-0.86	0	0.8	3.24847e-07
-0.95	-0.82	0	0.8	2.51069e-07
-0.95	-0.78	0	0.8	1.8936e-07
-0.95	-0.74	0	0.8	1.33234e-07
-0.95	-0.7	0	0.8	1.0227e-07
-0.95	-0.66	0	0.8	7.19382e-08
-0.95	-0.62	0	0.8	5.27317e-08
-0.95	-0.58	0	0.8	2.89455e-05
-0.95	-0.54	0	0.8	3.37583e-05
-0.95	-0.5	0	0.8	3.73639e-05
-0.95	-0.46	0	0.8	4.59788e-05
-0.95	-0.42	0	0.8	4.90838e-05
-0.95	-0.38	0	0.8	5.68738e-05
-0.95	-0.34	0	0.8	5.81567e-05
-0.95	-0.3	0	0.8	6.26951e-05
-0.95	-0.26	0	0.8	6.88459e-05
-0.95	-0.22	0	0.8	6.9495e-05
-0.95	-0.18	0	0.8	7.42822e-05
-0.95	-0.14	0	0.8	7.63765e-05
-0.95	-0.1	0	0.8	7.66424e-05
-0.95	-0.06	0	0.8	7.81003e-05
-0.95	-0.02	0	0.8	7.29836e-05
-0.95	0.02	0	0.8	7.28819e-05
-0.95	0.06	0	0.8	6.9085e-05
-0.95	0.1	0	0.8	6.01109e-05
-0.95	0.14	0	0.8	5.71145e-05
-0.95	0.18	0	0.8	5.28659e-05
-0.95	0.22	0	0.8	5.02914e-05
-0.95	0.26	0	0.8	4.38223e-05
-0.95	0.3	0	0.8	3.75677e-05
-0.95	0.34	0	0.8	3.29883e-05
-0.95	0.38	0	0.8	2.8435e-05
-0.95	0.42	0	0.8	2.45048e-05
-0.95	0.46	0	0.8	2.11881e-05
-0.95	0.5	0	0.8	1.65306e-05
-0.95	0.54	0	0.8	1.44085e-05
-0.95	0.58	0	0.8	1.15996e-05
-0.95	0.62	0	0.8	9.53985e-06
-0.95	0.66	0	0.8	7.79207e-06
-0.95	0.7	0	0.8	6.25773e-06
-0.95	0.74	0	0.8	4.75429e-06
-0.95	0.78	0	0.8	3.95849e-06
-0.95	0.82	0	0.8	3.09366e-06
-0.95	0.86	0	0.8	2.33189e-06
-0.95	0.9	0	0.8	1.86249e-06
-0.95	0.94	0	0.8	1.27504e-06
-0.95	0.98	0	0.8	1.0632e-06
-0.916667	-0.98	0	0.8	6.20756e-07
-0.916667	-0.94	0	0.8	4.66974e-07
-0.916667	-0.9	0	0.8	3.69772e-07
-0.916667	-0.86	0	0.8	2.49975e-07
-0.916667	-0.82	0	0.8	2.05891e-07
-0.916667	-0.78	0	0.8	1.46052e-07
-0.916667	-0.74	0	0.8	1.0939e-07
-0.916667	-0.7	0	0.8	8.2762e-08
-0.916667	-0.66	0	0.8	5.94883e-08
-0.916667	-0.62	0	0.8	4.65524e-08
-0.916667	-0.58	0	0.8	2.28802e-05
-0.916667	-0.54	0	0.8	2.57975e-05
-0.916667	-0.5	0	0.8	2.80031e-05
-0.916667	-0.46	0	0.8	3.15895e-05
-0.916667	-0.42	0	0.8	3.47153e-05
-0.916667	-0.38	0	0.8	4.05777e-05
-0.916667	-0.34	0	0.8	4.1507e-05
-0.916667	-0.3	0	0.8	4.5221e-05
-0.916667	-0.26	0	0.8	4.96564e-05
-0.916667	-0.22	0	0.8	5.27656e-05
-0.916667	-0.18	0	0.8	5.42002e-05
-0.916667	-0.14	0	0.8	5.42636e-05
-0.916667	-0.1	0	0.8	5.47273e-05
-0.916667	-0.06	0	0.8	5.20779e-05
-0.916667	-0.02	0	0.8	5.31758e-05
-0.916667	0.02	0	0.8	5.1685e-05
-0.916667	0.06	0	0.8	4.89691e-05
-0.916667	0.1	0	0.8	4.73243e-05
-0.916667	0.14	0	0.8	4.06799e-05
-0.916667	0.18	0	0.8	3.83694e-05
-0.916667	0.22	0	0.8	3.59037e-05
-0.916667	0.26	0	0.8	3.17015e-05
-0.916667	0.3	0	0.8	2.76562e-05
-0.916667	0.34	0	0.8	2.50171e-05
-0.916667	0.38	0	0.8	2.08172e-05
-0.916667	0.42	0	0.8	1.88756e-05
-0.916667	0.46	0	0.8	1.51178e-05
-0.916667	0.5	0	0.8	1.32478e-05
-0.916667	0.54	0	0.8	1.06247e-05
-0.916667	0.58	0	0.8	9.1959e-06
-0.916667	0.62	0	0.8	7.50164e-06
-0.916667	0.66	0	0.8	5.93444e-06
-0.916667	0.7	0	0.8	4.88571e-06
-0.916667	0.74	0	0.8	3.6735e-06
-0.916667	0.78	0	0.8	2.98686e-06
-0.916667	0.82	0	0.8	2.32008e-06
-0.916667	0.86	0	0.8	1.85676e-06
-0.916667	0.9	0	0.8	1.45344e-06
-0.916667	0.94	0	0.8	1.06627e-06
-0.916667	0.98	0	0.8	7.91817e-07
-0.883333	-0.98	0	0.8	4.97785e-07
-0.883333	-0.94	0	0.8	3.701e-07
-0.883333	-0.9	0	0.8	2.75649e-07
-0.883333	-0.86	0	0.8	2.14809e-07
-0.883333	-0.82	0	0.8	1.51787e-07
-0.883333	-0.78	0	0.8	1.17138e-07
-0.883333	-0.74	0	0.8	8.52337e-08
-0.883333	-0.7	0	0.8	6.91761e-08
-0.883333	-0.66	0	0.8	4.99417e-08
-0.883333	-0.62	0	0.8	3.58473e-08
-0.883333	-0.58	0	0.8	1.56891e-05
-0.883333	-0.54	0	0.8	1.74387e-05
-0.883333	-0.5	0	0.8	2.06645e-05
-0.883333	-0.46	0	0.8	2.39732e-05
-0.883333	-0.42	0	0.8	2.52925e-05
-0.883333	-0.38	0	0.8	2.8632e-05
-0.883333	-0.34	0	0.8	3.11821e-05
-0.883333	-0.3	0	0.8	3.23756e-05
-0.883333	-0.26	0	0.8	3.38949e-05
-0.883333	-0.22	0	0.8	3.5222e-05
-0.883333	-0.18	0	0.8	3.71295e-05
-0.883333	-0.14	0	0.8	3.61654e-05
-0.883333	-0.1	0	0.8	3.90777e-05
-0.883333	-0.06	0	0.8	3.84811e-05
-0.883333	-0.02	0	0.8	3.92665e-05
-0.883333	0.02	0	0.8	3.68376e-05
-0.883333	0.06	0	0.8	3.61175e-05
-0.883333	0.1	0	0.8	3.29579e-05
-0.883333	0.14	0	0.8	3.1399e-05
-0.883333	0.18	0	0.8	2.76843e-05
-0.883333	0.22	0	0.8	2.7015e-05
-0.883333	0.26	0	0.8	2.24673e-05
-0.883333	0.3	0	0.8	2.09535e-05
-0.883333	0.34	0	0.8	1.81679e-05
-0.883333	0.38	0	0.8	1.57442e-05
-0.883333	0.42	0	0.8	1.33818e-05
-0.883333	0.46	0	0.8	1.14379e-05
-0.883333	0.5	0	0.8	9.79868e-06
-0.883333	0.54	0	0.8	8.25617e-06
-0.883333	0.58	0	0.8	6.43779e-06
-0.883333	0.62	0	0.8	5.61759e-06
-0.883333	0.66	0	0.8	4.32278e-06
-0.883333	0.7	0	0.8	3.57729e-06
-0.883333	0.74	0	0.8	2.77067e-06
-0.883333	0.78	0	0.8	2.33447e-06
-0.883333	0.82	0	0.8	1.78082e-06
-0.883333	0.86	0	0.8	1.39204e-06
-0.883333	0.9	0	0.8	1.08124e-06
-0.883333	0.94	0	0.8	8.19997e-07
-0.883333	0.98	0	0.8	6.54341e-07
-0.85	-0.98	0	0.8	3.92998e-07
-0.85	-0.94	0	0.8	2.90833e-07
-0.85	-0.9	0	0.8	2.18251e-07
-0.85	-0.86	0	0.8	1.6773e-07
-0.85	-0.82	0	0.8	1.23132e-07
-0.85	-0.78	0	0.8	1.00512e-07
-0.85	-0.74	0	0.8	7.05139e-08
-0.85	-0.7	0	0.8	5.13993e-08
-0.85	-0.66	0	0.8	4.04133e-08
-0.85	-0.62	0	0.8	2.86026e-08
-0.85	-0.58	0	0.8	1.14192e-05
-0.85	-0.54	0	0.8	1.30875e-05
-0.85	-0.5	0	0.8	1.40762e-05
-0.85	-0.46	0	0.8	1.74087e-05
-0.85	-0.42	0	0.8	1.97294e-05
-0.85	-0.38	0	0.8	1.99296e-05
-0.85	-0.34	0	0.8	2.08779e-05
-0.85	-0.3	0	0.8	2.39689e-05
-0.85	-0.26	0	0.8	2.54636e-05
-0.85	-0.22	0	0.8	2.57414e-05
-0.85	-0.18	0	0.8	2.85389e-05
-0.85	-0.14	0	0.8	2.70901e-05
-0.85	-0.1	0	0.8	2.80991e-05
-0.85	-0.06	0	0.8	2.69925e-05
-0.85	-0.02	0	0.8	2.75333e-05
-0.85	0.02	0	0.8	2.67618e-05
-0.85	0.06	0	0.8	2.51974e-05
-0.85	0.1	0	0.8	2.33822e-05
-0.85	0.14	0	0.8	2.28327e-05
-0.85	0.18	0	0.8	2.01819e-05
-0.85	0.22	0	0.8	1.92041e-05
-0.85	0.26	0	0.8	1.6522e-05
-0.85	0.3	0	0.8	1.45498e-05
-0.85	0.34	0	0.8	1.33655e-05
-0.85	0.38	0	0.8	1.14192e-05
-0.85	0.42	0	0.8	1.00517e-05
-0.85	0.46	0	0.8	8.08764e-06
-0.85	0.5	0	0.8	6.9976e-06
-0.85	0.54	0	0.8	6.15219e-06
-0.85	0.58	0	0.8	5.0432e-06
-0.85	0.62	0	0.8	4.19094e-06
-0.85	0.66	0	0.8	3.41839e-06
-0.85	0.7	0	0.8	2.77081e-06
-0.85	0.74	0	0.8	2.18322e-06
-0.85	0.78	0	0.8	1.75246e-06
-0.85	0.82	0	0.8	1.36088e-06
-0.85	0.86	0	0.8	1.0682e-06
-0.85	0.9	0	0.8	8.46371e-07
-0.85	0.94	0	0.8	6.69834e-07
-0.85	0.98	0	0.8	4.97737e-07
-0.816667	-0.98	0	0.8	3.01405e-07
-0.816667	-0.94	0	0.8	2.33925e-07
-0.816667	-0.9	0	0.8	1.79987e-07
-0.816667	-0.86	0	0.8	1.34523e-07
-0.816667	-0.82	0	0.8	1.04127e-07
-0.816667	-0.78	0	0.8	7.96641e-08
-0.816667	-0.74	0	0.8	5.45872e-08
-0.816667	-0.7	0	0.8	4.21417e-08
-0.816667	-0.66	0	0.8	3.23722e-08
-0.816667	-0.62	0	0.8	2.28243e-08
-0.816667	-0.58	0	0.8	8.25781e-06
-0.816667	-0.54	0	0.8	1.03132e-05
-0.816667	-0.5	0	0.8	1.08178e-05
-0.816667	-0.46	0	0.8	1.25476e-05
-0.816667	-0.42	0	0.8	1.2998e-05
-0.816667	-0.38	0	0.8	1.50697e-05
-0.816667	-0.34	0	0.8	1.62589e-05
-0.816667	-0.3	0	0.8	1.625e-05
-0.816667	-0.26	0	0.8	1.70189e-05
-0.816667	-0.22	0	0.8	1.85055e-05
-0.816667	-0.18	0	0.8	2.09092e-05
-0.816667	-0.14	0	0.8	1.98342e-05
-0.816667	-0.1	0	0.8	1.99934e-05
-0.816667	-0.06	0	0.8	1.92395e-05
-0.816667	-0.02	0	0.8	1.87805e-05
-0.816667	0.02	0	0.8	1.83391e-05
-0.816667	0.06	0	0.8	1.82299e-05
-0.816667	0.1	0	0.8	1.71243e-05
-0.816667	0.14	0	0.8	1.60335e-05
-0.816667	0.18	0	0.8	1.50437e-05
-0.816667	0.22	0	0.8	1.39485e-05
-0.816667	0.26	0	0.8	1.21615e-05
-0.816667	0.3	0	0.8	1.06454e-05
-0.816667	0.34	0	0.8	9.50164e-06
-0.816667	0.38	0	0.8	8.1544e-06
-0.816667	0.42	0	0.8	7.62727e-06
-0.816667	0.46	0	0.8	6.26875e-06
-0.816667	0.5	0	0.8	5.36311e-06
-0.816667	0.54	0	0.8	4.3897e-06
-0.816667	0.58	0	0.8	3.64289e-06
-0.816667	0.62	0	0.8	3.01329e-06
-0.816667	0.66	0	0.8	2.551e-06
-0.816667	0.7	0	0.8	2.04038e-06
-0.816667	0.74	0	0.8	1.67382e-06
-0.816667	0.78	0	0.8	1.30057e-06
-0.816667	0.82	0	0.8	1.02272e-06
-0.816667	0.86	0	0.8	8.04552e-07
-0.816667	0.9	0	0.8	6.45873e-07
-0.816667	0.94	0	0.8	5.26543e-07
-0.816667	0.98	0	0.8	3.97184e-07
-0.783333	-0.98	0	0.8	2.32501e-07
-0.783333	-0.94	0	0.8	1.77683e-07
-0.783333	-0.9	0	0.8	1.38712e-07
-0.783333	-0.86	0	0.8	1.03484e-07
-0.783333	-0.82	0	0.8	7.65266e-08
-0.783333	-0.78	0	0.8	5.90434e-08
-0.783333	-0.74	0	0.8	4.55768e-08
-0.783333	-0.7	0	0.8	3.29964e-08
-0.783333	-0.66	0	0.8	2.61576e-08
-0.783333	-0.62	0	0.8	1.8712e-08
-0.783333	-0.58	0	0.8	6.21327e-06
-0.783333	-0.54	0	0.8	7.13872e-06
-0.783333	-0.5	0	0.8	8.00565e-06
-0.783333	-0.46	0	0.8	8.89795e-06
-0.783333	-0.42	0	0.8	9.74778e-06
-0.783333	-0.38	0	0.8	1.08978e-05
-0.783333	-0.34	0	0.8	1.18569e-05
-0.783333	-0.3	0	0.8	1.24263e-05
-0.783333	-0.26	0	0.8	1.3118e-05
-0.783333	-0.22	0	0.8	1.38757e-05
-0.783333	-0.18	0	0.8	1.44501e-05
-0.783333	-0.14	0	0.8	1.43145e-05
-0.783333	-0.1	0	0.8	1.40486e-05
-0.783333	-0.06	0	0.8	1.42894e-05
-0.783333	-0.02	0	0.8	1.39577e-05
-0.783333	0.02	0	0.8	1.37085e-05
-0.783333	0.06	0	0.8	1.26143e-05
-0.783333	0.1	0	0.8	1.2101e-05
-0.783333	0.14	0	0.8	1.18366e-05
-0.783333	0.18	0	0.8	1.06911e-05
-0.783333	0.22	0	0.8	9.52429e-06
-0.783333	0.26	0	0.8	8.88239e-06
-0.783333	0.3	0	0.8	8.04742e-06
-0.783333	0.34	0	0.8	6.86747e-06
-0.783333	0.38	0	0.8	6.40777e-06
-0.783333	0.42	0	0.8	5.53144e-06
-0.783333	0.46	0	0.8	4.75255e-06
-0.783333	0.5	0	0.8	4.08599e-06
-0.783333	0.54	0	0.8	3.41694e-06
-0.783333	0.58	0	0.8	2.76926e-06
-0.783333	0.62	0	0.8	2.38333e-06
-0.783333	0.66	0	0.8	1.90651e-06
-0.783333	0.7	0	0.8	1.56028e-06
-0.783333	0.74	0	0.8	1.22161e-06
-0.783333	0.78	0	0.8	8.83803e-07
-0.783333	0.82	0	0.8	7.84672e-07
-0.783333	0.86	0	0.8	6.13113e-07
-0.783333	0.9	0	0.8	5.09833e-07
-0.783333	0.94	0	0.8	3.72508e-07
-0.783333	0.98	0	0.8	2.99408e-07
-0.75	-0.98	0	0.8	1.82351e-07
-0.75	-0.94	0	0.8	1.38911e-07
-0.75	-0.9	0	0.8	1.03178e-07
-0.75	-0.86	0	0.8	8.06383e-08
-0.75	-0.82	0	0.8	6.43428e-08
-0.75	-0.78	0	0.8	4.7256e-08
-0.75	-0.74	0	0.8	3.43964e-08
-0.75	-0.7	0	0.8	2.61256e-08
-0.75	-0.66	0	0.8	2.07508e-08
-0.75	-0.62	0	0.8	1.51017e-08
-0.75	-0.58	0	0.8	4.55641e-06
-0.75	-0.54	0	0.8	5.01309e-06
-0.75	-0.5	0	0.8	5.6759e-06
-0.75	-0.46	0	0.8	6.7653e-06
-0.75	-0.42	0	0.8	6.90003e-06
-0.75	-0.38	0	0.8	7.66102e-06
-0.75	-0.34	0	0.8	8.30684e-06
-0.75	-0.3	0	0.8	8.85877e-06
-0.75	-0.26	0	0.8	9.09299e-06
-0.75	-0.22	0	0.8	1.01443e-05
-0.75	-0.18	0	0.8	1.03249e-05
-0.75	-0.14	0	0.8	1.02943e-05
-0.75	-0.1	0	0.8	1.04097e-05
-0.75	-0.06	0	0.8	1.04021e-05
-0.75	-0.02	0	0.8	1.00602e-05
-0.75	0.02	0	0.8	9.45883e-06
-0.75	0.06	0	0.8	9.50406e-06
-0.75	0.1	0	0.8	8.46886e-06
-0.75	0.14	0	0.8	8.33609e-06
-0.75	0.18	0	0.8	7.75594e-06
-0.75	0.22	0	0.8	6.68867e-06
-0.75	0.26	0	0.8	6.39321e-06
-0.75	0.3	0	0.8	6.05024e-06
-0.75	0.34	0	0.8	5.11191e-06
-0.75	0.38	0	0.8	4.66697e-06
-0.75	0.42	0	0.8	3.73179e-06
-0.75	0.46	0	0.8	3.61357e-06
-0.75	0.5	0	0.8	2.81769e-06
-0.75	0.54	0	0.8	2.53862e-06
-0.75	0.58	0	0.8	1.92493e-06
-0.75	0.62	0	0.8	1.66995e-06
-0.75	0.66	0	0.8	1.35568e-06
-0.75	0.7	0	0.8	1.14212e-06
-0.75	0.74	0	0.8	9.60754e-07
-0.75	0.78	0	0.8	7.08842e-07
-0.75	0.82	0	0.8	6.15467e-07
-0.75	0.86	0	0.8	5.05731e-07
-0.75	0.9	0	0.8	3.65842e-07
-0.75	0.94	0	0.8	2.94265e-07
-0.75	0.98	0	0.8	2.29041e-07
-0.716667	-0.98	0	0.8	1.49993e-07
-0.716667	-0.94	0	0.8	1.07548e-07
-0.716667	-0.9	0	0.8	8.76586e-08
-0.716667	-0.86	0	0.8	6.2886e-08
-0.716667	-0.82	0	0.8	4.82096e-08
-0.716667	-0.78	0	0.8	3.67892e-08
-0.716667	-0.74	0	0.8	2.79511e-08
-0.716667	-0.7	0	0.8	2.08482e-08
-0.716667	-0.66	0	0.8	1.68328e-08
-0.716667	-0.62	0	0.8	1.15416e-08
-0.716667	-0.58	0	0.8	3.33266e-06
-0.716667	-0.54	0	0.8	3.74825e-06
-0.716667	-0.5	0	0.8	4.27622e-06
-0.716667	-0.46	0	0.8	4.66428e-06
-0.716667	-0.42	0	0.8	4.86188e-06
-0.716667	-0.38	0	0.8	5.63435e-06
-0.716667	-0.34	0	0.8	6.12956e-06
-0.716667	-0.3	0	0.8	6.52696e-06
-0.716667	-0.26	0	0.8	6.51838e-06
-0.716667	-0.22	0	0.8	7.20424e-06
-0.716667	-0.18	0	0.8	7.46563e-06
-0.716667	-0.14	0	0.8	7.42877e-06
-0.716667	-0.1	0	0.8	7.42005e-06
-0.716667	-0.06	0	0.8	7.1584e-06
-0.716667	-0.02	0	0.8	7.07336e-06
-0.716667	0.02	0	0.8	6.93377e-06
-0.716667	0.06	0	0.8	6.84902e-06
-0.716667	0.1	0	0.8	6.1008e-06
-0.716667	0.14	0	0.8	5.88733e-06
-0.716667	0.18	0	0.8	5.53653e-06
-0.716667	0.22	0	0.8	5.13149e-06
-0.716667	0.26	0	0.8	4.78681e-06
-0.716667	0.3	0	0.8	3.93089e-06
-0.716667	0.34	0	0.8	3.66321e-06
-0.716667	0.38	0	0.8	3.17122e-06
-0.716667	0.42	0	0.8	2.94928e-06
-0.716667	0.46	0	0.8	2.49784e-06
-0.716667	0.5	0	0.8	2.11756e-06
-0.716667	0.54	0	0.8	1.75686e-06
-0.716667	0.58	0	0.8	1.52153e-06
-0.716667	0.62	0	0.8	1.2301e-06
-0.716667	0.66	0	0.8	1.05728e-06
-0.716667	0.7	0	0.8	8.23304e-07
-0.716667	0.74	0	0.8	7.1707e-07
-0.716667	0.78	0	0.8	5.60576e-07
-0.716667	0.82	0	0.8	4.467e-07
-0.716667	0.86	0	0.8	3.68959e-07
-0.716667	0.9	0	0.8	2.89738e-07
-0.716667	0.94	0	0.8	2.28113e-07
-0.716667	0.98	0	0.8	1.82001e-07
-0.683333	-0.98	0	0.8	1.02184e-07
-0.683333	-0.94	0	0.8	8.30547e-08
-0.683333	-0.9	0	0.8	6.90846e-08
-0.683333	-0.86	0	0.8	5.1282e-08
-0.683333	-0.82	0	0.8	3.91768e-08
-0.683333	-0.78	0	0.8	2.7685e-08
-0.683333	-0.74	0	0.8	2.19291e-08
-0.683333	-0.7	0	0.8	1.70313e-08
-0.683333	-0.66	0	0.8	1.22753e-08
-0.683333	-0.62	0	0.8	9.76291e-09
-0.683333	-0.58	0	0.8	2.35987e-06
-0.683333	-0.54	0	0.8	2.78913e-06
-0.683333	-0.5	0	0.8	2.94363e-06
-0.683333	-0.46	0	0.8	3.38923e-06
-0.683333	-0.42	0	0.8	3.65588e-06
-0.683333	-0.38	0	0.8	4.04225e-06
-0.683333	-0.34	0	0.8	4.24632e-06
-0.683333	-0.3	0	0.8	4.53123e-06
-0.683333	-0.26	0	0.8	4.81639e-06
-0.683333	-0.22	0	0.8	5.07135e-06
-0.683333	-0.18	0	0.8	5.2162e-06
-0.683333	-0.14	0	0.8	5.10225e-06
-0.683333	-0.1	0	0.8	5.09402e-06
-0.683333	-0.06	0	0.8	5.10225e-06
-0.683333	-0.02	0	0.8	5.10734e-06
-0.683333	0.02	0	0.8	5.25657e-06
-0.683333	0.06	0	0.8	4.65528e-06
-0.683333	0.1	0	0.8	4.44254e-06
-0.683333	0.14	0	0.8	4.18566e-06
-0.683333	0.18	0	0.8	4.33854e-06
-0.683333	0.22	0	0.8	3.81172e-06
-0.683333	0.26	0	0.8	3.15263e-06
-0.683333	0.3	0	0.8	3.1516e-06
-0.683333	0.34	0	0.8	2.71773e-06
-0.683333	0.38	0	0.8	2.41456e-06
-0.683333	0.42	0	0.8	2.02156e-06
-0.683333	0.46	0	0.8	1.86171e-06
-0.683333	0.5	0	0.8	1.50936e-06
-0.683333	0.54	0	0.8	1.35118e-06
-0.683333	0.58	0	0.8	1.05826e-06
-0.683333	0.62	0	0.8	9.42657e-07
-0.683333	0.66	0	0.8	7.80553e-07
-0.683333	0.7	0	0.8	6.51538e-07
-0.683333	0.74	0	0.8	5.27673e-07
-0.683333	0.78	0	0.8	4.37057e-07
-0.683333	0.82	0	0.8	3.61809e-07
-0.683333	0.86	0	0.8	2.72478e-07
-0.683333	0.9	0	0.8	2.28671e-07
-0.683333	0.94	0	0.8	1.76096e-07
-0.683333	0.98	0	0.8	1.44378e-07
-0.65	-0.98	0	0.8	8.19275e-08
-0.65	-0.94	0	0.8	6.42104e-08
-0.65	-0.9	0	0.8	5.05018e-08
-0.65	-0.86	0	0.8	3.76032e-08
-0.65	-0.82	0	0.8	3.01856e-08
-0.65	-0.78	0	0.8	2.23885e-08
-0.65	-0.74	0	0.8	1.73415e-08
-0.65	-0.7	0	0.8	1.3139e-08
-0.65	-0.66	0	0.8	9.84367e-09
-0.65	-0.62	0	0.8	7.14673e-09
-0.65	-0.58	0	0.8	1.81542e-06
-0.65	-0.54	0	0.8	1.92076e-06
-0.65	-0.5	0	0.8	2.12751e-06
-0.65	-0.46	0	0.8	2.50437e-06
-0.65	-0.42	0	0.8	2.67345e-06
-0.65	-0.38	0	0.8	2.76688e-06
-0.65	-0.34	0	0.8	3.002e-06
-0.65	-0.3	0	0.8	3.40786e-06
-0.65	-0.26	0	0.8	3.2025e-06
-0.65	-0.22	0	0.8	3.72659e-06
-0.65	-0.18	0	0.8	3.707e-06
-0.65	-0.14	0	0.8	3.82832e-06
-0.65	-0.1	0	0.8	3.92263e-06
-0.65	-0.06	0	0.8	3.74236e-06
-0.65	-0.02	0	0.8	3.74602e-06
-0.65	0.02	0	0.8	3.64434e-06
-0.65	0.06	0	0.8	3.2573e-06
-0.65	0.1	0	0.8	3.39048e-06
-0.65	0.14	0	0.8	3.07296e-06
-0.65	0.18	0	0.8	2.71601e-06
-0.65	0.22	0	0.8	2.59841e-06
-0.65	0.26	0	0.8	2.58999e-06
-0.65	0.3	0	0.8	2.32865e-06
-0.65	0.34	0	0.8	1.93807e-06
-0.65	0.38	0	0.8	1.72649e-06
-0.65	0.42	0	0.8	1.52082e-06
-0.65	0.46	0	0.8	1.27118e-06
-0.65	0.5	0	0.8	1.16633e-06
-0.65	0.54	0	0.8	9.65581e-07
-0.65	0.58	0	0.8	8.34208e-07
-0.65	0.62	0	0.8	6.88783e-07
-0.65	0.66	0	0.8	5.84512e-07
-0.65	0.7	0	0.8	4.70913e-07
-0.65	0.74	0	0.8	3.81186e-07
-0.65	0.78	0	0.8	3.36922e-07
-0.65	0.82	0	0.8	2.64581e-07
-0.65	0.86	0	0.8	2.11737e-07
-0.65	0.9	0	0.8	1.63932e-07
-0.65	0.94	0	0.8	1.37037e-07
-0.65	0.98	0	0.8	1.08224e-07
-0.616667	-0.98	0	0.8	6.42002e-08
-0.616667	-0.94	0	0.8	4.57632e-08
-0.616667	-0.9	0	0.8	4.00414e-08
-0.616667	-0.86	0	0.8	2.92584e-08
-0.616667	-0.82	0	0.8	2.27059e-08
-0.616667	-0.78	0	0.8	1.59693e-08
-0.616667	-0.74	0	0.8	1.36532e-08
-0.616667	-0.7	0	0.8	1.07808e-08
-0.616667	-0.66	0	0.8	7.55211e-09
-0.616667	-0.62	0	0.8	5.86143e-09
-0.616667	-0.58	0	0.8	1.28675e-06
-0.616667	-0.54	0	0.8	1.37314e-06
-0.616667	-0.5	0	0.8	1.65462e-06
-0.616667	-0.46	0	0.8	1.71269e-06
-0.616667	-0.42	0	0.8	1.98454e-06
-0.616667	-0.38	0	0.8	2.04564e-06
-0.616667	-0.34	0	0.8	2.22724e-06
-0.616667	-0.3	0	0.8	2.29936e-06
-0.616667	-0.26	0	0.8	2.46094e-06
-0.616667	-0.22	0	0.8	2.55973e-06
-0.616667	-0.18	0	0.8	2.6575e-06
-0.616667	-0.14	0	0.8	2.71502e-06
-0.616667	-0.1	0	0.8	2.75352e-06
-0.616667	-0.06	0	0.8	2.66764e-06
-0.616667	-0.02	0	0.8	2.83933e-06
-0.616667	0.02	0	0.8	2.45988e-06
-0.616667	0.06	0	0.8	2.43909e-06
-0.616667	0.1	0	0.8	2.34935e-06
-0.616667	0.14	0	0.8	2.22331e-06
-0.616667	0.18	0	0.8	2.14829e-06
-0.616667	0.22	0	0.8	1.88971e-06
-0.616667	0.26	0	0.8	1.82418e-06
-0.616667	0.3	0	0.8	1.59011e-06
-0.616667	0.34	0	0.8	1.4838e-06
-0.616667	0.38	0	0.8	1.26664e-06
-0.616667	0.42	0	0.8	1.11866e-06
-0.616667	0.46	0	0.8	9.61896e-07
-0.616667	0.5	0	0.8	8.50786e-07
-0.616667	0.54	0	0.8	7.30444e-07
-0.616667	0.58	0	0.8	6.13271e-07
-0.616667	0.62	0	0.8	5.11572e-07
-0.616667	0.66	0	0.8	4.53808e-07
-0.616667	0.7	0	0.8	3.47649e-07
-0.616667	0.74	0	0.8	3.14612e-07
-0.616667	0.78	0	0.8	2.32277e-07
-0.616667	0.82	0	0.8	1.9118e-07
-0.616667	0.86	0	0.8	1.64398e-07
-0.616667	0.9	0	0.8	1.2828e-07
-0.616667	0.94	0	0.8	1.08346e-07
-0.616667	0.98	0	0.8	8.13305e-08
-0.583333	-0.98	0	0.8	3.64622e-05
-0.583333	-0.94	0	0.8	2.57355e-05
-0.583333	-0.9	0	0.8	1.82502e-05
-0.583333	-0.86	0	0.8	1.26263e-05
-0.583333	-0.82	0	0.8	8.79679e-06
-0.583333	-0.78	0	0.8	6.0568e-06
-0.583333	-0.74	0	0.8	4.0367e-06
-0.583333	-0.7	0	0.8	2.67485e-06
-0.583333	-0.66	0	0.8	1.81166e-06
-0.583333	-0.62	0	0.8	1.2598e-06
-0.583333	-0.58	0	0.8	0.00793195
-0.583333	-0.54	0	0.8	0.0103874
-0.583333	-0.5	0	0.8	0.0134571
-0.583333	-0.46	0	0.8	0.0170913
-0.583333	-0.42	0	0.8	0.0209297
-0.583333	-0.38	0	0.8	0.0269518
-0.583333	-0.34	0	0.8	0.0319946
-0.583333	-0.3	0	0.8	0.0354187
-0.583333	-0.26	0	0.8	0.0412566
-0.583333	-0.22	0	0.8	0.049246
-0.583333	-0.18	0	0.8	0.0499014
-0.583333	-0.14	0	0.8	0.0528602
-0.583333	-0.1	0	0.8	0.0528977
-0.583333	-0.06	0	0.8	0.0551216
-0.583333	-0.02	0	0.8	0.0548556
-0.583333	0.02	0	0.8	0.0487444
-0.583333	0.06	0	0.8	0.0445752
-0.583333	0.1	0	0.8	0.0370737
-0.583333	0.14	0	0.8	0.0319946
-0.583333	0.18	0	0.8	0.0267627
-0.583333	0.22	0	0.8	0.0223971
-0.583333	0.26	0	0.8	0.0180803
-0.583333	0.3	0	0.8	0.0137
-0.583333	0.34	0	0.8	0.0107068
-0.583333	0.38	0	0.8	0.00800353
-0.583333	0.42	0	0.8	0.00603421
-0.583333	0.46	0	0.8	0.0046431
-0.583333	0.5	0	0.8	0.00327974
-0.583333	0.54	0	0.8	0.00243921
-0.583333	0.58	0	0.8	0.00183416
-0.583333	0.62	0	0.8	0.0012149
-0.583333	0.66	0	0.8	0.000911647
-0.583333	0.7	0	0.8	0.000670999
-0.583333	0.74	0	0.8	0.000459278
-0.583333	0.78	0	0.8	0.000317823
-0.583333	0.82	0	0.8	0.000239229
-0.583333	0.86	0	0.8	0.000157445
-0.583333	0.9	0	0.8	0.000115335
-0.583333	0.94	0	0.8	7.66324e-05
-0.583333	0.98	0	0.8	5.06702e-05
-0.55	-0.98	0	0.8	4.03165e-05
-0.55	-0.94	0	0.8	3.02374e-05
-0.55	-0.9	0	0.8	1.91609e-05
-0.55	-0.86	0	0.8	1.41991e-05
-0.55	-0.82	0	0.8	9.74247e-06
-0.55	-0.78	0	0.8	6.42139e-06
-0.55	-0.74	0	0.8	4.58499e-06
-0.55	-0.7	0	0.8	3.01008e-06
-0.55	-0.66	0	0.8	2.16672e-06
-0.55	-0.62	0	0.8	1.3901e-06
-0.55	-0.58	0	0.8	0.0105298
-0.55	-0.54	0	0.8	0.0137232
-0.55	-0.5	0	0.8	0.0169409
-0.55	-0.46	0	0.8	0.0222618
-0.55	-0.42	0	0.8	0.0286509
-0.55	-0.38	0	0.8	0.0337441
-0.55	-0.34	0	0.8	0.0443645
-0.55	-0.3	0	0.8	0.0492826
-0.55	-0.26	0	0.8	0.0566364
-0.55	-0.22	0	0.8	0.0652795
-0.55	-0.18	0	0.8	0.0731954
-0.55	-0.14	0	0.8	0.0739055
-0.55	-0.1	0	0.8	0.0744259
-0.55	-0.06	0	0.8	0.0718738
-0.55	-0.02	0	0.8	0.0687115
-0.55	0.02	0	0.8	0.0656159
-0.55	0.06	0	0.8	0.0609698
-0.55	0.1	0	0.8	0.0493706
-0.55	0.14	0	0.8	0.0450378
-0.55	0.18	0	0.8	0.0326276
-0.55	0.22	0	0.8	0.0274948
-0.55	0.26	0	0.8	0.0227804
-0.55	0.3	0	0.8	0.0175937
-0.55	0.34	0	0.8	0.0134611
-0.55	0.38	0	0.8	0.0101159
-0.55	0.42	0	0.8	0.00785572
-0.55	0.46	0	0.8	0.00568772
-0.55	0.5	0	0.8	0.00386011
-0.55	0.54	0	0.8	0.00310235
-0.55	0.58	0	0.8	0.00208884
-0.55	0.62	0	0.8	0.0016043
-0.55	0.66	0	0.8	0.00112536
-0.55	0.7	0	0.8	0.000762292
-0.55	0.74	0	0.8	0.000552346
-0.55	0.78	0	0.8	0.000377549
-0.55	0.82	0	0.8	0.000260289
-0.55	0.86	0	0.8	0.000190325
-0.55	0.9	0	0.8	0.000132334
-0.55	0.94	0	0.8	9.0836e-05
-0.55	0.98	0	0.8	6.31882e-05
-0.516667	-0.98	0	0.8	4.75972e-05
-0.516667	-0.94	0	0.8	3.10539e-05
-0.516667	-0.9	0	0.8	2.18586e-05
-0.516667	-0.86	0	0.8	1.61241e-05
-0.516667	-0.82	0	0.8	1.11984e-05
-0.516667	-0.78	0	0.8	7.44584e-06
-0.516667	-0.74	0	0.8	4.89798e-06
-0.516667	-0.7	0	0.8	3.30393e-06
-0.516667	-0.66	0	0.8	2.29153e-06
-0.516667	-0.62	0	0.8	1.54321e-06
-0.516667	-0.58	0	0.8	0.0127516
-0.516667	-0.54	0	0.8	0.0181664
-0.516667	-0.5	0	0.8	0.022613
-0.516667	-0.46	0	0.8	0.0294293
-0.516667	-0.42	0	0.8	0.0366737
-0.516667	-0.38	0	0.8	0.0442359
-0.516667	-0.34	0	0.8	0.056948
-0.516667	-0.3	0	0.8	0.0649514
-0.516667	-0.26	0	0.8	0.0768651
-0.516667	-0.22	0	0.8	0.0852685
-0.516667	-0.18	0	0.8	0.0863971
-0.516667	-0.14	0	0.8	0.0959126
-0.516667	-0.1	0	0.8	0.0957538
-0.516667	-0.06	0	0.8	0.0999724
-0.516667	-0.02	0	0.8	0.088815
-0.516667	0.02	0	0.8	0.0857149
-0.516667	0.06	0	0.8	0.076199
-0.516667	0.1	0	0.8	0.0662249
-0.516667	0.14	0	0.8	0.0574373
-0.516667	0.18	0	0.8	0.0456057
-0.516667	0.22	0	0.8	0.0363498
-0.516667	0.26	0	0.8	0.0296843
-0.516667	0.3	0	0.8	0.0214311
-0.516667	0.34	0	0.8	0.0172087
-0.516667	0.38	0	0.8	0.0131102
-0.516667	0.42	0	0.8	0.00956281
-0.516667	0.46	0	0.8	0.00679038
-0.516667	0.5	0	0.8	0.00500153
-0.516667	0.54	0	0.8	0.00367913
-0.516667	0.58	0	0.8	0.00256008
-0.516667	0.62	0	0.8	0.00185294
-0.516667	0.66	0	0.8	0.00124542
-0.516667	0.7	0	0.8	0.00091553
-0.516667	0.74	0	0.8	0.000616677
-0.516667	0.78	0	0.8	0.000432727
-0.516667	0.82	0	0.8	0.000301615
-0.516667	0.86	0	0.8	0.000208144
-0.516667	0.9	0	0.8	0.000145621
-0.516667	0.94	0	0.8	0.000102719
-0.516667	0.98	0	0.8	6.88145e-05
-0.483333	-0.98	0	0.8	5.4386e-05
-0.483333	-0.94	0	0.8	3.80081e-05
-0.483333	-0.9	0	0.8	2.48676e-05
-0.483333	-0.86	0	0.8	1.79222e-05
-0.483333	-0.82	0	0.8	1.07709e-05
-0.483333	-0.78	0	0.8	8.31463e-06
-0.483333	-0.74	0	0.8	5.28473e-06
-0.483333	-0.7	0	0.8	3.79098e-06
-0.483333	-0.66	0	0.8	2.4297e-06
-0.483333	-0.62	0	0.8	1.64111e-06
-0.483333	-0.58	0	0.8	0.0155411
-0.483333	-0.54	0	0.8	0.0215333
-0.483333	-0.5	0	0.8	0.0285947
-0.483333	-0.46	0	0.8	0.0342422
-0.483333	-0.42	0	0.8	0.0475684
-0.483333	-0.38	0	0.8	0.0601058
-0.483333	-0.34	0	0.8	0.0709303
-0.483333	-0.3	0	0.8	0.0873816
-0.483333	-0.26	0	0.8	0.0960958
-0.483333	-0.22	0	0.8	0.107673
-0.483333	-0.18	0	0.8	0.120882
-0.483333	-0.14	0	0.8	0.122786
-0.483333	-0.1	0	0.8	0.125281
-0.483333	-0.06	0	0.8	0.125673
-0.483333	-0.02	0	0.8	0.121728
-0.483333	0.02	0	0.8	0.110789
-0.483333	0.06	0	0.8	0.099745
-0.483333	0.1	0	0.8	0.085276
-0.483333	0.14	0	0.8	0.0769992
-0.483333	0.18	0	0.8	0.0600023
-0.483333	0.22	0	0.8	0.0469903
-0.483333	0.26	0	0.8	0.0354029
-0.483333	0.3	0	0.8	0.0280514
-0.483333	0.34	0	0.8	0.0213845
-0.483333	0.38	0	0.8	0.016176
-0.483333	0.42	0	0.8	0.0119402
-0.483333	0.46	0	0.8	0.00839826
-0.483333	0.5	0	0.8	0.00615503
-0.483333	0.54	0	0.8	0.00430209
-0.483333	0.58	0	0.8	0.00288481
-0.483333	0.62	0	0.8	0.00220373
-0.483333	0.66	0	0.8	0.00151484
-0.483333	0.7	0	0.8	0.00100515
-0.483333	0.74	0	0.8	0.000734736
-0.483333	0.78	0	0.8	0.000509172
-0.483333	0.82	0	0.8	0.000349405
-0.483333	0.86	0	0.8	0.000240444
-0.483333	0.9	0	0.8	0.000173633
-0.483333	0.94	0	0.8	0.000116379
-0.483333	0.98	0	0.8	7.64251e-05
-0.45	-0.98	0	0.8	6.05394e-05
-0.45	-0.94	0	0.8	4.02943e-05
-0.45	-0.9	0	0.8	2.77553e-05
-0.45	-0.86	0	0.8	1.82272e-05
-0.45	-0.82	0	0.8	1.3103e-05
-0.45	-0.78	0	0.8	8.5648e-06
-0.45	-0.74	0	0.8	5.94221e-06
-0.45	-0.7	0	0.8	3.96828e-06
-0.45	-0.66	0	0.8	2.70563e-06
-0.45	-0.62	0	0.8	1.86648e-06
-0.45	-0.58	0	0.8	0.0190519
-0.45	-0.54	0	0.8	0.0255247
-0.45	-0.5	0	0.8	0.0347355
-0.45	-0.46	0	0.8	0.047259
-0.45	-0.42	0	0.8	0.0593219
-0.45	-0.38	0	0.8	0.0750775
-0.45	-0.34	0	0.8	0.0909905
-0.45	-0.3	0	0.8	0.109298
-0.45	-0.26	0	0.8	0.127142
-0.45	-0.22	0	0.8	0.148282
-0.45	-0.18	0	0.8	0.157342
-0.45	-0.14	0	0.8	0.155977
-0.45	-0.1	0	0.8	0.162097
-0.45	-0.06	0	0.8	0.166566
-0.45	-0.02	0	0.8	0.150537
-0.45	0.02	0	0.8	0.145777
-0.45	0.06	0	0.8	0.126473
-0.45	0.1	0	0.8	0.107181
-0.45	0.14	0	0.8	0.0901852
-0.45	0.18	0	0.8	0.077829
-0.45	0.22	0	0.8	0.0604648
-0.45	0.26	0	0.8	0.0476615
-0.45	0.3	0	0.8	0.034919
-0.45	0.34	0	0.8	0.0256617
-0.45	0.38	0	0.8	0.0189847
-0.45	0.42	0	0.8	0.0138739
-0.45	0.46	0	0.8	0.0103693
-0.45	0.5	0	0.8	0.00695862
-0.45	0.54	0	0.8	0.00495546
-0.45	0.58	0	0.8	0.00375773
-0.45	0.62	0	0.8	0.00243508
-0.45	0.66	0	0.8	0.00168915
-0.45	0.7	0	0.8	0.00122676
-0.45	0.74	0	0.8	0.00085703
-0.45	0.78	0	0.8	0.000588899
-0.45	0.82	0	0.8	0.000365181
-0.45	0.86	0	0.8	0.000267908
-0.45	0.9	0	0.8	0.000196718
-0.45	0.94	0	0.8	0.000120971
-0.45	0.98	0	0.8	8.98624e-05
-0.416667	-0.98	0	0.8	6.50666e-05
-0.416667	-0.94	0	0.8	4.39422e-05
-0.416667	-0.9	0	0.8	3.04523e-05
-0.416667	-0.86	0	0.8	1.99474e-05
-0.416667	-0.82	0	0.8	1.34841e-05
-0.416667	-0.78	0	0.8	9.86339e-06
-0.416667	-0.74	0	0.8	6.27379e-06
-0.416667	-0.7	0	0.8	4.4484e-06
-0.416667	-0.66	0	0.8	2.97414e-06
-0.416667	-0.62	0	0.8	1.82509e-06
-0.416667	-0.58	0	0.8	0.0238605
-0.416667	-0.54	0	0.8	0.0305362
-0.416667	-0.5	0	0.8	0.0412302
-0.416667	-0.46	0	0.8	0.0567795
-0.416667	-0.42	0	0.8	0.0703049
-0.416667	-0.38	0	0.8	0.0932786
-0.416667	-0.34	0	0.8	0.115592
-0.416667	-0.3	0	0.8	0.139063
-0.416667	-0.26	0	0.8	0.166032
-0.416667	-0.22	0	0.8	0.186958
-0.416667	-0.18	0	0.8	0.186443
-0.416667	-0.14	0	0.8	0.207943
-0.416667	-0.1	0	0.8	0.197495
-0.416667	-0.06	0	0.8	0.210831
-0.416667	-0.02	0	0.8	0.194684
-0.416667	0.02	0	0.8	0.176852
-0.416667	0.06	0	0.8	0.156762
-0.416667	0.1	0	0.8	0.141482
-0.416667	0.14	0	0.8	0.11297
-0.416667	0.18	0	0.8	0.0954023
-0.416667	0.22	0	0.8	0.0731377
-0.416667	0.26	0	0.8	0.0574732
-0.416667	0.3	0	0.8	0.041753
-0.416667	0.34	0	0.8	0.0300936
-0.416667	0.38	0	0.8	0.02273
-0.416667	0.42	0	0.8	0.017116
-0.416667	0.46	0	0.8	0.0118853
-0.416667	0.5	0	0.8	0.00863522
-0.416667	0.54	0	0.8	0.00584471
-0.416667	0.58	0	0.8	0.00400748
-0.416667	0.62	0	0.8	0.00286984
-0.416667	0.66	0	0.8	0.00192333
-0.416667	0.7	0	0.8	0.00137004
-0.416667	0.74	0	0.8	0.000924087
-0.416667	0.78	0	0.8	0.000637482
-0.416667	0.82	0	0.8	0.00045529
-0.416667	0.86	0	0.8	0.000317084
-0.416667	0.9	0	0.8	0.000208674
-0.416667	0.94	0	0.8	0.000135925
-0.416667	0.98	0	0.8	9.74363e-05
-0.383333	-0.98	0	0.8	7.18127e-05
-0.383333	-0.94	0	0.8	4.93127e-05
-0.383333	-0.9	0	0.8	3.11528e-05
-0.383333	-0.86	0	0.8	2.10215e-05
-0.383333	-0.82	0	0.8	1.52972e-05
-0.383333	-0.78	0	0.8	1.02403e-05
-0.383333	-0.74	0	0.8	7.20483e-06
-0.383333	-0.7	0	0.8	4.62162e-06
-0.383333	-0.66	0	0.8	3.1722e-06
-0.383333	-0.62	0	0.8	2.14579e-06
-0.383333	-0.58	0	0.8	0.026831
-0.383333	-0.54	0	0.8	0.0357963
-0.383333	-0.5	0	0.8	0.0522031
-0.383333	-0.46	0	0.8	0.0695028
-0.383333	-0.42	0	0.8	0.0969893
-0.383333	-0.38	0	0.8	0.117451
-0.383333	-0.34	0	0.8	0.136122
-0.383333	-0.3	0	0.8	0.173052
-0.383333	-0.26	0	0.8	0.199434
-0.383333	-0.22	0	0.8	0.221426
-0.383333	-0.18	0	0.8	0.249897
-0.383333	-0.14	0	0.8	0.255039
-0.383333	-0.1	0	0.8	0.255659
-0.383333	-0.06	0	0.8	0.265703
-0.383333	-0.02	0	0.8	0.234675
-0.383333	0.02	0	0.8	0.21481
-0.383333	0.06	0	0.8	0.195626
-0.383333	0.1	0	0.8	0.167691
-0.383333	0.14	0	0.8	0.139098
-0.383333	0.18	0	0.8	0.11545
-0.383333	0.22	0	0.8	0.0863174
-0.383333	0.26	0	0.8	0.0696228
-0.383333	0.3	0	0.8	0.0504061
-0.383333	0.34	0	0.8	0.0391646
-0.383333	0.38	0	0.8	0.0271658
-0.383333	0.42	0	0.8	0.0194692
-0.383333	0.46	0	0.8	0.0132837
-0.383333	0.5	0	0.8	0.0100012
-0.383333	0.54	0	0.8	0.00669918
-0.383333	0.58	0	0.8	0.00467103
-0.383333	0.62	0	0.8	0.00318016
-0.383333	0.66	0	0.8	0.00226348
-0.383333	0.7	0	0.8	0.00159391
-0.383333	0.74	0	0.8	0.00100005
-0.383333	0.78	0	0.8	0.000736488
-0.383333	0.82	0	0.8	0.000519581
-0.383333	0.86	0	0.8	0.000314654
-0.383333	0.9	0	0.8	0.000228025
-0.383333	0.94	0	0.8	0.000155116
-0.383333	0.98	0	0.8	0.000102608
-0.35	-0.98	0	0.8	8.19536e-05
-0.35	-0.94	0	0.8	5.25803e-05
-0.35	-0.9	0	0.8	3.38015e-05
-0.35	-0.86	0	0.8	2.41126e-05
-0.35	-0.82	0	0.8	1.60589e-05
-0.35	-0.78	0	0.8	1.12862e-05
-0.35	-0.74	0	0.8	7.47371e-06
-0.35	-0.7	0	0.8	5.03322e-06
-0.35	-0.66	0	0.8	3.26406e-06
-0.35	-0.62	0	0.8	2.33635e-06
-0.35	-0.58	0	0.8	0.0328632
-0.35	-0.54	0	0.8	0.044078
-0.35	-0.5	0	0.8	0.0595273
-0.35	-0.46	0	0.8	0.0831639
-0.35	-0.42	0	0.8	0.107597
-0.35	-0.38	0	0.8	0.133364
-0.35	-0.34	0	0.8	0.17039
-0.35	-0.3	0	0.8	0.207672
-0.35	-0.26	0	0.8	0.243328
-0.35	-0.22	0	0.8	0.272624
-0.35	-0.18	0	0.8	0.296772
-0.35	-0.14	0	0.8	0.309348
-0.35	-0.1	0	0.8	0.321379
-0.35	-0.06	0	0.8	0.300829
-0.35	-0.02	0	0.8	0.286626
-0.35	0.02	0	0.8	0.272157
-0.35	0.06	0	0.8	0.239162
-0.35	0.1	0	0.8	0.198706
-0.35	0.14	0	0.8	0.165317
-0.35	0.18	0	0.8	0.135286
-0.35	0.22	0	0.8	0.10647
-0.35	0.26	0	0.8	0.081735
-0.35	0.3	0	0.8	0.0612281
-0.35	0.34	0	0.8	0.0441556
-0.35	0.38	0	0.8	0.0330864
-0.35	0.42	0	0.8	0.023778
-0.35	0.46	0	0.8	0.0160021
-0.35	0.5	0	0.8	0.0113078
-0.35	0.54	0	0.8	0.00760386
-0.35	0.58	0	0.8	0.00514889
-0.35	0.62	0	0.8	0.00367077
-0.35	0.66	0	0.8	0.00241202
-0.35	0.7	0	0.8	0.00177659
-0.35	0.74	0	0.8	0.00113885
-0.35	0.78	0	0.8	0.000819535
-0.35	0.82	0	0.8	0.000543362
-0.35	0.86	0	0.8	0.000362782
-0.35	0.9	0	0.8	0.000245826
-0.35	0.94	0	0.8	0.000174166
-0.35	0.98	0	0.8	0.000114778
-0.316667	-0.98	0	0.8	8.44959e-05
-0.316667	-0.94	0	0.8	5.63498e-05
-0.316667	-0.9	0	0.8	3.68221e-05
-0.316667	-0.86	0	0.8	2.53306e-05
-0.316667	-0.82	0	0.8	1.72907e-05
-0.316667	-0.78	0	0.8	1.13266e-05
-0.316667	-0.74	0	0.8	7.54888e-06
-0.316667	-0.7	0	0.8	5.44662e-06
-0.316667	-0.66	0	0.8	3.6115e-06
-0.316667	-0.62	0	0.8	2.43138e-06
-0.316667	-0.58	0	0.8	0.0353428
-0.316667	-0.54	0	0.8	0.0509079
-0.316667	-0.5	0	0.8	0.0699073
-0.316667	-0.46	0	0.8	0.0963023
-0.316667	-0.42	0	0.8	0.120236
-0.316667	-0.38	0	0.8	0.151986
-0.316667	-0.34	0	0.8	0.203636
-0.316667	-0.3	0	0.8	0.231077
-0.316667	-0.26	0	0.8	0.255198
-0.316667	-0.22	0	0.8	0.322921
-0.316667	-0.18	0	0.8	0.35543
-0.316667	-0.14	0	0.8	0.355056
-0.316667	-0.1	0	0.8	0.342302
-0.316667	-0.06	0	0.8	0.358781
-0.316667	-0.02	0	0.8	0.341805
-0.316667	0.02	0	0.8	0.314711
-0.316667	0.06	0	0.8	0.282086
-0.316667	0.1	0	0.8	0.246679
-0.316667	0.14	0	0.8	0.20469
-0.316667	0.18	0	0.8	0.152269
-0.316667	0.22	0	0.8	0.127944
-0.316667	0.26	0	0.8	0.0941326
-0.316667	0.3	0	0.8	0.0711425
-0.316667	0.34	0	0.8	0.0509079
-0.316667	0.38	0	0.8	0.0369435
-0.316667	0.42	0	0.8	0.0263853
-0.316667	0.46	0	0.8	0.0168316
-0.316667	0.5	0	0.8	0.0123795
-0.316667	0.54	0	0.8	0.00798138
-0.316667	0.58	0	0.8	0.00608442
-0.316667	0.62	0	0.8	0.00386635
-0.316667	0.66	0	0.8	0.00275579
-0.316667	0.7	0	0.8	0.00188043
-0.316667	0.74	0	0.8	0.00127859
-0.316667	0.78	0	0.8	0.000871153
-0.316667	0.82	0	0.8	0.000572124
-0.316667	0.86	0	0.8	0.000395977
-0.316667	0.9	0	0.8	0.000267055
-0.316667	0.94	0	0.8	0.000176117
-0.316667	0.98	0	0.8	0.000120762
-0.283333	-0.98	0	0.8	8.94385e-05
-0.283333	-0.94	0	0.8	6.16204e-05
-0.283333	-0.9	0	0.8	3.91778e-05
-0.283333	-0.86	0	0.8	2.69485e-05
-0.283333	-0.82	0	0.8	1.78205e-05
-0.283333	-0.78	0	0.8	1.25512e-05
-0.283333	-0.74	0	0.8	7.98181e-06
-0.283333	-0.7	0	0.8	5.36907e-06
-0.283333	-0.66	0	0.8	3.63704e-06
-0.283333	-0.62	0	0.8	2.52038e-06
-0.283333	-0.58	0	0.8	0.0432458
-0.283333	-0.54	0	0.8	0.0556938
-0.283333	-0.5	0	0.8	0.0846046
-0.283333	-0.46	0	0.8	0.11252
-0.283333	-0.42	0	0.8	0.143337
-0.283333	-0.38	0	0.8	0.179255
-0.283333	-0.34	0	0.8	0.236005
-0.283333	-0.3	0	0.8	0.272268
-0.283333	-0.26	0	0.8	0.322025
-0.283333	-0.22	0	0.8	0.365627
-0.283333	-0.18	0	0.8	0.382538
-0.283333	-0.14	0	0.8	0.388863
-0.283333	-0.1	0	0.8	0.426137
-0.283333	-0.06	0	0.8	0.407179
-0.283333	-0.02	0	0.8	0.368395
-0.283333	0.02	0	0.8	0.351276
-0.283333	0.06	0	0.8	0.308048
-0.283333	0.1	0	0.8	0.289677
-0.283333	0.14	0	0.8	0.235199
-0.283333	0.18	0	0.8	0.187049
-0.283333	0.22	0	0.8	0.143843
-0.283333	0.26	0	0.8	0.108508
-0.283333	0.3	0	0.8	0.0809445
-0.283333	0.34	0	0.8	0.0591493
-0.283333	0.38	0	0.8	0.0397804
-0.283333	0.42	0	0.8	0.0284159
-0.283333	0.46	0	0.8	0.019502
-0.283333	0.5	0	0.8	0.0140887
-0.283333	0.54	0	0.8	0.00923608
-0.283333	0.58	0	0.8	0.00658682
-0.283333	0.62	0	0.8	0.00432541
-0.283333	0.66	0	0.8	0.00286655
-0.283333	0.7	0	0.8	0.00199523
-0.283333	0.74	0	0.8	0.00139553
-0.283333	0.78	0	0.8	0.000969039
-0.283333	0.82	0	0.8	0.000621829
-0.283333	0.86	0	0.8	0.000444064
-0.283333	0.9	0	0.8	0.00029977
-0.283333	0.94	0	0.8	0.000194729
-0.283333	0.98	0	0.8	0.00013085
-0.25	-0.98	0	0.8	9.11625e-05
-0.25	-0.94	0	0.8	6.53792e-05
-0.25	-0.9	0	0.8	4.04257e-05
-0.25	-0.86	0	0.8	2.81223e-05
-0.25	-0.82	0	0.8	1.85041e-05
-0.25	-0.78	0	0.8	1.2683e-05
-0.25	-0.74	0	0.8	8.7337e-06
-0.25	-0.7	0	0.8	5.85801e-06
-0.25	-0.66	0	0.8	3.72475e-06
-0.25	-0.62	0	0.8	2.61616e-06
-0.25	-0.58	0	0.8	0.045953
-0.25	-0.54	0	0.8	0.0639757
-0.25	-0.5	0	0.8	0.0916592
-0.25	-0.46	0	0.8	0.120512
-0.25	-0.42	0	0.8	0.156383
-0.25	-0.38	0	0.8	0.221382
-0.25	-0.34	0	0.8	0.266987
-0.25	-0.3	0	0.8	0.309476
-0.25	-0.26	0	0.8	0.357209
-0.25	-0.22	0	0.8	0.382788
-0.25	-0.18	0	0.8	0.444234
-0.25	-0.14	0	0.8	0.435118
-0.25	-0.1	0	0.8	0.44458
-0.25	-0.06	0	0.8	0.449934
-0.25	-0.02	0	0.8	0.424075
-0.25	0.02	0	0.8	0.368919
-0.25	0.06	0	0.8	0.337883
-0.25	0.1	0	0.8	0.314887
-0.25	0.14	0	0.8	0.247981
-0.25	0.18	0	0.8	0.202417
-0.25	0.22	0	0.8	0.159788
-0.25	0.26	0	0.8	0.123509
-0.25	0.3	0	0.8	0.0897726
-0.25	0.34	0	0.8	0.0629584
-0.25	0.38	0	0.8	0.0456333
-0.25	0.42	0	0.8	0.0310777
-0.25	0.46	0	0.8	0.0215702
-0.25	0.5	0	0.8	0.0142047
-0.25	0.54	0	0.8	0.0104482
-0.25	0.58	0	0.8	0.00684094
-0.25	0.62	0	0.8	0.00476081
-0.25	0.66	0	0.8	0.00323625
-0.25	0.7	0	0.8	0.00220023
-0.25	0.74	0	0.8	0.0014707
-0.25	0.78	0	0.8	0.000994245
-0.25	0.82	0	0.8	0.000671632
-0.25	0.86	0	0.8	0.000444685
-0.25	0.9	0	0.8	0.000302204
-0.25	0.94	0	0.8	0.000193027
-0.25	0.98	0	0.8	0.000139611
-0.216667	-0.98	0	0.8	9.70307e-05
-0.216667	-0.94	0	0.8	6.47245e-05
-0.216667	-0.9	0	0.8	4.47731e-05
-0.216667	-0.86	0	0.8	2.91424e-05
-0.216667	-0.82	0	0.8	2.02241e-05
-0.216667	-0.78	0	0.8	1.27907e-05
-0.216667	-0.74	0	0.8	8.35349e-06
-0.216667	-0.7	0	0.8	5.87901e-06
-0.216667	-0.66	0	0.8	3.83398e-06
-0.216667	-0.62	0	0.8	2.77085e-06
-0.216667	-0.58	0	0.8	0.0508496
-0.216667	-0.54	0	0.8	0.0676318
-0.216667	-0.5	0	0.8	0.0967853
-0.216667	-0.46	0	0.8	0.134667
-0.216667	-0.42	0	0.8	0.178141
-0.216667	-0.38	0	0.8	0.22085
-0.216667	-0.34	0	0.8	0.300307
-0.216667	-0.3	0	0.8	0.346231
-0.216667	-0.26	0	0.8	0.40172
-0.216667	-0.22	0	0.8	0.438059
-0.216667	-0.18	0	0.8	0.455395
-0.216667	-0.14	0	0.8	0.476136
-0.216667	-0.1	0	0.8	0.467569
-0.216667	-0.06	0	0.8	0.466849
-0.216667	-0.02	0	0.8	0.454587
-0.216667	0.02	0	0.8	0.420748
-0.216667	0.06	0	0.8	0.39222
-0.216667	0.1	0	0.8	0.344458
-0.216667	0.14	0	0.8	0.282467
-0.216667	0.18	0	0.8	0.232052
-0.216667	0.22	0	0.8	0.17347
-0.216667	0.26	0	0.8	0.137952
-0.216667	0.3	0	0.8	0.0959257
-0.216667	0.34	0	0.8	0.0698493
-0.216667	0.38	0	0.8	0.0490273
-0.216667	0.42	0	0.8	0.0341525
-0.216667	0.46	0	0.8	0.0244813
-0.216667	0.5	0	0.8	0.0153837
-0.216667	0.54	0	0.8	0.0106471
-0.216667	0.58	0	0.8	0.00752484
-0.216667	0.62	0	0.8	0.00501177
-0.216667	0.66	0	0.8	0.00352905
-0.216667	0.7	0	0.8	0.00229534
-0.216667	0.74	0	0.8	0.00155211
-0.216667	0.78	0	0.8	0.00104322
-0.216667	0.82	0	0.8	0.000674818
-0.216667	0.86	0	0.8	0.000468858
-0.216667	0.9	0	0.8	0.00031357
-0.216667	0.94	0	0.8	0.000207768
-0.216667	0.98	0	0.8	0.000145934
-0.183333	-0.98	0	0.8	0.000100648
-0.183333	-0.94	0	0.8	7.0708e-05
-0.183333	-0.9	0	0.8	4.54001e-05
-0.183333	-0.86	0	0.8	3.13063e-05
-0.183333	-0.82	0	0.8	1.99059e-05
-0.183333	-0.78	0	0.8	1.37108e-05
-0.183333	-0.74	0	0.8	8.9587e-06
-0.183333	-0.7	0	0.8	6.3197e-06
-0.183333	-0.66	0	0.8	4.10286e-06
-0.183333	-0.62	0	0.8	2.7424e-06
-0.183333	-0.58	0	0.8	0.0514413
-0.183333	-0.54	0	0.8	0.0746823
-0.183333	-0.5	0	0.8	0.10428
-0.183333	-0.46	0	0.8	0.132992
-0.183333	-0.42	0	0.8	0.186327
-0.183333	-0.38	0	0.8	0.238362
-0.183333	-0.34	0	0.8	0.310622
-0.183333	-0.3	0	0.8	0.35491
-0.183333	-0.26	0	0.8	0.416637
-0.183333	-0.22	0	0.8	0.440412
-0.183333	-0.18	0	0.8	0.478128
-0.183333	-0.14	0	0.8	0.534374
-0.183333	-0.1	0	0.8	0.528812
-0.183333	-0.06	0	0.8	0.525408
-0.183333	-0.02	0	0.8	0.469544
-0.183333	0.02	0	0.8	0.455598
-0.183333	0.06	0	0.8	0.394252
-0.183333	0.1	0	0.8	0.378865
-0.183333	0.14	0	0.8	0.289419
-0.183333	0.18	0	0.8	0.25208
-0.183333	0.22	0	0.8	0.185325
-0.183333	0.26	0	0.8	0.144808
-0.183333	0.3	0	0.8	0.108142
-0.183333	0.34	0	0.8	0.0786268
-0.183333	0.38	0	0.8	0.0511643
-0.183333	0.42	0	0.8	0.0353428
-0.183333	0.46	0	0.8	0.0262498
-0.183333	0.5	0	0.8	0.0168857
-0.183333	0.54	0	0.8	0.011504
-0.183333	0.58	0	0.8	0.00775614
-0.183333	0.62	0	0.8	0.00528205
-0.183333	0.66	0	0.8	0.00357841
-0.183333	0.7	0	0.8	0.0025226
-0.183333	0.74	0	0.8	0.00160864
-0.183333	0.78	0	0.8	0.00109078
-0.183333	0.82	0	0.8	0.000722596
-0.183333	0.86	0	0.8	0.000483596
-0.183333	0.9	0	0.8	0.000320094
-0.183333	0.94	0	0.8	0.000212173
-0.183333	0.98	0	0.8	0.000148925
-0.15	-0.98	0	0.8	0.000104087
-0.15	-0.94	0	0.8	6.74117e-05
-0.15	-0.9	0	0.8	4.48045e-05
-0.15	-0.86	0	0.8	3.00442e-05
-0.15	-0.82	0	0.8	2.09387e-05
-0.15	-0.78	0	0.8	1.34117e-05
-0.15	-0.74	0	0.8	9.39775e-06
-0.15	-0.7	0	0.8	5.9318e-06
-0.15	-0.66	0	0.8	4.10832e-06
-0.15	-0.62	0	0.8	2.62756e-06
-0.15	-0.58	0	0.8	0.0535427
-0.15	-0.54	0	0.8	0.0784306
-0.15	-0.5	0	0.8	0.108528
-0.15	-0.46	0	0.8	0.146918
-0.15	-0.42	0	0.8	0.209877
-0.15	-0.38	0	0.8	0.252682
-0.15	-0.34	0	0.8	0.320854
-0.15	-0.3	0	0.8	0.366388
-0.15	-0.26	0	0.8	0.445978
-0.15	-0.22	0	0.8	0.50146
-0.15	-0.18	0	0.8	0.532619
-0.15	-0.14	0	0.8	0.558962
-0.15	-0.1	0	0.8	0.528969
-0.15	-0.06	0	0.8	0.541173
-0.15	-0.02	0	0.8	0.510278
-0.15	0.02	0	0.8	0.458217
-0.15	0.06	0	0.8	0.429432
-0.15	0.1	0	0.8	0.356521
-0.15	0.14	0	0.8	0.319192
-0.15	0.18	0	0.8	0.258068
-0.15	0.22	0	0.8	0.200083
-0.15	0.26	0	0.8	0.151921
-0.15	0.3	0	0.8	0.108143
-0.15	0.34	0	0.8	0.0780185
-0.15	0.38	0	0.8	0.0530612
-0.15	0.42	0	0.8	0.0386437
-0.15	0.46	0	0.8	0.0274425
-0.15	0.5	0	0.8	0.0176558
-0.15	0.54	0	0.8	0.0119634
-0.15	0.58	0	0.8	0.00789529
-0.15	0.62	0	0.8	0.00531119
-0.15	0.66	0	0.8	0.00369643
-0.15	0.7	0	0.8	0.00249337
-0.15	0.74	0	0.8	0.00170976
-0.15	0.78	0	0.8	0.00106966
-0.15	0.82	0	0.8	0.00076119
-0.15	0.86	0	0.8	0.000473749
-0.15	0.9	0	0.8	0.000340261
-0.15	0.94	0	0.8	0.000231801
-0.15	0.98	0	0.8	0.000157063
-0.116667	-0.98	0	0.8	9.95437e-05
-0.116667	-0.94	0	0.8	7.01115e-05
-0.116667	-0.9	0	0.8	4.62727e-05
-0.116667	-0.86	0	0.8	3.18329e-05
-0.116667	-0.82	0	0.8	2.08304e-05
-0.116667	-0.78	0	0.8	1.38905e-05
-0.116667	-0.74	0	0.8	9.3768e-06
-0.116667	-0.7	0	0.8	6.18711e-06
-0.116667	-0.66	0	0.8	4.09609e-06
-0.116667	-0.62	0	0.8	2.80482e-06
-0.116667	-0.58	0	0.8	0.056351
-0.116667	-0.54	0	0.8	0.0776425
-0.116667	-0.5	0	0.8	0.104522
-0.116667	-0.46	0	0.8	0.15413
-0.116667	-0.42	0	0.8	0.199053
-0.116667	-0.38	0	0.8	0.267701
-0.116667	-0.34	0	0.8	0.323478
-0.116667	-0.3	0	0.8	0.387623
-0.116667	-0.26	0	0.8	0.42743
-0.116667	-0.22	0	0.8	0.486039
-0.116667	-0.18	0	0.8	0.501874
-0.116667	-0.14	0	0.8	0.549395
-0.116667	-0.1	0	0.8	0.553387
-0.116667	-0.06	0	0.8	0.534988
-0.116667	-0.02	0	0.8	0.505524
-0.116667	0.02	0	0.8	0.480101
-0.116667	0.06	0	0.8	0.429732
-0.116667	0.1	0	0.8	0.403074
-0.116667	0.14	0	0.8	0.316114
-0.116667	0.18	0	0.8	0.265865
-0.116667	0.22	0	0.8	0.200127
-0.116667	0.26	0	0.8	0.160867
-0.116667	0.3	0	0.8	0.112986
-0.116667	0.34	0	0.8	0.0780638
-0.116667	0.38	0	0.8	0.0549742
-0.116667	0.42	0	0.8	0.0382684
-0.116667	0.46	0	0.8	0.0273627
-0.116667	0.5	0	0.8	0.0188301
-0.116667	0.54	0	0.8	0.0119542
-0.116667	0.58	0	0.8	0.0080668
-0.116667	0.62	0	0.8	0.00547081
-0.116667	0.66	0	0.8	0.00372429
-0.116667	0.7	0	0.8	0.00248849
-0.116667	0.74	0	0.8	0.00171473
-0.116667	0.78	0	0.8	0.0011842
-0.116667	0.82	0	0.8	0.000715959
-0.116667	0.86	0	0.8	0.00049529
-0.116667	0.9	0	0.8	0.000327931
-0.116667	0.94	0	0.8	0.000212661
-0.116667	0.98	0	0.8	0.000151436
-0.0833333	-0.98	0	0.8	0.000104944
-0.0833333	-0.94	0	0.8	6.7336e-05
-0.0833333	-0.9	0	0.8	4.61109e-05
-0.0833333	-0.86	0	0.8	3.08567e-05
-0.0833333	-0.82	0	0.8	2.11576e-05
-0.0833333	-0.78	0	0.8	1.3793e-05
-0.0833333	-0.74	0	0.8	9.05008e-06
-0.0833333	-0.7	0	0.8	5.99e-06
-0.0833333	-0.66	0	0.8	4.38972e-06
-0.0833333	-0.62	0	0.8	2.92784e-06
-0.0833333	-0.58	0	0.8	0.0548759
-0.0833333	-0.54	0	0.8	0.079187
-0.0833333	-0.5	0	0.8	0.115348
-0.0833333	-0.46	0	0.8	0.150627
-0.0833333	-0.42	0	0.8	0.204065
-0.0833333	-0.38	0	0.8	0.263569
-0.0833333	-0.34	0	0.8	0.32971
-0.0833333	-0.3	0	0.8	0.395012
-0.0833333	-0.26	0	0.8	0.440476
-0.0833333	-0.22	0	0.8	0.478405
-0.0833333	-0.18	0	0.8	0.536549
-0.0833333	-0.14	0	0.8	0.541711
-0.0833333	-0.1	0	0.8	0.595803
-0.0833333	-0.06	0	0.8	0.530186
-0.0833333	-0.02	0	0.8	0.556624
-0.0833333	0.02	0	0.8	0.514879
-0.0833333	0.06	0	0.8	0.412083
-0.0833333	0.1	0	0.8	0.368812
-0.0833333	0.14	0	0.8	0.328577
-0.0833333	0.18	0	0.8	0.251171
-0.0833333	0.22	0	0.8	0.195473
-0.0833333	0.26	0	0.8	0.157364
-0.0833333	0.3	0	0.8	0.113971
-0.0833333	0.34	0	0.8	0.0808718
-0.0833333	0.38	0	0.8	0.0559577
-0.0833333	0.42	0	0.8	0.0376566
-0.0833333	0.46	0	0.8	0.0266646
-0.0833333	0.5	0	0.8	0.017754
-0.0833333	0.54	0	0.8	0.0124469
-0.0833333	0.58	0	0.8	0.00812462
-0.0833333	0.62	0	0.8	0.00508143
-0.0833333	0.66	0	0.8	0.00350175
-0.0833333	0.7	0	0.8	0.00249728
-0.0833333	0.74	0	0.8	0.0017472
-0.0833333	0.78	0	0.8	0.00116044
-0.0833333	0.82	0	0.8	0.000766435
-0.0833333	0.86	0	0.8	0.000491727
-0.0833333	0.9	0	0.8	0.000348837
-0.0833333	0.94	0	0.8	0.000217467
-0.0833333	0.98	0	0.8	0.000154927
-0.05	-0.98	0	0.8	0.000102305
-0.05	-0.94	0	0.8	6.98021e-05
-0.05	-0.9	0	0.8	4.51251e-05
-0.05	-0.86	0	0.8	3.20328e-05
-0.05	-0.82	0	0.8	2.06504e-05
-0.05	-0.78	0	0.8	1.43058e-05
-0.05	-0.74	0	0.8	9.18711e-06
-0.05	-0.7	0	0.8	6.07304e-06
-0.05	-0.66	0	0.8	4.15931e-06
-0.05	-0.62	0	0.8	2.71059e-06
-0.05	-0.58	0	0.8	0.0571058
-0.05	-0.54	0	0.8	0.0754087
-0.05	-0.5	0	0.8	0.107951
-0.05	-0.46	0	0.8	0.144549
-0.05	-0.42	0	0.8	0.194137
-0.05	-0.38	0	0.8	0.254477
-0.05	-0.34	0	0.8	0.313096
-0.05	-0.3	0	0.8	0.378228
-0.05	-0.26	0	0.8	0.433193
-0.05	-0.22	0	0.8	0.464038
-0.05	-0.18	0	0.8	0.499554
-0.05	-0.14	0	0.8	0.547727
-0.05	-0.1	0	0.8	0.530875
-0.05	-0.06	0	0.8	0.53181
-0.05	-0.02	0	0.8	0.491511
-0.05	0.02	0	0.8	0.452395
-0.05	0.06	0	0.8	0.40311
-0.05	0.1	0	0.8	0.367703
-0.05	0.14	0	0.8	0.315313
-0.05	0.18	0	0.8	0.256721
-0.05	0.22	0	0.8	0.20568
-0.05	0.26	0	0.8	0.146918
-0.05	0.3	0	0.8	0.109875
-0.05	0.34	0	0.8	0.0774691
-0.05	0.38	0	0.8	0.0554687
-0.05	0.42	0	0.8	0.0377776
-0.05	0.46	0	0.8	0.026027
-0.05	0.5	0	0.8	0.0169409
-0.05	0.54	0	0.8	0.0116264
-0.05	0.58	0	0.8	0.00853545
-0.05	0.62	0	0.8	0.0055221
-0.05	0.66	0	0.8	0.00385125
-0.05	0.7	0	0.8	0.00244567
-0.05	0.74	0	0.8	0.00171267
-0.05	0.78	0	0.8	0.00114788
-0.05	0.82	0	0.8	0.000736254
-0.05	0.86	0	0.8	0.000516897
-0.05	0.9	0	0.8	0.000344397
-0.05	0.94	0	0.8	0.000226253
-0.05	0.98	0	0.8	0.000158126
-0.0166667	-0.98	0	0.8	0.000102745
-0.0166667	-0.94	0	0.8	6.59004e-05
-0.0166667	-0.9	0	0.8	4.28036e-05
-0.0166667	-0.86	0	0.8	2.92474e-05
-0.0166667	-0.82	0	0.8	1.99059e-05
-0.0166667	-0.78	0	0.8	1.33306e-05
-0.0166667	-0.74	0	0.8	8.68771e-06
-0.0166667	-0.7	0	0.8	6.16999e-06
-0.0166667	-0.66	0	0.8	3.95223e-06
-0.0166667	-0.62	0	0.8	2.80976e-06
-0.0166667	-0.58	0	0.8	0.0535655
-0.0166667	-0.54	0	0.8	0.073236
-0.0166667	-0.5	0	0.8	0.104464
-0.0166667	-0.46	0	0.8	0.144054
-0.0166667	-0.42	0	0.8	0.194341
-0.0166667	-0.38	0	0.8	0.246936
-0.0166667	-0.34	0	0.8	0.29578
-0.0166667	-0.3	0	0.8	0.357431
-0.0166667	-0.26	0	0.8	0.430356
-0.0166667	-0.22	0	0.8	0.454
-0.0166667	-0.18	0	0.8	0.485853
-0.0166667	-0.14	0	0.8	0.526304
-0.0166667	-0.1	0	0.8	0.535183
-0.0166667	-0.06	0	0.8	0.497613
-0.0166667	-0.02	0	0.8	0.480703
-0.0166667	0.02	0	0.8	0.462792
-0.0166667	0.06	0	0.8	0.428912
-0.0166667	0.1	0	0.8	0.367518
-0.0166667	0.14	0	0.8	0.29313
-0.0166667	0.18	0	0.8	0.232789
-0.0166667	0.22	0	0.8	0.192337
-0.0166667	0.26	0	0.8	0.146819
-0.0166667	0.3	0	0.8	0.106119
-0.0166667	0.34	0	0.8	0.0759971
-0.0166667	0.38	0	0.8	0.0518107
-0.0166667	0.42	0	0.8	0.0362392
-0.0166667	0.46	0	0.8	0.0254584
-0.0166667	0.5	0	0.8	0.0166158
-0.0166667	0.54	0	0.8	0.0118705
-0.0166667	0.58	0	0.8	0.00797656
-0.0166667	0.62	0	0.8	0.00556104
-0.0166667	0.66	0	0.8	0.00335281
-0.0166667	0.7	0	0.8	0.00232855
-0.0166667	0.74	0	0.8	0.0015519
-0.0166667	0.78	0	0.8	0.00110604
-0.0166667	0.82	0	0.8	0.000745657
-0.0166667	0.86	0	0.8	0.000488759
-0.0166667	0.9	0	0.8	0.000324716
-0.0166667	0.94	0	0.8	0.000231955
-0.0166667	0.98	0	0.8	0.000148925
0.0166667	-0.98	0	0.8	9.95752e-05
0.0166667	-0.94	0	0.8	6.67757e-05
0.0166667	-0.9	0	0.8	4.33954e-05
0.0166667	-0.86	0	0.8	2.9605e-05
0.0166667	-0.82	0	0.8	1.97409e-05
0.0166667	-0.78	0	0.8	1.33236e-05
0.0166667	-0.74	0	0.8	8.49349e-06
0.0166667	-0.7	0	0.8	6.14006e-06
0.0166667	-0.66	0	0.8	3.74987e-06
0.0166667	-0.62	0	0.8	2.72851e-06
0.0166667	-0.58	0	0.8	0.048767
0.0166667	-0.54	0	0.8	0.0708348
0.0166667	-0.5	0	0.8	0.097301
0.0166667	-0.46	0	0.8	0.13326
0.0166667	-0.42	0	0.8	0.180321
0.0166667	-0.38	0	0.8	0.226451
0.0166667	-0.34	0	0.8	0.28544
0.0166667	-0.3	0	0.8	0.34564
0.0166667	-0.26	0	0.8	0.388827
0.0166667	-0.22	0	0.8	0.411715
0.0166667	-0.18	0	0.8	0.454587
0.0166667	-0.14	0	0.8	0.48711
0.0166667	-0.1	0	0.8	0.479558
0.0166667	-0.06	0	0.8	0.481201
0.0166667	-0.02	0	0.8	0.474
0.0166667	0.02	0	0.8	0.429027
0.0166667	0.06	0	0.8	0.385434
0.0166667	0.1	0	0.8	0.350957
0.0166667	0.14	0	0.8	0.279494
0.0166667	0.18	0	0.8	0.231252
0.0166667	0.22	0	0.8	0.175961
0.0166667	0.26	0	0.8	0.136075
0.0166667	0.3	0	0.8	0.100567
0.0166667	0.34	0	0.8	0.0696029
0.0166667	0.38	0	0.8	0.0501554
0.0166667	0.42	0	0.8	0.032644
0.0166667	0.46	0	0.8	0.0236085
0.0166667	0.5	0	0.8	0.016123
0.0166667	0.54	0	0.8	0.0110536
0.0166667	0.58	0	0.8	0.00720966
0.0166667	0.62	0	0.8	0.00494068
0.0166667	0.66	0	0.8	0.003361
0.0166667	0.7	0	0.8	0.00233582
0.0166667	0.74	0	0.8	0.00155756
0.0166667	0.78	0	0.8	0.00101567
0.0166667	0.82	0	0.8	0.000719311
0.0166667	0.86	0	0.8	0.000507929
0.0166667	0.9	0	0.8	0.000317483
0.0166667	0.94	0	0.8	0.000213404
0.0166667	0.98	0	0.8	0.000143662
0.05	-0.98	0	0.8	8.88794e-05
0.05	-0.94	0	0.8	6.01137e-05
0.05	-0.9	0	0.8	4.13847e-05
0.05	-0.86	0	0.8	2.73287e-05
0.05	-0.82	0	0.8	1.82707e-05
0.05	-0.78	0	0.8	1.32208e-05
0.05	-0.74	0	0.8	8.65841e-06
0.05	-0.7	0	0.8	5.97942e-06
0.05	-0.66	0	0.8	3.86749e-06
0.05	-0.62	0	0.8	2.72117e-06
0.05	-0.58	0	0.8	0.045953
0.05	-0.54	0	0.8	0.065106
0.05	-0.5	0	0.8	0.0896154
0.05	-0.46	0	0.8	0.132713
0.05	-0.42	0	0.8	0.163478
0.05	-0.38	0	0.8	0.210076
0.05	-0.34	0	0.8	0.262915
0.05	-0.3	0	0.8	0.296491
0.05	-0.26	0	0.8	0.354092
0.05	-0.22	0	0.8	0.392496
0.05	-0.18	0	0.8	0.421835
0.05	-0.14	0	0.8	0.417963
0.05	-0.1	0	0.8	0.447744
0.05	-0.06	0	0.8	0.442136
0.05	-0.02	0	0.8	0.424075
0.05	0.02	0	0.8	0.393883
0.05	0.06	0	0.8	0.342871
0.05	0.1	0	0.8	0.31164
0.05	0.14	0	0.8	0.258389
0.05	0.18	0	0.8	0.208982
0.05	0.22	0	0.8	0.159788
0.05	0.26	0	0.8	0.121154
0.05	0.3	0	0.8	0.0869426
0.05	0.34	0	0.8	0.0665754
0.05	0.38	0	0.8	0.0455534
0.05	0.42	0	0.8	0.0322494
0.05	0.46	0	0.8	0.0206056
0.05	0.5	0	0.8	0.0153707
0.05	0.54	0	0.8	0.0104119
0.05	0.58	0	0.8	0.00687792
0.05	0.62	0	0.8	0.00478591
0.05	0.66	0	0.8	0.00321358
0.05	0.7	0	0.8	0.00222323
0.05	0.74	0	0.8	0.00143704
0.05	0.78	0	0.8	0.000989003
0.05	0.82	0	0.8	0.000668098
0.05	0.86	0	0.8	0.000439127
0.05	0.9	0	0.8	0.000298995
0.05	0.94	0	0.8	0.000207432
0.05	0.98	0	0.8	0.000134279
0.0833333	-0.98	0	0.8	8.75752e-05
0.0833333	-0.94	0	0.8	5.8168e-05
0.0833333	-0.9	0	0.8	4.07984e-05
0.0833333	-0.86	0	0.8	2.66164e-05
0.0833333	-0.82	0	0.8	1.83314e-05
0.0833333	-0.78	0	0.8	1.25942e-05
0.0833333	-0.74	0	0.8	8.28547e-06
0.0833333	-0.7	0	0.8	5.35934e-06
0.0833333	-0.66	0	0.8	3.76787e-06
0.0833333	-0.62	0	0.8	2.42801e-06
0.0833333	-0.58	0	0.8	0.0413687
0.0833333	-0.54	0	0.8	0.0577264
0.0833333	-0.5	0	0.8	0.082493
0.0833333	-0.46	0	0.8	0.110801
0.0833333	-0.42	0	0.8	0.138534
0.0833333	-0.38	0	0.8	0.187373
0.0833333	-0.34	0	0.8	0.231568
0.0833333	-0.3	0	0.8	0.277587
0.0833333	-0.26	0	0.8	0.31308
0.0833333	-0.22	0	0.8	0.344413
0.0833333	-0.18	0	0.8	0.39062
0.0833333	-0.14	0	0.8	0.407883
0.0833333	-0.1	0	0.8	0.408977
0.0833333	-0.06	0	0.8	0.394499
0.0833333	-0.02	0	0.8	0.394661
0.0833333	0.02	0	0.8	0.355644
0.0833333	0.06	0	0.8	0.323702
0.0833333	0.1	0	0.8	0.270333
0.0833333	0.14	0	0.8	0.218658
0.0833333	0.18	0	0.8	0.187373
0.0833333	0.22	0	0.8	0.147382
0.0833333	0.26	0	0.8	0.11252
0.0833333	0.3	0	0.8	0.0777067
0.0833333	0.34	0	0.8	0.0595558
0.0833333	0.38	0	0.8	0.0423072
0.0833333	0.42	0	0.8	0.0312524
0.0833333	0.46	0	0.8	0.0215086
0.0833333	0.5	0	0.8	0.0140887
0.0833333	0.54	0	0.8	0.00896933
0.0833333	0.58	0	0.8	0.00673497
0.0833333	0.62	0	0.8	0.00442637
0.0833333	0.66	0	0.8	0.00304604
0.0833333	0.7	0	0.8	0.00204179
0.0833333	0.74	0	0.8	0.00140039
0.0833333	0.78	0	0.8	0.000950972
0.0833333	0.82	0	0.8	0.000634043
0.0833333	0.86	0	0.8	0.00042156
0.0833333	0.9	0	0.8	0.000288124
0.0833333	0.94	0	0.8	0.000191313
0.0833333	0.98	0	0.8	0.000126473
0.116667	-0.98	0	0.8	8.28851e-05
0.116667	-0.94	0	0.8	5.57566e-05
0.116667	-0.9	0	0.8	3.67554e-05
0.116667	-0.86	0	0.8	2.55556e-05
0.116667	-0.82	0	0.8	1.76851e-05
0.116667	-0.78	0	0.8	1.16128e-05
0.116667	-0.74	0	0.8	7.60398e-06
0.116667	-0.7	0	0.8	5.09402e-06
0.116667	-0.66	0	0.8	3.58026e-06
0.116667	-0.62	0	0.8	2.34304e-06
0.116667	-0.58	0	0.8	0.0355349
0.116667	-0.54	0	0.8	0.0511768
0.116667	-0.5	0	0.8	0.0713895
0.116667	-0.46	0	0.8	0.10181
0.116667	-0.42	0	0.8	0.127944
0.116667	-0.38	0	0.8	0.153681
0.116667	-0.34	0	0.8	0.192752
0.116667	-0.3	0	0.8	0.241619
0.116667	-0.26	0	0.8	0.272797
0.116667	-0.22	0	0.8	0.295007
0.116667	-0.18	0	0.8	0.338843
0.116667	-0.14	0	0.8	0.348849
0.116667	-0.1	0	0.8	0.349236
0.116667	-0.06	0	0.8	0.35009
0.116667	-0.02	0	0.8	0.329958
0.116667	0.02	0	0.8	0.322921
0.116667	0.06	0	0.8	0.273775
0.116667	0.1	0	0.8	0.240354
0.116667	0.14	0	0.8	0.208201
0.116667	0.18	0	0.8	0.170632
0.116667	0.22	0	0.8	0.124641
0.116667	0.26	0	0.8	0.096803
0.116667	0.3	0	0.8	0.0696603
0.116667	0.34	0	0.8	0.0512664
0.116667	0.38	0	0.8	0.0369435
0.116667	0.42	0	0.8	0.0260691
0.116667	0.46	0	0.8	0.0178737
0.116667	0.5	0	0.8	0.0125767
0.116667	0.54	0	0.8	0.00858602
0.116667	0.58	0	0.8	0.00595982
0.116667	0.62	0	0.8	0.00398717
0.116667	0.66	0	0.8	0.00265391
0.116667	0.7	0	0.8	0.00185069
0.116667	0.74	0	0.8	0.00124489
0.116667	0.78	0	0.8	0.00093218
0.116667	0.82	0	0.8	0.000586609
0.116667	0.86	0	0.8	0.000388969
0.116667	0.9	0	0.8	0.000260415
0.116667	0.94	0	0.8	0.000192478
0.116667	0.98	0	0.8	0.000128567
0.15	-0.98	0	0.8	7.81228e-05
0.15	-0.94	0	0.8	5.10066e-05
0.15	-0.9	0	0.8	3.71817e-05
0.15	-0.86	0	0.8	2.48318e-05
0.15	-0.82	0	0.8	1.58589e-05
0.15	-0.78	0	0.8	1.09968e-05
0.15	-0.74	0	0.8	7.60392e-06
0.15	-0.7	0	0.8	5.11228e-06
0.15	-0.66	0	0.8	3.24629e-06
0.15	-0.62	0	0.8	2.3044e-06
0.15	-0.58	0	0.8	0.0321379
0.15	-0.54	0	0.8	0.0447765
0.15	-0.5	0	0.8	0.0623973
0.15	-0.46	0	0.8	0.0775911
0.15	-0.42	0	0.8	0.106095
0.15	-0.38	0	0.8	0.134805
0.15	-0.34	0	0.8	0.171882
0.15	-0.3	0	0.8	0.19763
0.15	-0.26	0	0.8	0.238745
0.15	-0.22	0	0.8	0.254387
0.15	-0.18	0	0.8	0.296265
0.15	-0.14	0	0.8	0.29657
0.15	-0.1	0	0.8	0.30082
0.15	-0.06	0	0.8	0.313075
0.15	-0.02	0	0.8	0.288656
0.15	0.02	0	0.8	0.262336
0.15	0.06	0	0.8	0.238745
0.15	0.1	0	0.8	0.213053
0.15	0.14	0	0.8	0.17039
0.15	0.18	0	0.8	0.134805
0.15	0.22	0	0.8	0.101776
0.15	0.26	0	0.8	0.0807347
0.15	0.3	0	0.8	0.0599525
0.15	0.34	0	0.8	0.0437676
0.15	0.38	0	0.8	0.0313567
0.15	0.42	0	0.8	0.0231043
0.15	0.46	0	0.8	0.016253
0.15	0.5	0	0.8	0.0108796
0.15	0.54	0	0.8	0.00771191
0.15	0.58	0	0.8	0.00541007
0.15	0.62	0	0.8	0.0036836
0.15	0.66	0	0.8	0.00253526
0.15	0.7	0	0.8	0.00175251
0.15	0.74	0	0.8	0.00112241
0.15	0.78	0	0.8	0.000783112
0.15	0.82	0	0.8	0.000543362
0.15	0.86	0	0.8	0.000367964
0.15	0.9	0	0.8	0.000255501
0.15	0.94	0	0.8	0.000169394
0.15	0.98	0	0.8	0.000108918
0.183333	-0.98	0	0.8	7.14328e-05
0.183333	-0.94	0	0.8	4.77664e-05
0.183333	-0.9	0	0.8	3.38313e-05
0.183333	-0.86	0	0.8	2.40584e-05
0.183333	-0.82	0	0.8	1.53773e-05
0.183333	-0.78	0	0.8	9.57205e-06
0.183333	-0.74	0	0.8	6.67974e-06
0.183333	-0.7	0	0.8	4.67939e-06
0.183333	-0.66	0	0.8	3.33387e-06
0.183333	-0.62	0	0.8	2.11568e-06
0.183333	-0.58	0	0.8	0.0275962
0.183333	-0.54	0	0.8	0.0376456
0.183333	-0.5	0	0.8	0.0513046
0.183333	-0.46	0	0.8	0.0660217
0.183333	-0.42	0	0.8	0.0863174
0.183333	-0.38	0	0.8	0.113049
0.183333	-0.34	0	0.8	0.140585
0.183333	-0.3	0	0.8	0.164414
0.183333	-0.26	0	0.8	0.207744
0.183333	-0.22	0	0.8	0.216367
0.183333	-0.18	0	0.8	0.257508
0.183333	-0.14	0	0.8	0.259927
0.183333	-0.1	0	0.8	0.243012
0.183333	-0.06	0	0.8	0.253262
0.183333	-0.02	0	0.8	0.245669
0.183333	0.02	0	0.8	0.224928
0.183333	0.06	0	0.8	0.203589
0.183333	0.1	0	0.8	0.16501
0.183333	0.14	0	0.8	0.133891
0.183333	0.18	0	0.8	0.11465
0.183333	0.22	0	0.8	0.0882006
0.183333	0.26	0	0.8	0.0653014
0.183333	0.3	0	0.8	0.0499568
0.183333	0.34	0	0.8	0.0374475
0.183333	0.38	0	0.8	0.0260658
0.183333	0.42	0	0.8	0.019914
0.183333	0.46	0	0.8	0.01452
0.183333	0.5	0	0.8	0.0096604
0.183333	0.54	0	0.8	0.00684197
0.183333	0.58	0	0.8	0.00459662
0.183333	0.62	0	0.8	0.00320304
0.183333	0.66	0	0.8	0.00227925
0.183333	0.7	0	0.8	0.0015668
0.183333	0.74	0	0.8	0.00105582
0.183333	0.78	0	0.8	0.000685608
0.183333	0.82	0	0.8	0.000478744
0.183333	0.86	0	0.8	0.000331839
0.183333	0.9	0	0.8	0.00023085
0.183333	0.94	0	0.8	0.000157587
0.183333	0.98	0	0.8	0.000103541
0.216667	-0.98	0	0.8	6.87847e-05
0.216667	-0.94	0	0.8	4.44954e-05
0.216667	-0.9	0	0.8	3.21173e-05
0.216667	-0.86	0	0.8	2.08226e-05
0.216667	-0.82	0	0.8	1.43501e-05
0.216667	-0.78	0	0.8	9.4608e-06
0.216667	-0.74	0	0.8	6.56929e-06
0.216667	-0.7	0	0.8	4.41761e-06
0.216667	-0.66	0	0.8	3.07831e-06
0.216667	-0.62	0	0.8	1.98717e-06
0.216667	-0.58	0	0.8	0.0229723
0.216667	-0.54	0	0.8	0.0303149
0.216667	-0.5	0	0.8	0.0406327
0.216667	-0.46	0	0.8	0.0566804
0.216667	-0.42	0	0.8	0.0712062
0.216667	-0.38	0	0.8	0.0919718
0.216667	-0.34	0	0.8	0.118215
0.216667	-0.3	0	0.8	0.139547
0.216667	-0.26	0	0.8	0.153671
0.216667	-0.22	0	0.8	0.184116
0.216667	-0.18	0	0.8	0.18816
0.216667	-0.14	0	0.8	0.207943
0.216667	-0.1	0	0.8	0.214748
0.216667	-0.06	0	0.8	0.206138
0.216667	-0.02	0	0.8	0.19228
0.216667	0.02	0	0.8	0.175273
0.216667	0.06	0	0.8	0.153952
0.216667	0.1	0	0.8	0.134952
0.216667	0.14	0	0.8	0.11297
0.216667	0.18	0	0.8	0.0932786
0.216667	0.22	0	0.8	0.0732664
0.216667	0.26	0	0.8	0.0552931
0.216667	0.3	0	0.8	0.040782
0.216667	0.34	0	0.8	0.0318085
0.216667	0.38	0	0.8	0.0221648
0.216667	0.42	0	0.8	0.0165921
0.216667	0.46	0	0.8	0.0117191
0.216667	0.5	0	0.8	0.00851753
0.216667	0.54	0	0.8	0.00568954
0.216667	0.58	0	0.8	0.00420279
0.216667	0.62	0	0.8	0.0028648
0.216667	0.66	0	0.8	0.00190239
0.216667	0.7	0	0.8	0.00141346
0.216667	0.74	0	0.8	0.000937384
0.216667	0.78	0	0.8	0.00063634
0.216667	0.82	0	0.8	0.000443536
0.216667	0.86	0	0.8	0.000305281
0.216667	0.9	0	0.8	0.000215642
0.216667	0.94	0	0.8	0.000140931
0.216667	0.98	0	0.8	9.67537e-05
0.25	-0.98	0	0.8	6.1596e-05
0.25	-0.94	0	0.8	4.13756e-05
0.25	-0.9	0	0.8	2.87377e-05
0.25	-0.86	0	0.8	1.88292e-05
0.25	-0.82	0	0.8	1.23068e-05
0.25	-0.78	0	0.8	8.76578e-06
0.25	-0.74	0	0.8	5.81623e-06
0.25	-0.7	0	0.8	3.97541e-06
0.25	-0.66	0	0.8	2.65731e-06
0.25	-0.62	0	0.8	1.80427e-06
0.25	-0.58	0	0.8	0.0193207
0.25	-0.54	0	0.8	0.0254791
0.25	-0.5	0	0.8	0.034124
0.25	-0.46	0	0.8	0.0466954
0.25	-0.42	0	0.8	0.0580753
0.25	-0.38	0	0.8	0.0762567
0.25	-0.34	0	0.8	0.0895411
0.25	-0.3	0	0.8	0.107181
0.25	-0.26	0	0.8	0.122235
0.25	-0.22	0	0.8	0.14202
0.25	-0.18	0	0.8	0.148903
0.25	-0.14	0	0.8	0.158553
0.25	-0.1	0	0.8	0.1717
0.25	-0.06	0	0.8	0.165707
0.25	-0.02	0	0.8	0.152987
0.25	0.02	0	0.8	0.141018
0.25	0.06	0	0.8	0.127142
0.25	0.1	0	0.8	0.101601
0.25	0.14	0	0.8	0.0903463
0.25	0.18	0	0.8	0.0769118
0.25	0.22	0	0.8	0.0594258
0.25	0.26	0	0.8	0.0462929
0.25	0.3	0	0.8	0.0368759
0.25	0.34	0	0.8	0.0267119
0.25	0.38	0	0.8	0.0189511
0.25	0.42	0	0.8	0.0137517
0.25	0.46	0	0.8	0.0103342
0.25	0.5	0	0.8	0.00703385
0.25	0.54	0	0.8	0.00499098
0.25	0.58	0	0.8	0.00347011
0.25	0.62	0	0.8	0.00245698
0.25	0.66	0	0.8	0.00179911
0.25	0.7	0	0.8	0.00125435
0.25	0.74	0	0.8	0.000826159
0.25	0.78	0	0.8	0.000580776
0.25	0.82	0	0.8	0.000413452
0.25	0.86	0	0.8	0.000270794
0.25	0.9	0	0.8	0.000186156
0.25	0.94	0	0.8	0.000136573
0.25	0.98	0	0.8	8.08916e-05
0.283333	-0.98	0	0.8	5.80054e-05
0.283333	-0.94	0	0.8	3.70302e-05
0.283333	-0.9	0	0.8	2.62937e-05
0.283333	-0.86	0	0.8	1.72224e-05
0.283333	-0.82	0	0.8	1.18294e-05
0.283333	-0.78	0	0.8	8.56916e-06
0.283333	-0.74	0	0.8	5.54463e-06
0.283333	-0.7	0	0.8	3.76479e-06
0.283333	-0.66	0	0.8	2.48755e-06
0.283333	-0.62	0	0.8	1.71365e-06
0.283333	-0.58	0	0.8	0.0152099
0.283333	-0.54	0	0.8	0.0207151
0.283333	-0.5	0	0.8	0.0291873
0.283333	-0.46	0	0.8	0.0345001
0.283333	-0.42	0	0.8	0.0460819
0.283333	-0.38	0	0.8	0.0572091
0.283333	-0.34	0	0.8	0.0727004
0.283333	-0.3	0	0.8	0.0851256
0.283333	-0.26	0	0.8	0.0978335
0.283333	-0.22	0	0.8	0.114293
0.283333	-0.18	0	0.8	0.126588
0.283333	-0.14	0	0.8	0.123008
0.283333	-0.1	0	0.8	0.12641
0.283333	-0.06	0	0.8	0.127227
0.283333	-0.02	0	0.8	0.11729
0.283333	0.02	0	0.8	0.116241
0.283333	0.06	0	0.8	0.098181
0.283333	0.1	0	0.8	0.0840728
0.283333	0.14	0	0.8	0.0728268
0.283333	0.18	0	0.8	0.0577264
0.283333	0.22	0	0.8	0.0464122
0.283333	0.26	0	0.8	0.0370796
0.283333	0.3	0	0.8	0.0275082
0.283333	0.34	0	0.8	0.0204548
0.283333	0.38	0	0.8	0.0155688
0.283333	0.42	0	0.8	0.0114748
0.283333	0.46	0	0.8	0.00847167
0.283333	0.5	0	0.8	0.00596499
0.283333	0.54	0	0.8	0.00427195
0.283333	0.58	0	0.8	0.00305576
0.283333	0.62	0	0.8	0.00213592
0.283333	0.66	0	0.8	0.00147519
0.283333	0.7	0	0.8	0.00108461
0.283333	0.74	0	0.8	0.000721868
0.283333	0.78	0	0.8	0.000505599
0.283333	0.82	0	0.8	0.000350642
0.283333	0.86	0	0.8	0.000259235
0.283333	0.9	0	0.8	0.000170396
0.283333	0.94	0	0.8	0.000121642
0.283333	0.98	0	0.8	7.94821e-05
0.316667	-0.98	0	0.8	4.87041e-05
0.316667	-0.94	0	0.8	3.35686e-05
0.316667	-0.9	0	0.8	2.20992e-05
0.316667	-0.86	0	0.8	1.58495e-05
0.316667	-0.82	0	0.8	1.03905e-05
0.316667	-0.78	0	0.8	7.24044e-06
0.316667	-0.74	0	0.8	4.76655e-06
0.316667	-0.7	0	0.8	3.43537e-06
0.316667	-0.66	0	0.8	2.4055e-06
0.316667	-0.62	0	0.8	1.57092e-06
0.316667	-0.58	0	0.8	0.0125499
0.316667	-0.54	0	0.8	0.0168496
0.316667	-0.5	0	0.8	0.0232827
0.316667	-0.46	0	0.8	0.0269301
0.316667	-0.42	0	0.8	0.0347299
0.316667	-0.38	0	0.8	0.0472977
0.316667	-0.34	0	0.8	0.0547954
0.316667	-0.3	0	0.8	0.0656461
0.316667	-0.26	0	0.8	0.0755329
0.316667	-0.22	0	0.8	0.0851197
0.316667	-0.18	0	0.8	0.0923611
0.316667	-0.14	0	0.8	0.0962509
0.316667	-0.1	0	0.8	0.0978167
0.316667	-0.06	0	0.8	0.0926986
0.316667	-0.02	0	0.8	0.0901045
0.316667	0.02	0	0.8	0.0863102
0.316667	0.06	0	0.8	0.0742008
0.316667	0.1	0	0.8	0.0643725
0.316667	0.14	0	0.8	0.0586115
0.316667	0.18	0	0.8	0.0463308
0.316667	0.22	0	0.8	0.0369977
0.316667	0.26	0	0.8	0.0286642
0.316667	0.3	0	0.8	0.0220221
0.316667	0.34	0	0.8	0.0172387
0.316667	0.38	0	0.8	0.012774
0.316667	0.42	0	0.8	0.00971197
0.316667	0.46	0	0.8	0.00655999
0.316667	0.5	0	0.8	0.00493121
0.316667	0.54	0	0.8	0.00347052
0.316667	0.58	0	0.8	0.00256911
0.316667	0.62	0	0.8	0.00175677
0.316667	0.66	0	0.8	0.00121598
0.316667	0.7	0	0.8	0.000933044
0.316667	0.74	0	0.8	0.000630059
0.316667	0.78	0	0.8	0.000435062
0.316667	0.82	0	0.8	0.000315693
0.316667	0.86	0	0.8	0.000220167
0.316667	0.9	0	0.8	0.000149002
0.316667	0.94	0	0.8	0.00010649
0.316667	0.98	0	0.8	6.98046e-05
0.35	-0.98	0	0.8	4.22039e-05
0.35	-0.94	0	0.8	2.91966e-05
0.35	-0.9	0	0.8	1.934e-05
0.35	-0.86	0	0.8	1.3953e-05
0.35	-0.82	0	0.8	9.97886e-06
0.35	-0.78	0	0.8	6.7685e-06
0.35	-0.74	0	0.8	4.62458e-06
0.35	-0.7	0	0.8	2.96677e-06
0.35	-0.66	0	0.8	2.0373e-06
0.35	-0.62	0	0.8	1.41533e-06
0.35	-0.58	0	0.8	0.0102958
0.35	-0.54	0	0.8	0.0138661
0.35	-0.5	0	0.8	0.0178734
0.35	-0.46	0	0.8	0.0213841
0.35	-0.42	0	0.8	0.0279472
0.35	-0.38	0	0.8	0.0362253
0.35	-0.34	0	0.8	0.0407734
0.35	-0.3	0	0.8	0.0481385
0.35	-0.26	0	0.8	0.0594581
0.35	-0.22	0	0.8	0.0640457
0.35	-0.18	0	0.8	0.0681056
0.35	-0.14	0	0.8	0.0722547
0.35	-0.1	0	0.8	0.0719751
0.35	-0.06	0	0.8	0.0716198
0.35	-0.02	0	0.8	0.0694386
0.35	0.02	0	0.8	0.0621389
0.35	0.06	0	0.8	0.0587527
0.35	0.1	0	0.8	0.0506907
0.35	0.14	0	0.8	0.0415216
0.35	0.18	0	0.8	0.0351088
0.35	0.22	0	0.8	0.0295054
0.35	0.26	0	0.8	0.022541
0.35	0.3	0	0.8	0.0175315
0.35	0.34	0	0.8	0.0135564
0.35	0.38	0	0.8	0.0104398
0.35	0.42	0	0.8	0.007708
0.35	0.46	0	0.8	0.00563818
0.35	0.5	0	0.8	0.00419325
0.35	0.54	0	0.8	0.00287663
0.35	0.58	0	0.8	0.00209262
0.35	0.62	0	0.8	0.00155298
0.35	0.66	0	0.8	0.00108696
0.35	0.7	0	0.8	0.00078675
0.35	0.74	0	0.8	0.000541816
0.35	0.78	0	0.8	0.000401734
0.35	0.82	0	0.8	0.000275324
0.35	0.86	0	0.8	0.000182463
0.35	0.9	0	0.8	0.000124362
0.35	0.94	0	0.8	9.14679e-05
0.35	0.98	0	0.8	6.01272e-05
0.383333	-0.98	0	0.8	3.77241e-05
0.383333	-0.94	0	0.8	2.65627e-05
0.383333	-0.9	0	0.8	1.81549e-05
0.383333	-0.86	0	0.8	1.18385e-05
0.383333	-0.82	0	0.8	8.66122e-06
0.383333	-0.78	0	0.8	5.73584e-06
0.383333	-0.74	0	0.8	3.95141e-06
0.383333	-0.7	0	0.8	2.60664e-06
0.383333	-0.66	0	0.8	1.94512e-06
0.383333	-0.62	0	0.8	1.32371e-06
0.383333	-0.58	0	0.8	0.0083042
0.383333	-0.54	0	0.8	0.0109134
0.383333	-0.5	0	0.8	0.0143316
0.383333	-0.46	0	0.8	0.0172149
0.383333	-0.42	0	0.8	0.0216248
0.383333	-0.38	0	0.8	0.02681
0.383333	-0.34	0	0.8	0.0317681
0.383333	-0.3	0	0.8	0.0386626
0.383333	-0.26	0	0.8	0.0438964
0.383333	-0.22	0	0.8	0.0465705
0.383333	-0.18	0	0.8	0.0533243
0.383333	-0.14	0	0.8	0.0541793
0.383333	-0.1	0	0.8	0.0546196
0.383333	-0.06	0	0.8	0.0542735
0.383333	-0.02	0	0.8	0.051793
0.383333	0.02	0	0.8	0.0478247
0.383333	0.06	0	0.8	0.0441227
0.383333	0.1	0	0.8	0.037471
0.383333	0.14	0	0.8	0.032391
0.383333	0.18	0	0.8	0.0263844
0.383333	0.22	0	0.8	0.0225516
0.383333	0.26	0	0.8	0.0166277
0.383333	0.3	0	0.8	0.0140401
0.383333	0.34	0	0.8	0.0106128
0.383333	0.38	0	0.8	0.00803217
0.383333	0.42	0	0.8	0.00618506
0.383333	0.46	0	0.8	0.0048516
0.383333	0.5	0	0.8	0.00323838
0.383333	0.54	0	0.8	0.00250397
0.383333	0.58	0	0.8	0.00185607
0.383333	0.62	0	0.8	0.0012397
0.383333	0.66	0	0.8	0.000945531
0.383333	0.7	0	0.8	0.000641125
0.383333	0.74	0	0.8	0.000447063
0.383333	0.78	0	0.8	0.000343111
0.383333	0.82	0	0.8	0.000238825
0.383333	0.86	0	0.8	0.000166507
0.383333	0.9	0	0.8	0.00011039
0.383333	0.94	0	0.8	7.86999e-05
0.383333	0.98	0	0.8	5.52679e-05
0.416667	-0.98	0	0.8	3.21199e-05
0.416667	-0.94	0	0.8	2.29172e-05
0.416667	-0.9	0	0.8	1.60544e-05
0.416667	-0.86	0	0.8	1.13398e-05
0.416667	-0.82	0	0.8	7.27175e-06
0.416667	-0.78	0	0.8	5.25348e-06
0.416667	-0.74	0	0.8	3.76282e-06
0.416667	-0.7	0	0.8	2.4783e-06
0.416667	-0.66	0	0.8	1.7347e-06
0.416667	-0.62	0	0.8	1.15079e-06
0.416667	-0.58	0	0.8	0.00631095
0.416667	-0.54	0	0.8	0.00876532
0.416667	-0.5	0	0.8	0.0111235
0.416667	-0.46	0	0.8	0.0139845
0.416667	-0.42	0	0.8	0.0156814
0.416667	-0.38	0	0.8	0.0206257
0.416667	-0.34	0	0.8	0.0229542
0.416667	-0.3	0	0.8	0.0279527
0.416667	-0.26	0	0.8	0.0326299
0.416667	-0.22	0	0.8	0.0379978
0.416667	-0.18	0	0.8	0.0378262
0.416667	-0.14	0	0.8	0.0366558
0.416667	-0.1	0	0.8	0.0408456
0.416667	-0.06	0	0.8	0.0392196
0.416667	-0.02	0	0.8	0.0393525
0.416667	0.02	0	0.8	0.0349085
0.416667	0.06	0	0.8	0.0334135
0.416667	0.1	0	0.8	0.028249
0.416667	0.14	0	0.8	0.0238469
0.416667	0.18	0	0.8	0.020304
0.416667	0.22	0	0.8	0.0169171
0.416667	0.26	0	0.8	0.0139133
0.416667	0.3	0	0.8	0.0108224
0.416667	0.34	0	0.8	0.00842763
0.416667	0.38	0	0.8	0.00644642
0.416667	0.42	0	0.8	0.00477372
0.416667	0.46	0	0.8	0.00347989
0.416667	0.5	0	0.8	0.00279573
0.416667	0.54	0	0.8	0.00202338
0.416667	0.58	0	0.8	0.00143948
0.416667	0.62	0	0.8	0.00102916
0.416667	0.66	0	0.8	0.000784772
0.416667	0.7	0	0.8	0.000532589
0.416667	0.74	0	0.8	0.000406568
0.416667	0.78	0	0.8	0.000261796
0.416667	0.82	0	0.8	0.000190599
0.416667	0.86	0	0.8	0.00013474
0.416667	0.9	0	0.8	9.52757e-05
0.416667	0.94	0	0.8	6.78793e-05
0.416667	0.98	0	0.8	4.57152e-05
0.45	-0.98	0	0.8	2.68272e-05
0.45	-0.94	0	0.8	1.96933e-05
0.45	-0.9	0	0.8	1.43876e-05
0.45	-0.86	0	0.8	9.88978e-06
0.45	-0.82	0	0.8	6.51419e-06
0.45	-0.78	0	0.8	4.45816e-06
0.45	-0.74	0	0.8	3.07369e-06
0.45	-0.7	0	0.8	2.13137e-06
0.45	-0.66	0	0.8	1.55039e-06
0.45	-0.62	0	0.8	9.82021e-07
0.45	-0.58	0	0.8	0.00508758
0.45	-0.54	0	0.8	0.00657132
0.45	-0.5	0	0.8	0.00781665
0.45	-0.46	0	0.8	0.00997735
0.45	-0.42	0	0.8	0.0127982
0.45	-0.38	0	0.8	0.0143047
0.45	-0.34	0	0.8	0.0180648
0.45	-0.3	0	0.8	0.0210051
0.45	-0.26	0	0.8	0.0233091
0.45	-0.22	0	0.8	0.025805
0.45	-0.18	0	0.8	0.0279234
0.45	-0.14	0	0.8	0.0289508
0.45	-0.1	0	0.8	0.029303
0.45	-0.06	0	0.8	0.0287484
0.45	-0.02	0	0.8	0.0279234
0.45	0.02	0	0.8	0.0265306
0.45	0.06	0	0.8	0.0228553
0.45	0.1	0	0.8	0.0210051
0.45	0.14	0	0.8	0.0184134
0.45	0.18	0	0.8	0.0155661
0.45	0.22	0	0.8	0.0126869
0.45	0.26	0	0.8	0.0104663
0.45	0.3	0	0.8	0.00823643
0.45	0.34	0	0.8	0.00635493
0.45	0.38	0	0.8	0.00494625
0.45	0.42	0	0.8	0.00390184
0.45	0.46	0	0.8	0.0029529
0.45	0.5	0	0.8	0.00225772
0.45	0.54	0	0.8	0.00163278
0.45	0.58	0	0.8	0.0011975
0.45	0.62	0	0.8	0.000913054
0.45	0.66	0	0.8	0.000623754
0.45	0.7	0	0.8	0.000442756
0.45	0.74	0	0.8	0.00033664
0.45	0.78	0	0.8	0.000237915
0.45	0.82	0	0.8	0.000171473
0.45	0.86	0	0.8	0.000118738
0.45	0.9	0	0.8	8.45063e-05
0.45	0.94	0	0.8	5.73808e-05
0.45	0.98	0	0.8	4.03052e-05
0.483333	-0.98	0	0.8	2.54566e-05
0.483333	-0.94	0	0.8	1.77699e-05
0.483333	-0.9	0	0.8	1.23309e-05
0.483333	-0.86	0	0.8	8.24175e-06
0.483333	-0.82	0	0.8	5.99964e-06
0.483333	-0.78	0	0.8	4.14384e-06
0.483333	-0.74	0	0.8	2.80254e-06
0.483333	-0.7	0	0.8	1.83645e-06
0.483333	-0.66	0	0.8	1.3416e-06
0.483333	-0.62	0	0.8	8.9608e-07
0.483333	-0.58	0	0.8	0.00387002
0.483333	-0.54	0	0.8	0.00491352
0.483333	-0.5	0	0.8	0.00613833
0.483333	-0.46	0	0.8	0.00771267
0.483333	-0.42	0	0.8	0.00989187
0.483333	-0.38	0	0.8	0.0112991
0.483333	-0.34	0	0.8	0.0133001
0.483333	-0.3	0	0.8	0.0148876
0.483333	-0.26	0	0.8	0.0174242
0.483333	-0.22	0	0.8	0.0189104
0.483333	-0.18	0	0.8	0.0194462
0.483333	-0.14	0	0.8	0.0208926
0.483333	-0.1	0	0.8	0.019829
0.483333	-0.06	0	0.8	0.0209294
0.483333	-0.02	0	0.8	0.019128
0.483333	0.02	0	0.8	0.0180162
0.483333	0.06	0	0.8	0.0165469
0.483333	0.1	0	0.8	0.0150225
0.483333	0.14	0	0.8	0.0129476
0.483333	0.18	0	0.8	0.0112991
0.483333	0.22	0	0.8	0.00965755
0.483333	0.26	0	0.8	0.00779501
0.483333	0.3	0	0.8	0.00620469
0.483333	0.34	0	0.8	0.00474681
0.483333	0.38	0	0.8	0.0038563
0.483333	0.42	0	0.8	0.0030458
0.483333	0.46	0	0.8	0.0022754
0.483333	0.5	0	0.8	0.00161413
0.483333	0.54	0	0.8	0.00128012
0.483333	0.58	0	0.8	0.000989761
0.483333	0.62	0	0.8	0.000726987
0.483333	0.66	0	0.8	0.000508446
0.483333	0.7	0	0.8	0.00038305
0.483333	0.74	0	0.8	0.000272265
0.483333	0.78	0	0.8	0.000197619
0.483333	0.82	0	0.8	0.000138837
0.483333	0.86	0	0.8	9.518e-05
0.483333	0.9	0	0.8	7.2444e-05
0.483333	0.94	0	0.8	4.98841e-05
0.483333	0.98	0	0.8	3.43385e-05
0.516667	-0.98	0	0.8	2.11586e-05
0.516667	-0.94	0	0.8	1.54288e-05
0.516667	-0.9	0	0.8	1.02224e-05
0.516667	-0.86	0	0.8	7.15354e-06
0.516667	-0.82	0	0.8	4.9589e-06
0.516667	-0.78	0	0.8	3.65338e-06
0.516667	-0.74	0	0.8	2.32899e-06
0.516667	-0.7	0	0.8	1.63144e-06
0.516667	-0.66	0	0.8	1.15944e-06
0.516667	-0.62	0	0.8	7.73388e-07
0.516667	-0.58	0	0.8	0.00322061
0.516667	-0.54	0	0.8	0.00391048
0.516667	-0.5	0	0.8	0.00473043
0.516667	-0.46	0	0.8	0.00604126
0.516667	-0.42	0	0.8	0.00717523
0.516667	-0.38	0	0.8	0.00860238
0.516667	-0.34	0	0.8	0.00955661
0.516667	-0.3	0	0.8	0.0111432
0.516667	-0.26	0	0.8	0.0124372
0.516667	-0.22	0	0.8	0.0136831
0.516667	-0.18	0	0.8	0.0146685
0.516667	-0.14	0	0.8	0.0149137
0.516667	-0.1	0	0.8	0.016371
0.516667	-0.06	0	0.8	0.0148605
0.516667	-0.02	0	0.8	0.0148993
0.516667	0.02	0	0.8	0.013129
0.516667	0.06	0	0.8	0.0128127
0.516667	0.1	0	0.8	0.0109848
0.516667	0.14	0	0.8	0.00971271
0.516667	0.18	0	0.8	0.00815589
0.516667	0.22	0	0.8	0.00720027
0.516667	0.26	0	0.8	0.00571023
0.516667	0.3	0	0.8	0.00475563
0.516667	0.34	0	0.8	0.00390376
0.516667	0.38	0	0.8	0.00293986
0.516667	0.42	0	0.8	0.00230014
0.516667	0.46	0	0.8	0.00184186
0.516667	0.5	0	0.8	0.00135798
0.516667	0.54	0	0.8	0.00100871
0.516667	0.58	0	0.8	0.000762912
0.516667	0.62	0	0.8	0.000544176
0.516667	0.66	0	0.8	0.000417336
0.516667	0.7	0	0.8	0.000318522
0.516667	0.74	0	0.8	0.000228653
0.516667	0.78	0	0.8	0.000162378
0.516667	0.82	0	0.8	0.000117772
0.516667	0.86	0	0.8	8.44448e-05
0.516667	0.9	0	0.8	5.91542e-05
0.516667	0.94	0	0.8	4.30445e-05
0.516667	0.98	0	0.8	3.06725e-05
0.55	-0.98	0	0.8	1.80198e-05
0.55	-0.94	0	0.8	1.27527e-05
0.55	-0.9	0	0.8	8.70281e-06
0.55	-0.86	0	0.8	6.15817e-06
0.55	-0.82	0	0.8	4.43109e-06
0.55	-0.78	0	0.8	3.07154e-06
0.55	-0.74	0	0.8	2.17691e-06
0.55	-0.7	0	0.8	1.44811e-06
0.55	-0.66	0	0.8	1.0084e-06
0.55	-0.62	0	0.8	7.26163e-07
0.55	-0.58	0	0.8	0.00237047
0.55	-0.54	0	0.8	0.0028659
0.55	-0.5	0	0.8	0.00360094
0.55	-0.46	0	0.8	0.00453239
0.55	-0.42	0	0.8	0.00515822
0.55	-0.38	0	0.8	0.00645304
0.55	-0.34	0	0.8	0.00742296
0.55	-0.3	0	0.8	0.00830881
0.55	-0.26	0	0.8	0.00924664
0.55	-0.22	0	0.8	0.00950407
0.55	-0.18	0	0.8	0.0105718
0.55	-0.14	0	0.8	0.0109798
0.55	-0.1	0	0.8	0.0110158
0.55	-0.06	0	0.8	0.0106913
0.55	-0.02	0	0.8	0.010071
0.55	0.02	0	0.8	0.0106397
0.55	0.06	0	0.8	0.00900542
0.55	0.1	0	0.8	0.00800483
0.55	0.14	0	0.8	0.00728267
0.55	0.18	0	0.8	0.00630989
0.55	0.22	0	0.8	0.00520486
0.55	0.26	0	0.8	0.00434613
0.55	0.3	0	0.8	0.00342946
0.55	0.34	0	0.8	0.00300408
0.55	0.38	0	0.8	0.00223223
0.55	0.42	0	0.8	0.00182716
0.55	0.46	0	0.8	0.0014877
0.55	0.5	0	0.8	0.00107232
0.55	0.54	0	0.8	0.000824065
0.55	0.58	0	0.8	0.000624265
0.55	0.62	0	0.8	0.000434309
0.55	0.66	0	0.8	0.000333603
0.55	0.7	0	0.8	0.000250663
0.55	0.74	0	0.8	0.000176486
0.55	0.78	0	0.8	0.000127582
0.55	0.82	0	0.8	9.4621e-05
0.55	0.86	0	0.8	6.61516e-05
0.55	0.9	0	0.8	5.13225e-05
0.55	0.94	0	0.8	3.56961e-05
0.55	0.98	0	0.8	2.54713e-05
0.583333	-0.98	0	0.8	1.5671e-05
0.583333	-0.94	0	0.8	1.05949e-05
0.583333	-0.9	0	0.8	7.40219e-06
0.583333	-0.86	0	0.8	5.24966e-06
0.583333	-0.82	0	0.8	3.89752e-06
0.583333	-0.78	0	0.8	2.62452e-06
0.583333	-0.74	0	0.8	1.80867e-06
0.583333	-0.7	0	0.8	1.29095e-06
0.583333	-0.66	0	0.8	8.92394e-07
0.583333	-0.62	0	0.8	6.12406e-07
0.583333	-0.58	0	0.8	0.00178235
0.583333	-0.54	0	0.8	0.00222674
0.583333	-0.5	0	0.8	0.00280529
0.583333	-0.46	0	0.8	0.0032647
0.583333	-0.42	0	0.8	0.00389028
0.583333	-0.38	0	0.8	0.00461234
0.583333	-0.34	0	0.8	0.00520819
0.583333	-0.3	0	0.8	0.00602834
0.583333	-0.26	0	0.8	0.00679617
0.583333	-0.22	0	0.8	0.00685176
0.583333	-0.18	0	0.8	0.00777715
0.583333	-0.14	0	0.8	0.00760701
0.583333	-0.1	0	0.8	0.00777945
0.583333	-0.06	0	0.8	0.00785642
0.583333	-0.02	0	0.8	0.00718817
0.583333	0.02	0	0.8	0.0075344
0.583333	0.06	0	0.8	0.00650424
0.583333	0.1	0	0.8	0.00597555
0.583333	0.14	0	0.8	0.0055074
0.583333	0.18	0	0.8	0.00477474
0.583333	0.22	0	0.8	0.00410487
0.583333	0.26	0	0.8	0.00321251
0.583333	0.3	0	0.8	0.0027336
0.583333	0.34	0	0.8	0.00217631
0.583333	0.38	0	0.8	0.0016923
0.583333	0.42	0	0.8	0.00138375
0.583333	0.46	0	0.8	0.00108231
0.583333	0.5	0	0.8	0.000875798
0.583333	0.54	0	0.8	0.00063908
0.583333	0.58	0	0.8	0.00049702
0.583333	0.62	0	0.8	0.000365666
0.583333	0.66	0	0.8	0.000273086
0.583333	0.7	0	0.8	0.000200027
0.583333	0.74	0	0.8	0.000153134
0.583333	0.78	0	0.8	0.00010318
0.583333	0.82	0	0.8	8.24001e-05
0.583333	0.86	0	0.8	5.80174e-05
0.583333	0.9	0	0.8	4.04869e-05
0.583333	0.94	0	0.8	2.9612e-05
0.583333	0.98	0	0.8	2.10094e-05
0.616667	-0.98	0	0.8	1.27126e-05
0.616667	-0.94	0	0.8	9.17142e-06
0.616667	-0.9	0	0.8	6.19052e-06
0.616667	-0.86	0	0.8	4.77399e-06
0.616667	-0.82	0	0.8	3.14756e-06
0.616667	-0.78	0	0.8	2.26879e-06
0.616667	-0.74	0	0.8	1.56668e-06
0.616667	-0.7	0	0.8	1.06737e-06
0.616667	-0.66	0	0.8	7.6593e-07
0.616667	-0.62	0	0.8	5.32967e-07
0.616667	-0.58	0	0.8	0.0013313
0.616667	-0.54	0	0.8	0.00165144
0.616667	-0.5	0	0.8	0.00207761
0.616667	-0.46	0	0.8	0.00246079
0.616667	-0.42	0	0.8	0.00296993
0.616667	-0.38	0	0.8	0.00328993
0.616667	-0.34	0	0.8	0.00398639
0.616667	-0.3	0	0.8	0.0043025
0.616667	-0.26	0	0.8	0.00470538
0.616667	-0.22	0	0.8	0.00507713
0.616667	-0.18	0	0.8	0.00563308
0.616667	-0.14	0	0.8	0.00560307
0.616667	-0.1	0	0.8	0.00585686
0.616667	-0.06	0	0.8	0.00568283
0.616667	-0.02	0	0.8	0.00577777
0.616667	0.02	0	0.8	0.00510452
0.616667	0.06	0	0.8	0.00480694
0.616667	0.1	0	0.8	0.00424872
0.616667	0.14	0	0.8	0.00388383
0.616667	0.18	0	0.8	0.00346308
0.616667	0.22	0	0.8	0.00298017
0.616667	0.26	0	0.8	0.00249965
0.616667	0.3	0	0.8	0.00204538
0.616667	0.34	0	0.8	0.00168951
0.616667	0.38	0	0.8	0.00132893
0.616667	0.42	0	0.8	0.0010914
0.616667	0.46	0	0.8	0.000799178
0.616667	0.5	0	0.8	0.000648019
0.616667	0.54	0	0.8	0.000497175
0.616667	0.58	0	0.8	0.000404218
0.616667	0.62	0	0.8	0.000277641
0.616667	0.66	0	0.8	0.000226715
0.616667	0.7	0	0.8	0.000168036
0.616667	0.74	0	0.8	0.000121604
0.616667	0.78	0	0.8	8.83516e-05
0.616667	0.82	0	0.8	6.51843e-05
0.616667	0.86	0	0.8	4.55256e-05
0.616667	0.9	0	0.8	3.36227e-05
0.616667	0.94	0	0.8	2.45835e-05
0.616667	0.98	0	0.8	1.72783e-05
0.65	-0.98	0	0.8	1.05726e-05
0.65	-0.94	0	0.8	7.27882e-06
0.65	-0.9	0	0.8	5.22173e-06
0.65	-0.86	0	0.8	3.74071e-06
0.65	-0.82	0	0.8	2.67645e-06
0.65	-0.78	0	0.8	1.89946e-06
0.65	-0.74	0	0.8	1.33507e-06
0.65	-0.7	0	0.8	9.1943e-07
0.65	-0.66	0	0.8	6.37324e-07
0.65	-0.62	0	0.8	4.60473e-07
0.65	-0.58	0	0.8	0.00101855
0.65	-0.54	0	0.8	0.00122192
0.65	-0.5	0	0.8	0.00150368
0.65	-0.46	0	0.8	0.00185516
0.65	-0.42	0	0.8	0.00214173
0.65	-0.38	0	0.8	0.0023869
0.65	-0.34	0	0.8	0.00281919
0.65	-0.3	0	0.8	0.00323146
0.65	-0.26	0	0.8	0.00338653
0.65	-0.22	0	0.8	0.00386675
0.65	-0.18	0	0.8	0.0038392
0.65	-0.14	0	0.8	0.00412759
0.65	-0.1	0	0.8	0.0042005
0.65	-0.06	0	0.8	0.00409176
0.65	-0.02	0	0.8	0.00406136
0.65	0.02	0	0.8	0.00364937
0.65	0.06	0	0.8	0.00341715
0.65	0.1	0	0.8	0.00313658
0.65	0.14	0	0.8	0.00280921
0.65	0.18	0	0.8	0.00238252
0.65	0.22	0	0.8	0.00214928
0.65	0.26	0	0.8	0.00182953
0.65	0.3	0	0.8	0.00156254
0.65	0.34	0	0.8	0.00127916
0.65	0.38	0	0.8	0.00100783
0.65	0.42	0	0.8	0.000882036
0.65	0.46	0	0.8	0.000687083
0.65	0.5	0	0.8	0.000508784
0.65	0.54	0	0.8	0.000393718
0.65	0.58	0	0.8	0.000300228
0.65	0.62	0	0.8	0.00022332
0.65	0.66	0	0.8	0.00015892
0.65	0.7	0	0.8	0.00012664
0.65	0.74	0	0.8	9.78402e-05
0.65	0.78	0	0.8	6.87423e-05
0.65	0.82	0	0.8	5.24034e-05
0.65	0.86	0	0.8	3.8874e-05
0.65	0.9	0	0.8	2.64289e-05
0.65	0.94	0	0.8	1.90773e-05
0.65	0.98	0	0.8	1.43794e-05
0.683333	-0.98	0	0.8	8.94167e-06
0.683333	-0.94	0	0.8	6.37562e-06
0.683333	-0.9	0	0.8	4.63965e-06
0.683333	-0.86	0	0.8	3.07176e-06
0.683333	-0.82	0	0.8	2.38333e-06
0.683333	-0.78	0	0.8	1.72895e-06
0.683333	-0.74	0	0.8	1.14356e-06
0.683333	-0.7	0	0.8	8.4739e-07
0.683333	-0.66	0	0.8	5.90995e-07
0.683333	-0.62	0	0.8	4.18257e-07
0.683333	-0.58	0	0.8	0.000783007
0.683333	-0.54	0	0.8	0.000968406
0.683333	-0.5	0	0.8	0.00109975
0.683333	-0.46	0	0.8	0.00135407
0.683333	-0.42	0	0.8	0.00165668
0.683333	-0.38	0	0.8	0.0018273
0.683333	-0.34	0	0.8	0.00199183
0.683333	-0.3	0	0.8	0.00227509
0.683333	-0.26	0	0.8	0.00256703
0.683333	-0.22	0	0.8	0.0027723
0.683333	-0.18	0	0.8	0.00277085
0.683333	-0.14	0	0.8	0.0028821
0.683333	-0.1	0	0.8	0.00295832
0.683333	-0.06	0	0.8	0.00298503
0.683333	-0.02	0	0.8	0.00279082
0.683333	0.02	0	0.8	0.00275806
0.683333	0.06	0	0.8	0.00247852
0.683333	0.1	0	0.8	0.00233582
0.683333	0.14	0	0.8	0.00214449
0.683333	0.18	0	0.8	0.00171189
0.683333	0.22	0	0.8	0.00162332
0.683333	0.26	0	0.8	0.00142758
0.683333	0.3	0	0.8	0.00112564
0.683333	0.34	0	0.8	0.000912314
0.683333	0.38	0	0.8	0.000758749
0.683333	0.42	0	0.8	0.000600043
0.683333	0.46	0	0.8	0.000498216
0.683333	0.5	0	0.8	0.000395497
0.683333	0.54	0	0.8	0.000289951
0.683333	0.58	0	0.8	0.000235641
0.683333	0.62	0	0.8	0.000174217
0.683333	0.66	0	0.8	0.000144616
0.683333	0.7	0	0.8	0.000103455
0.683333	0.74	0	0.8	7.73405e-05
0.683333	0.78	0	0.8	5.67379e-05
0.683333	0.82	0	0.8	4.36017e-05
0.683333	0.86	0	0.8	3.00941e-05
0.683333	0.9	0	0.8	2.25003e-05
0.683333	0.94	0	0.8	1.68222e-05
0.683333	0.98	0	0.8	1.18563e-05
0.716667	-0.98	0	0.8	7.02683e-06
0.716667	-0.94	0	0.8	4.95801e-06
0.716667	-0.9	0	0.8	3.77133e-06
0.716667	-0.86	0	0.8	2.83632e-06
0.716667	-0.82	0	0.8	1.94032e-06
0.716667	-0.78	0	0.8	1.36372e-06
0.716667	-0.74	0	0.8	9.89549e-07
0.716667	-0.7	0	0.8	6.82077e-07
0.716667	-0.66	0	0.8	5.18005e-07
0.716667	-0.62	0	0.8	3.45533e-07
0.716667	-0.58	0	0.8	0.000572325
0.716667	-0.54	0	0.8	0.000707389
0.716667	-0.5	0	0.8	0.000847689
0.716667	-0.46	0	0.8	0.00102599
0.716667	-0.42	0	0.8	0.00114102
0.716667	-0.38	0	0.8	0.00131405
0.716667	-0.34	0	0.8	0.00157829
0.716667	-0.3	0	0.8	0.00166579
0.716667	-0.26	0	0.8	0.00177993
0.716667	-0.22	0	0.8	0.00198599
0.716667	-0.18	0	0.8	0.00201281
0.716667	-0.14	0	0.8	0.00205768
0.716667	-0.1	0	0.8	0.0021077
0.716667	-0.06	0	0.8	0.00206137
0.716667	-0.02	0	0.8	0.00203793
0.716667	0.02	0	0.8	0.00189028
0.716667	0.06	0	0.8	0.00191094
0.716667	0.1	0	0.8	0.00165992
0.716667	0.14	0	0.8	0.00152277
0.716667	0.18	0	0.8	0.00130702
0.716667	0.22	0	0.8	0.00119817
0.716667	0.26	0	0.8	0.00101198
0.716667	0.3	0	0.8	0.000841772
0.716667	0.34	0	0.8	0.000685207
0.716667	0.38	0	0.8	0.000576377
0.716667	0.42	0	0.8	0.000461255
0.716667	0.46	0	0.8	0.000366046
0.716667	0.5	0	0.8	0.000301401
0.716667	0.54	0	0.8	0.000235036
0.716667	0.58	0	0.8	0.000180569
0.716667	0.62	0	0.8	0.000139443
0.716667	0.66	0	0.8	0.000109997
0.716667	0.7	0	0.8	8.31641e-05
0.716667	0.74	0	0.8	6.16743e-05
0.716667	0.78	0	0.8	4.55843e-05
0.716667	0.82	0	0.8	3.43779e-05
0.716667	0.86	0	0.8	2.49759e-05
0.716667	0.9	0	0.8	1.87595e-05
0.716667	0.94	0	0.8	1.35855e-05
0.716667	0.98	0	0.8	9.51433e-06
0.75	-0.98	0	0.8	5.81062e-06
0.75	-0.94	0	0.8	4.21659e-06
0.75	-0.9	0	0.8	2.96136e-06
0.75	-0.86	0	0.8	2.20304e-06
0.75	-0.82	0	0.8	1.5813e-06
0.75	-0.78	0	0.8	1.15745e-06
0.75	-0.74	0	0.8	8.17107e-07
0.75	-0.7	0	0.8	5.38581e-07
0.75	-0.66	0	0.8	4.33309e-07
0.75	-0.62	0	0.8	3.03609e-07
0.75	-0.58	0	0.8	0.000418225
0.75	-0.54	0	0.8	0.000520528
0.75	-0.5	0	0.8	0.000616935
0.75	-0.46	0	0.8	0.000726186
0.75	-0.42	0	0.8	0.000839311
0.75	-0.38	0	0.8	0.000997911
0.75	-0.34	0	0.8	0.00114457
0.75	-0.3	0	0.8	0.00120978
0.75	-0.26	0	0.8	0.00127947
0.75	-0.22	0	0.8	0.00140455
0.75	-0.18	0	0.8	0.00152311
0.75	-0.14	0	0.8	0.00147373
0.75	-0.1	0	0.8	0.00155987
0.75	-0.06	0	0.8	0.00149759
0.75	-0.02	0	0.8	0.00145353
0.75	0.02	0	0.8	0.00142423
0.75	0.06	0	0.8	0.00130253
0.75	0.1	0	0.8	0.00120553
0.75	0.14	0	0.8	0.00109272
0.75	0.18	0	0.8	0.000977406
0.75	0.22	0	0.8	0.000872226
0.75	0.26	0	0.8	0.000724896
0.75	0.3	0	0.8	0.000642139
0.75	0.34	0	0.8	0.000531545
0.75	0.38	0	0.8	0.000423538
0.75	0.42	0	0.8	0.000347706
0.75	0.46	0	0.8	0.000286123
0.75	0.5	0	0.8	0.000231592
0.75	0.54	0	0.8	0.000179507
0.75	0.58	0	0.8	0.000140222
0.75	0.62	0	0.8	0.000111427
0.75	0.66	0	0.8	8.46636e-05
0.75	0.7	0	0.8	6.20209e-05
0.75	0.74	0	0.8	4.63028e-05
0.75	0.78	0	0.8	3.61843e-05
0.75	0.82	0	0.8	2.68151e-05
0.75	0.86	0	0.8	1.98247e-05
0.75	0.9	0	0.8	1.52338e-05
0.75	0.94	0	0.8	1.03524e-05
0.75	0.98	0	0.8	8.38473e-06
0.783333	-0.98	0	0.8	4.83942e-06
0.783333	-0.94	0	0.8	3.4908e-06
0.783333	-0.9	0	0.8	2.64567e-06
0.783333	-0.86	0	0.8	1.75889e-06
0.783333	-0.82	0	0.8	1.33498e-06
0.783333	-0.78	0	0.8	9.42263e-07
0.783333	-0.74	0	0.8	6.78322e-07
0.783333	-0.7	0	0.8	4.79199e-07
0.783333	-0.66	0	0.8	3.46667e-07
0.783333	-0.62	0	0.8	2.53096e-07
0.783333	-0.58	0	0.8	0.000321576
0.783333	-0.54	0	0.8	0.000360856
0.783333	-0.5	0	0.8	0.000449471
0.783333	-0.46	0	0.8	0.000578522
0.783333	-0.42	0	0.8	0.000608689
0.783333	-0.38	0	0.8	0.000690886
0.783333	-0.34	0	0.8	0.000783125
0.783333	-0.3	0	0.8	0.000856339
0.783333	-0.26	0	0.8	0.000937384
0.783333	-0.22	0	0.8	0.000978378
0.783333	-0.18	0	0.8	0.00103442
0.783333	-0.14	0	0.8	0.0010818
0.783333	-0.1	0	0.8	0.00109929
0.783333	-0.06	0	0.8	0.0010894
0.783333	-0.02	0	0.8	0.00103997
0.783333	0.02	0	0.8	0.00101199
0.783333	0.06	0	0.8	0.000990568
0.783333	0.1	0	0.8	0.000813368
0.783333	0.14	0	0.8	0.000815174
0.783333	0.18	0	0.8	0.000683417
0.783333	0.22	0	0.8	0.000601026
0.783333	0.26	0	0.8	0.00055576
0.783333	0.3	0	0.8	0.000469718
0.783333	0.34	0	0.8	0.000357445
0.783333	0.38	0	0.8	0.00033065
0.783333	0.42	0	0.8	0.000260837
0.783333	0.46	0	0.8	0.000215146
0.783333	0.5	0	0.8	0.000176397
0.783333	0.54	0	0.8	0.000133919
0.783333	0.58	0	0.8	0.000110922
0.783333	0.62	0	0.8	8.41562e-05
0.783333	0.66	0	0.8	6.16576e-05
0.783333	0.7	0	0.8	4.98681e-05
0.783333	0.74	0	0.8	3.78545e-05
0.783333	0.78	0	0.8	2.88919e-05
0.783333	0.82	0	0.8	2.13746e-05
0.783333	0.86	0	0.8	1.61412e-05
0.783333	0.9	0	0.8	1.16752e-05
0.783333	0.94	0	0.8	8.3475e-06
0.783333	0.98	0	0.8	6.64503e-06
0.816667	-0.98	0	0.8	3.73626e-06
0.816667	-0.94	0	0.8	2.75567e-06
0.816667	-0.9	0	0.8	2.07859e-06
0.816667	-0.86	0	0.8	1.46997e-06
0.816667	-0.82	0	0.8	1.10399e-06
0.816667	-0.78	0	0.8	8.14125e-07
0.816667	-0.74	0	0.8	5.71305e-07
0.816667	-0.7	0	0.8	4.11555e-07
0.816667	-0.66	0	0.8	2.9867e-07
0.816667	-0.62	0	0.8	2.11036e-07
0.816667	-0.58	0	0.8	0.000246855
0.816667	-0.54	0	0.8	0.000286735
0.816667	-0.5	0	0.8	0.000327931
0.816667	-0.46	0	0.8	0.000395395
0.816667	-0.42	0	0.8	0.000442351
0.816667	-0.38	0	0.8	0.000561583
0.816667	-0.34	0	0.8	0.000550516
0.816667	-0.3	0	0.8	0.00063647
0.816667	-0.26	0	0.8	0.000669433
0.816667	-0.22	0	0.8	0.000733944
0.816667	-0.18	0	0.8	0.000734555
0.816667	-0.14	0	0.8	0.00080987
0.816667	-0.1	0	0.8	0.000796326
0.816667	-0.06	0	0.8	0.000743063
0.816667	-0.02	0	0.8	0.000778389
0.816667	0.02	0	0.8	0.00075048
0.816667	0.06	0	0.8	0.000665841
0.816667	0.1	0	0.8	0.00063647
0.816667	0.14	0	0.8	0.000558597
0.816667	0.18	0	0.8	0.000497272
0.816667	0.22	0	0.8	0.000463149
0.816667	0.26	0	0.8	0.000405141
0.816667	0.3	0	0.8	0.000342864
0.816667	0.34	0	0.8	0.000295838
0.816667	0.38	0	0.8	0.000244741
0.816667	0.42	0	0.8	0.000199306
0.816667	0.46	0	0.8	0.000159564
0.816667	0.5	0	0.8	0.000129771
0.816667	0.54	0	0.8	0.000104092
0.816667	0.58	0	0.8	8.38582e-05
0.816667	0.62	0	0.8	6.14464e-05
0.816667	0.66	0	0.8	5.16168e-05
0.816667	0.7	0	0.8	4.0106e-05
0.816667	0.74	0	0.8	3.08763e-05
0.816667	0.78	0	0.8	2.30052e-05
0.816667	0.82	0	0.8	1.77756e-05
0.816667	0.86	0	0.8	1.27828e-05
0.816667	0.9	0	0.8	9.49406e-06
0.816667	0.94	0	0.8	7.47836e-06
0.816667	0.98	0	0.8	5.16383e-06
0.85	-0.98	0	0.8	3.04039e-06
0.85	-0.94	0	0.8	2.34562e-06
0.85	-0.9	0	0.8	1.7177e-06
0.85	-0.86	0	0.8	1.23115e-06
0.85	-0.82	0	0.8	8.99274e-07
0.85	-0.78	0	0.8	6.47664e-07
0.85	-0.74	0	0.8	4.50066e-07
0.85	-0.7	0	0.8	3.33204e-07
0.85	-0.66	0	0.8	2.46177e-07
0.85	-0.62	0	0.8	1.72411e-07
0.85	-0.58	0	0.8	0.000173805
0.85	-0.54	0	0.8	0.000210629
0.85	-0.5	0	0.8	0.000246266
0.85	-0.46	0	0.8	0.000293334
0.85	-0.42	0	0.8	0.000350221
0.85	-0.38	0	0.8	0.00036539
0.85	-0.34	0	0.8	0.000414826
0.85	-0.3	0	0.8	0.000452364
0.85	-0.26	0	0.8	0.000514036
0.85	-0.22	0	0.8	0.000502818
0.85	-0.18	0	0.8	0.000561474
0.85	-0.14	0	0.8	0.000548422
0.85	-0.1	0	0.8	0.000550096
0.85	-0.06	0	0.8	0.000551355
0.85	-0.02	0	0.8	0.000571006
0.85	0.02	0	0.8	0.000511046
0.85	0.06	0	0.8	0.000478675
0.85	0.1	0	0.8	0.000458769
0.85	0.14	0	0.8	0.000439701
0.85	0.18	0	0.8	0.00036934
0.85	0.22	0	0.8	0.000328041
0.85	0.26	0	0.8	0.000298435
0.85	0.3	0	0.8	0.000264736
0.85	0.34	0	0.8	0.000218112
0.85	0.38	0	0.8	0.000189206
0.85	0.42	0	0.8	0.000147143
0.85	0.46	0	0.8	0.000125685
0.85	0.5	0	0.8	0.000100306
0.85	0.54	0	0.8	8.15914e-05
0.85	0.58	0	0.8	6.61689e-05
0.85	0.62	0	0.8	4.87732e-05
0.85	0.66	0	0.8	3.91748e-05
0.85	0.7	0	0.8	2.98616e-05
0.85	0.74	0	0.8	2.39369e-05
0.85	0.78	0	0.8	1.77377e-05
0.85	0.82	0	0.8	1.39005e-05
0.85	0.86	0	0.8	9.89905e-06
0.85	0.9	0	0.8	7.72455e-06
0.85	0.94	0	0.8	5.92543e-06
0.85	0.98	0	0.8	4.23476e-06
0.883333	-0.98	0	0.8	2.46757e-06
0.883333	-0.94	0	0.8	1.94735e-06
0.883333	-0.9	0	0.8	1.41047e-06
0.883333	-0.86	0	0.8	9.71231e-07
0.883333	-0.82	0	0.8	7.27887e-07
0.883333	-0.78	0	0.8	5.27207e-07
0.883333	-0.74	0	0.8	3.82562e-07
0.883333	-0.7	0	0.8	2.8208e-07
0.883333	-0.66	0	0.8	2.07612e-07
0.883333	-0.62	0	0.8	1.44947e-07
0.883333	-0.58	0	0.8	0.000135718
0.883333	-0.54	0	0.8	0.000153592
0.883333	-0.5	0	0.8	0.000178418
0.883333	-0.46	0	0.8	0.000218023
0.883333	-0.42	0	0.8	0.000243345
0.883333	-0.38	0	0.8	0.000279669
0.883333	-0.34	0	0.8	0.000306051
0.883333	-0.3	0	0.8	0.000317205
0.883333	-0.26	0	0.8	0.000371921
0.883333	-0.22	0	0.8	0.000375082
0.883333	-0.18	0	0.8	0.000365936
0.883333	-0.14	0	0.8	0.000407191
0.883333	-0.1	0	0.8	0.000397089
0.883333	-0.06	0	0.8	0.000412798
0.883333	-0.02	0	0.8	0.000398083
0.883333	0.02	0	0.8	0.000366542
0.883333	0.06	0	0.8	0.00033715
0.883333	0.1	0	0.8	0.000329338
0.883333	0.14	0	0.8	0.000322465
0.883333	0.18	0	0.8	0.000276322
0.883333	0.22	0	0.8	0.000244621
0.883333	0.26	0	0.8	0.000223623
0.883333	0.3	0	0.8	0.000185529
0.883333	0.34	0	0.8	0.000148067
0.883333	0.38	0	0.8	0.00013152
0.883333	0.42	0	0.8	0.000105244
0.883333	0.46	0	0.8	8.93845e-05
0.883333	0.5	0	0.8	7.30815e-05
0.883333	0.54	0	0.8	6.08428e-05
0.883333	0.58	0	0.8	4.91953e-05
0.883333	0.62	0	0.8	3.83403e-05
0.883333	0.66	0	0.8	2.94586e-05
0.883333	0.7	0	0.8	2.26462e-05
0.883333	0.74	0	0.8	1.88355e-05
0.883333	0.78	0	0.8	1.37159e-05
0.883333	0.82	0	0.8	1.08253e-05
0.883333	0.86	0	0.8	8.05523e-06
0.883333	0.9	0	0.8	6.00959e-06
0.883333	0.94	0	0.8	4.53002e-06
0.883333	0.98	0	0.8	3.24714e-06
0.916667	-0.98	0	0.8	1.94788e-06
0.916667	-0.94	0	0.8	1.46363e-06
0.916667	-0.9	0	0.8	1.0849e-06
0.916667	-0.86	0	0.8	8.0505e-07
0.916667	-0.82	0	0.8	5.897e-07
0.916667	-0.78	0	0.8	4.3262e-07
0.916667	-0.74	0	0.8	3.03434e-07
0.916667	-0.7	0	0.8	2.36836e-07
0.916667	-0.66	0	0.8	1.58549e-07
0.916667	-0.62	0	0.8	1.12715e-07
0.916667	-0.58	0	0.8	0.000102051
0.916667	-0.54	0	0.8	0.000117489
0.916667	-0.5	0	0.8	0.000133547
0.916667	-0.46	0	0.8	0.00015607
0.916667	-0.42	0	0.8	0.000176861
0.916667	-0.38	0	0.8	0.000202212
0.916667	-0.34	0	0.8	0.000220204
0.916667	-0.3	0	0.8	0.000238383
0.916667	-0.26	0	0.8	0.000247546
0.916667	-0.22	0	0.8	0.000261421
0.916667	-0.18	0	0.8	0.000260076
0.916667	-0.14	0	0.8	0.000290892
0.916667	-0.1	0	0.8	0.000285592
0.916667	-0.06	0	0.8	0.000282351
0.916667	-0.02	0	0.8	0.000279214
0.916667	0.02	0	0.8	0.00027133
0.916667	0.06	0	0.8	0.000255143
0.916667	0.1	0	0.8	0.000247968
0.916667	0.14	0	0.8	0.000230161
0.916667	0.18	0	0.8	0.000199784
0.916667	0.22	0	0.8	0.000177481
0.916667	0.26	0	0.8	0.000147885
0.916667	0.3	0	0.8	0.000132598
0.916667	0.34	0	0.8	0.000120543
0.916667	0.38	0	0.8	9.70438e-05
0.916667	0.42	0	0.8	8.17778e-05
0.916667	0.46	0	0.8	7.06698e-05
0.916667	0.5	0	0.8	5.64894e-05
0.916667	0.54	0	0.8	4.36332e-05
0.916667	0.58	0	0.8	3.43234e-05
0.916667	0.62	0	0.8	2.91514e-05
0.916667	0.66	0	0.8	2.34427e-05
0.916667	0.7	0	0.8	1.75836e-05
0.916667	0.74	0	0.8	1.40001e-05
0.916667	0.78	0	0.8	1.11373e-05
0.916667	0.82	0	0.8	8.52897e-06
0.916667	0.86	0	0.8	6.2667e-06
0.916667	0.9	0	0.8	4.66324e-06
0.916667	0.94	0	0.8	3.5701e-06
0.916667	0.98	0	0.8	2.6368e-06
0.95	-0.98	0	0.8	1.6162e-06
0.95	-0.94	0	0.8	1.18737e-06
0.95	-0.9	0	0.8	8.90071e-07
0.95	-0.86	0	0.8	6.5614e-07
0.95	-0.82	0	0.8	4.81704e-07
0.95	-0.78	0	0.8	3.49151e-07
0.95	-0.74	0	0.8	2.56211e-07
0.95	-0.7	0	0.8	1.88346e-07
0.95	-0.66	0	0.8	1.43746e-07
0.95	-0.62	0	0.8	9.90317e-08
0.95	-0.58	0	0.8	7.16017e-05
0.95	-0.54	0	0.8	8.81108e-05
0.95	-0.5	0	0.8	9.52645e-05
0.95	-0.46	0	0.8	0.000117119
0.95	-0.42	0	0.8	0.000128867
0.95	-0.38	0	0.8	0.000140812
0.95	-0.34	0	0.8	0.000158062
0.95	-0.3	0	0.8	0.000165859
0.95	-0.26	0	0.8	0.000186451
0.95	-0.22	0	0.8	0.000187757
0.95	-0.18	0	0.8	0.000200642
0.95	-0.14	0	0.8	0.000207792
0.95	-0.1	0	0.8	0.000199945
0.95	-0.06	0	0.8	0.000210313
0.95	-0.02	0	0.8	0.00019501
0.95	0.02	0	0.8	0.000201313
0.95	0.06	0	0.8	0.000190631
0.95	0.1	0	0.8	0.000158647
0.95	0.14	0	0.8	0.000156954
0.95	0.18	0	0.8	0.000147853
0.95	0.22	0	0.8	0.000128191
0.95	0.26	0	0.8	0.000113334
0.95	0.3	0	0.8	9.92628e-05
0.95	0.34	0	0.8	8.66123e-05
0.95	0.38	0	0.8	7.44096e-05
0.95	0.42	0	0.8	6.22256e-05
0.95	0.46	0	0.8	5.27197e-05
0.95	0.5	0	0.8	4.17535e-05
0.95	0.54	0	0.8	3.49736e-05
0.95	0.58	0	0.8	2.80741e-05
0.95	0.62	0	0.8	2.24883e-05
0.95	0.66	0	0.8	1.79843e-05
0.95	0.7	0	0.8	1.38023e-05
0.95	0.74	0	0.8	1.10001e-05
0.95	0.78	0	0.8	7.96048e-06
0.95	0.82	0	0.8	6.34141e-06
0.95	0.86	0	0.8	4.82156e-06
0.95	0.9	0	0.8	3.80295e-06
0.95	0.94	0	0.8	2.95845e-06
0.95	0.98	0	0.8	2.20772e-06
0.983333	-0.98	0	0.8	1.2595e-06
0.983333	-0.94	0	0.8	9.10455e-07
0.983333	-0.9	0	0.8	7.22056e-07
0.983333	-0.86	0	0.8	4.97223e-07
0.983333	-0.82	0	0.8	3.87766e-07
0.983333	-0.78	0	0.8	2.93776e-07
0.983333	-0.74	0	0.8	2.10797e-07
0.983333	-0.7	0	0.8	1.55518e-07
0.983333	-0.66	0	0.8	1.06266e-07
0.983333	-0.62	0	0.8	8.40646e-08
0.983333	-0.58	0	0.8	5.27412e-05
0.983333	-0.54	0	0.8	6.49674e-05
0.983333	-0.5	0	0.8	6.97275e-05
0.983333	-0.46	0	0.8	7.84336e-05
0.983333	-0.42	0	0.8	9.05394e-05
0.983333	-0.38	0	0.8	9.85502e-05
0.983333	-0.34	0	0.8	0.000114389
0.983333	-0.3	0	0.8	0.000125163
0.983333	-0.26	0	0.8	0.000139884
0.983333	-0.22	0	0.8	0.000133854
0.983333	-0.18	0	0.8	0.000140379
0.983333	-0.14	0	0.8	0.000148164
0.983333	-0.1	0	0.8	0.000143541
0.983333	-0.06	0	0.8	0.000143776
0.983333	-0.02	0	0.8	0.000146691
0.983333	0.02	0	0.8	0.000139694
0.983333	0.06	0	0.8	0.000126936
0.983333	0.1	0	0.8	0.000123214
0.983333	0.14	0	0.8	0.000117989
0.983333	0.18	0	0.8	0.000104015
0.983333	0.22	0	0.8	9.44688e-05
0.983333	0.26	0	0.8	7.97408e-05
0.983333	0.3	0	0.8	7.09999e-05
0.983333	0.34	0	0.8	6.2655e-05
0.983333	0.38	0	0.8	5.27412e-05
0.983333	0.42	0	0.8	4.60369e-05
0.983333	0.46	0	0.8	3.7848e-05
0.983333	0.5	0	0.8	3.17235e-05
0.983333	0.54	0	0.8	2.57365e-05
0.983333	0.58	0	0.8	2.10486e-05
0.983333	0.62	0	0.8	1.72372e-05
0.983333	0.66	0	0.8	1.31426e-05
0.983333	0.7	0	0.8	1.06464e-05
0.983333	0.74	0	0.8	8.50988e-06
0.983333	0.78	0	0.8	6.75066e-06
0.983333	0.82	0	0.8	4.91797e-06
0.983333	0.86	0	0.8	3.87256e-06
0.983333	0.9	0	0.8	2.94555e-06
0.983333	0.94	0	0.8	2.33429e-06
0.983333	0.98	0	0.8	1.65982e-06
