-0.983333	-0.98	0	0.6	2.87095e-07
-0.983333	-0.94	0	0.6	2.10249e-07
-0.983333	-0.9	0	0.6	1.62457e-07
-0.983333	-0.86	0	0.6	1.19608e-07
-0.983333	-0.82	0	0.6	8.91803e-08
-0.983333	-0.78	0	0.6	6.34462e-08
-0.983333	-0.74	0	0.6	4.85801e-08
-0.983333	-0.7	0	0.6	3.5721e-08
-0.983333	-0.66	0	0.6	1.97309e-05
-0.983333	-0.62	0	0.6	2.26057e-05
-0.983333	-0.58	0	0.6	2.41541e-05
-0.983333	-0.54	0	0.6	2.80029e-05
-0.983333	-0.5	0	0.6	3.22397e-05
-0.983333	-0.46	0	0.6	3.26606e-05
-0.983333	-0.42	0	0.6	3.61894e-05
-0.983333	-0.38	0	0.6	3.8795e-05
-0.983333	-0.34	0	0.6	4.00491e-05
-0.983333	-0.3	0	0.6	4.24421e-05
-0.983333	-0.26	0	0.6	4.51917e-05
-0.983333	-0.22	0	0.6	4.41469e-05
-0.983333	-0.18	0	0.6	4.4626e-05
-0.983333	-0.14	0	0.6	4.51242e-05
-0.983333	-0.1	0	0.6	4.32975e-05
-0.983333	-0.06	0	0.6	3.96063e-05
-0.983333	-0.02	0	0.6	4.08969e-05
-0.983333	0.02	0	0.6	3.79342e-05
-0.983333	0.06	0	0.6	3.39629e-05
-0.983333	0.1	0	0.6	3.00968e-05
-0.983333	0.14	0	0.6	2.78739e-05
-0.983333	0.18	0	0.6	2.48454e-05
-0.983333	0.22	0	0.6	2.27074e-05
-0.983333	0.26	0	0.6	1.94647e-05
-0.983333	0.3	0	0.6	1.63477e-05
-0.983333	0.34	0	0.6	1.46465e-05
-0.983333	0.38	0	0.6	1.20402e-05
-0.983333	0.42	0	0.6	1.06915e-05
-0.983333	0.46	0	0.6	8.65675e-06
-0.983333	0.5	0	0.6	6.92136e-06
-0.983333	0.54	0	0.6	5.65444e-06
-0.983333	0.58	0	0.6	4.58865e-06
-0.983333	0.62	0	0.6	3.72819e-06
-0.983333	0.66	0	0.6	2.8633e-06
-0.983333	0.7	0	0.6	2.30026e-06
-0.983333	0.74	0	0.6	1.6797e-06
-0.983333	0.78	0	0.6	1.35652e-06
-0.983333	0.82	0	0.6	1.10429e-06
-0.983333	0.86	0	0.6	8.60618e-07
-0.983333	0.9	0	0.6	6.49997e-07
-0.983333	0.94	0	0.6	5.03317e-07
-0.983333	0.98	0	0.6	3.66988e-07
-0.95	-0.98	0	0.6	2.35418e-07
-0.95	-0.94	0	0.6	1.79431e-07
-0.95	-0.9	0	0.6	1.30899e-07
-0.95	-0.86	0	0.6	9.2683e-08
-0.95	-0.82	0	0.6	7.0553e-08
-0.95	-0.78	0	0.6	5.33144e-08
-0.95	-0.74	0	0.6	3.91779e-08
-0.95	-0.7	0	0.6	2.76832e-08
-0.95	-0.66	0	0.6	1.47196e-05
-0.95	-0.62	0	0.6	1.6291e-05
-0.95	-0.58	0	0.6	1.87938e-05
-0.95	-0.54	0	0.6	2.02136e-05
-0.95	-0.5	0	0.6	2.21147e-05
-0.95	-0.46	0	0.6	2.42102e-05
-0.95	-0.42	0	0.6	2.65929e-05
-0.95	-0.38	0	0.6	2.81115e-05
-0.95	-0.34	0	0.6	3.04844e-05
-0.95	-0.3	0	0.6	3.09168e-05
-0.95	-0.26	0	0.6	3.22978e-05
-0.95	-0.22	0	0.6	3.17817e-05
-0.95	-0.18	0	0.6	3.26645e-05
-0.95	-0.14	0	0.6	3.25399e-05
-0.95	-0.1	0	0.6	3.06336e-05
-0.95	-0.06	0	0.6	2.92124e-05
-0.95	-0.02	0	0.6	2.85002e-05
-0.95	0.02	0	0.6	2.63091e-05
-0.95	0.06	0	0.6	2.51876e-05
-0.95	0.1	0	0.6	2.23214e-05
-0.95	0.14	0	0.6	2.08063e-05
-0.95	0.18	0	0.6	1.89055e-05
-0.95	0.22	0	0.6	1.56482e-05
-0.95	0.26	0	0.6	1.38538e-05
-0.95	0.3	0	0.6	1.21721e-05
-0.95	0.34	0	0.6	1.05192e-05
-0.95	0.38	0	0.6	9.08261e-06
-0.95	0.42	0	0.6	7.54724e-06
-0.95	0.46	0	0.6	6.40452e-06
-0.95	0.5	0	0.6	5.12423e-06
-0.95	0.54	0	0.6	4.21633e-06
-0.95	0.58	0	0.6	3.45156e-06
-0.95	0.62	0	0.6	2.7779e-06
-0.95	0.66	0	0.6	2.2394e-06
-0.95	0.7	0	0.6	1.71146e-06
-0.95	0.74	0	0.6	1.35233e-06
-0.95	0.78	0	0.6	1.07993e-06
-0.95	0.82	0	0.6	8.60633e-07
-0.95	0.86	0	0.6	6.90494e-07
-0.95	0.9	0	0.6	4.94466e-07
-0.95	0.94	0	0.6	4.09443e-07
-0.95	0.98	0	0.6	2.95209e-07
-0.916667	-0.98	0	0.6	1.67139e-07
-0.916667	-0.94	0	0.6	1.35347e-07
-0.916667	-0.9	0	0.6	1.00197e-07
-0.916667	-0.86	0	0.6	7.62532e-08
-0.916667	-0.82	0	0.6	5.72639e-08
-0.916667	-0.78	0	0.6	4.15493e-08
-0.916667	-0.74	0	0.6	3.14902e-08
-0.916667	-0.7	0	0.6	2.24672e-08
-0.916667	-0.66	0	0.6	1.05073e-05
-0.916667	-0.62	0	0.6	1.15122e-05
-0.916667	-0.58	0	0.6	1.33121e-05
-0.916667	-0.54	0	0.6	1.51472e-05
-0.916667	-0.5	0	0.6	1.6462e-05
-0.916667	-0.46	0	0.6	1.77372e-05
-0.916667	-0.42	0	0.6	1.9032e-05
-0.916667	-0.38	0	0.6	2.01789e-05
-0.916667	-0.34	0	0.6	2.09089e-05
-0.916667	-0.3	0	0.6	2.19052e-05
-0.916667	-0.26	0	0.6	2.30125e-05
-0.916667	-0.22	0	0.6	2.29144e-05
-0.916667	-0.18	0	0.6	2.23169e-05
-0.916667	-0.14	0	0.6	2.31513e-05
-0.916667	-0.1	0	0.6	2.22776e-05
-0.916667	-0.06	0	0.6	2.10067e-05
-0.916667	-0.02	0	0.6	2.05204e-05
-0.916667	0.02	0	0.6	1.90904e-05
-0.916667	0.06	0	0.6	1.7466e-05
-0.916667	0.1	0	0.6	1.68854e-05
-0.916667	0.14	0	0.6	1.49437e-05
-0.916667	0.18	0	0.6	1.32512e-05
-0.916667	0.22	0	0.6	1.19626e-05
-0.916667	0.26	0	0.6	1.04598e-05
-0.916667	0.3	0	0.6	8.76215e-06
-0.916667	0.34	0	0.6	7.4928e-06
-0.916667	0.38	0	0.6	6.78867e-06
-0.916667	0.42	0	0.6	5.33911e-06
-0.916667	0.46	0	0.6	4.59452e-06
-0.916667	0.5	0	0.6	3.86895e-06
-0.916667	0.54	0	0.6	3.24441e-06
-0.916667	0.58	0	0.6	2.61451e-06
-0.916667	0.62	0	0.6	2.1608e-06
-0.916667	0.66	0	0.6	1.74346e-06
-0.916667	0.7	0	0.6	1.32478e-06
-0.916667	0.74	0	0.6	1.03312e-06
-0.916667	0.78	0	0.6	8.57828e-07
-0.916667	0.82	0	0.6	6.42821e-07
-0.916667	0.86	0	0.6	5.23843e-07
-0.916667	0.9	0	0.6	4.00691e-07
-0.916667	0.94	0	0.6	2.89527e-07
-0.916667	0.98	0	0.6	2.24244e-07
-0.883333	-0.98	0	0.6	1.35719e-07
-0.883333	-0.94	0	0.6	1.06056e-07
-0.883333	-0.9	0	0.6	8.17073e-08
-0.883333	-0.86	0	0.6	5.86293e-08
-0.883333	-0.82	0	0.6	4.6044e-08
-0.883333	-0.78	0	0.6	3.28675e-08
-0.883333	-0.74	0	0.6	2.48478e-08
-0.883333	-0.7	0	0.6	1.81459e-08
-0.883333	-0.66	0	0.6	7.66241e-06
-0.883333	-0.62	0	0.6	8.48809e-06
-0.883333	-0.58	0	0.6	9.62298e-06
-0.883333	-0.54	0	0.6	1.10702e-05
-0.883333	-0.5	0	0.6	1.13568e-05
-0.883333	-0.46	0	0.6	1.28702e-05
-0.883333	-0.42	0	0.6	1.3659e-05
-0.883333	-0.38	0	0.6	1.41698e-05
-0.883333	-0.34	0	0.6	1.5081e-05
-0.883333	-0.3	0	0.6	1.63184e-05
-0.883333	-0.26	0	0.6	1.68683e-05
-0.883333	-0.22	0	0.6	1.63441e-05
-0.883333	-0.18	0	0.6	1.65456e-05
-0.883333	-0.14	0	0.6	1.64205e-05
-0.883333	-0.1	0	0.6	1.55413e-05
-0.883333	-0.06	0	0.6	1.54088e-05
-0.883333	-0.02	0	0.6	1.43483e-05
-0.883333	0.02	0	0.6	1.34909e-05
-0.883333	0.06	0	0.6	1.26159e-05
-0.883333	0.1	0	0.6	1.15188e-05
-0.883333	0.14	0	0.6	1.07099e-05
-0.883333	0.18	0	0.6	9.72614e-06
-0.883333	0.22	0	0.6	8.68488e-06
-0.883333	0.26	0	0.6	7.62774e-06
-0.883333	0.3	0	0.6	6.45976e-06
-0.883333	0.34	0	0.6	5.66414e-06
-0.883333	0.38	0	0.6	4.86571e-06
-0.883333	0.42	0	0.6	4.22923e-06
-0.883333	0.46	0	0.6	3.42378e-06
-0.883333	0.5	0	0.6	2.82767e-06
-0.883333	0.54	0	0.6	2.403e-06
-0.883333	0.58	0	0.6	1.91988e-06
-0.883333	0.62	0	0.6	1.54047e-06
-0.883333	0.66	0	0.6	1.2384e-06
-0.883333	0.7	0	0.6	9.9004e-07
-0.883333	0.74	0	0.6	8.13412e-07
-0.883333	0.78	0	0.6	6.30871e-07
-0.883333	0.82	0	0.6	4.94539e-07
-0.883333	0.86	0	0.6	3.85346e-07
-0.883333	0.9	0	0.6	3.0554e-07
-0.883333	0.94	0	0.6	2.42984e-07
-0.883333	0.98	0	0.6	1.79067e-07
-0.85	-0.98	0	0.6	1.0646e-07
-0.85	-0.94	0	0.6	8.28597e-08
-0.85	-0.9	0	0.6	6.2351e-08
-0.85	-0.86	0	0.6	4.67071e-08
-0.85	-0.82	0	0.6	3.63614e-08
-0.85	-0.78	0	0.6	2.72235e-08
-0.85	-0.74	0	0.6	1.90227e-08
-0.85	-0.7	0	0.6	1.47455e-08
-0.85	-0.66	0	0.6	5.6504e-06
-0.85	-0.62	0	0.6	6.30051e-06
-0.85	-0.58	0	0.6	6.70572e-06
-0.85	-0.54	0	0.6	7.84859e-06
-0.85	-0.5	0	0.6	8.37302e-06
-0.85	-0.46	0	0.6	9.10971e-06
-0.85	-0.42	0	0.6	9.81566e-06
-0.85	-0.38	0	0.6	1.04402e-05
-0.85	-0.34	0	0.6	1.11788e-05
-0.85	-0.3	0	0.6	1.17037e-05
-0.85	-0.26	0	0.6	1.16985e-05
-0.85	-0.22	0	0.6	1.20906e-05
-0.85	-0.18	0	0.6	1.12605e-05
-0.85	-0.14	0	0.6	1.13954e-05
-0.85	-0.1	0	0.6	1.16166e-05
-0.85	-0.06	0	0.6	1.05904e-05
-0.85	-0.02	0	0.6	1.04082e-05
-0.85	0.02	0	0.6	9.83078e-06
-0.85	0.06	0	0.6	9.39174e-06
-0.85	0.1	0	0.6	8.69806e-06
-0.85	0.14	0	0.6	7.71817e-06
-0.85	0.18	0	0.6	7.09073e-06
-0.85	0.22	0	0.6	6.35778e-06
-0.85	0.26	0	0.6	5.20343e-06
-0.85	0.3	0	0.6	4.89758e-06
-0.85	0.34	0	0.6	4.31202e-06
-0.85	0.38	0	0.6	3.53493e-06
-0.85	0.42	0	0.6	2.96765e-06
-0.85	0.46	0	0.6	2.60634e-06
-0.85	0.5	0	0.6	2.12141e-06
-0.85	0.54	0	0.6	1.73571e-06
-0.85	0.58	0	0.6	1.48451e-06
-0.85	0.62	0	0.6	1.17426e-06
-0.85	0.66	0	0.6	9.40278e-07
-0.85	0.7	0	0.6	7.88954e-07
-0.85	0.74	0	0.6	6.25109e-07
-0.85	0.78	0	0.6	4.91277e-07
-0.85	0.82	0	0.6	3.7951e-07
-0.85	0.86	0	0.6	3.05184e-07
-0.85	0.9	0	0.6	2.39513e-07
-0.85	0.94	0	0.6	1.84133e-07
-0.85	0.98	0	0.6	1.39727e-07
-0.816667	-0.98	0	0.6	8.54679e-08
-0.816667	-0.94	0	0.6	6.31748e-08
-0.816667	-0.9	0	0.6	4.91981e-08
-0.816667	-0.86	0	0.6	3.75552e-08
-0.816667	-0.82	0	0.6	2.74245e-08
-0.816667	-0.78	0	0.6	2.14109e-08
-0.816667	-0.74	0	0.6	1.60943e-08
-0.816667	-0.7	0	0.6	1.13999e-08
-0.816667	-0.66	0	0.6	3.97841e-06
-0.816667	-0.62	0	0.6	4.65777e-06
-0.816667	-0.58	0	0.6	5.22836e-06
-0.816667	-0.54	0	0.6	5.68809e-06
-0.816667	-0.5	0	0.6	6.36546e-06
-0.816667	-0.46	0	0.6	6.50489e-06
-0.816667	-0.42	0	0.6	7.19372e-06
-0.816667	-0.38	0	0.6	7.21408e-06
-0.816667	-0.34	0	0.6	7.83084e-06
-0.816667	-0.3	0	0.6	7.76901e-06
-0.816667	-0.26	0	0.6	8.18057e-06
-0.816667	-0.22	0	0.6	8.35327e-06
-0.816667	-0.18	0	0.6	8.18517e-06
-0.816667	-0.14	0	0.6	8.18057e-06
-0.816667	-0.1	0	0.6	8.19368e-06
-0.816667	-0.06	0	0.6	7.80671e-06
-0.816667	-0.02	0	0.6	7.53675e-06
-0.816667	0.02	0	0.6	7.12842e-06
-0.816667	0.06	0	0.6	6.62685e-06
-0.816667	0.1	0	0.6	6.20585e-06
-0.816667	0.14	0	0.6	5.40497e-06
-0.816667	0.18	0	0.6	4.99565e-06
-0.816667	0.22	0	0.6	4.76884e-06
-0.816667	0.26	0	0.6	3.99071e-06
-0.816667	0.3	0	0.6	3.41402e-06
-0.816667	0.34	0	0.6	3.0408e-06
-0.816667	0.38	0	0.6	2.55654e-06
-0.816667	0.42	0	0.6	2.30075e-06
-0.816667	0.46	0	0.6	1.83457e-06
-0.816667	0.5	0	0.6	1.58169e-06
-0.816667	0.54	0	0.6	1.34538e-06
-0.816667	0.58	0	0.6	1.09298e-06
-0.816667	0.62	0	0.6	8.96013e-07
-0.816667	0.66	0	0.6	7.04697e-07
-0.816667	0.7	0	0.6	5.80204e-07
-0.816667	0.74	0	0.6	4.69239e-07
-0.816667	0.78	0	0.6	3.75272e-07
-0.816667	0.82	0	0.6	2.83755e-07
-0.816667	0.86	0	0.6	2.33449e-07
-0.816667	0.9	0	0.6	1.81122e-07
-0.816667	0.94	0	0.6	1.37142e-07
-0.816667	0.98	0	0.6	1.08737e-07
-0.783333	-0.98	0	0.6	6.50745e-08
-0.783333	-0.94	0	0.6	5.17726e-08
-0.783333	-0.9	0	0.6	3.83596e-08
-0.783333	-0.86	0	0.6	2.9787e-08
-0.783333	-0.82	0	0.6	2.18331e-08
-0.783333	-0.78	0	0.6	1.64564e-08
-0.783333	-0.74	0	0.6	1.2817e-08
-0.783333	-0.7	0	0.6	9.49952e-09
-0.783333	-0.66	0	0.6	2.88958e-06
-0.783333	-0.62	0	0.6	3.18797e-06
-0.783333	-0.58	0	0.6	3.73955e-06
-0.783333	-0.54	0	0.6	4.01497e-06
-0.783333	-0.5	0	0.6	4.32385e-06
-0.783333	-0.46	0	0.6	4.66519e-06
-0.783333	-0.42	0	0.6	4.94052e-06
-0.783333	-0.38	0	0.6	5.2743e-06
-0.783333	-0.34	0	0.6	5.64633e-06
-0.783333	-0.3	0	0.6	5.78645e-06
-0.783333	-0.26	0	0.6	6.0192e-06
-0.783333	-0.22	0	0.6	6.38403e-06
-0.783333	-0.18	0	0.6	5.97634e-06
-0.783333	-0.14	0	0.6	5.9459e-06
-0.783333	-0.1	0	0.6	5.81332e-06
-0.783333	-0.06	0	0.6	5.66365e-06
-0.783333	-0.02	0	0.6	5.45645e-06
-0.783333	0.02	0	0.6	5.14409e-06
-0.783333	0.06	0	0.6	4.78969e-06
-0.783333	0.1	0	0.6	4.40518e-06
-0.783333	0.14	0	0.6	4.10806e-06
-0.783333	0.18	0	0.6	3.84639e-06
-0.783333	0.22	0	0.6	3.26364e-06
-0.783333	0.26	0	0.6	2.91198e-06
-0.783333	0.3	0	0.6	2.59668e-06
-0.783333	0.34	0	0.6	2.16625e-06
-0.783333	0.38	0	0.6	1.91153e-06
-0.783333	0.42	0	0.6	1.65574e-06
-0.783333	0.46	0	0.6	1.3979e-06
-0.783333	0.5	0	0.6	1.17212e-06
-0.783333	0.54	0	0.6	9.86895e-07
-0.783333	0.58	0	0.6	8.13123e-07
-0.783333	0.62	0	0.6	6.57685e-07
-0.783333	0.66	0	0.6	5.59745e-07
-0.783333	0.7	0	0.6	4.40371e-07
-0.783333	0.74	0	0.6	3.50899e-07
-0.783333	0.78	0	0.6	2.82113e-07
-0.783333	0.82	0	0.6	2.23654e-07
-0.783333	0.86	0	0.6	1.75423e-07
-0.783333	0.9	0	0.6	1.3615e-07
-0.783333	0.94	0	0.6	1.13255e-07
-0.783333	0.98	0	0.6	8.47916e-08
-0.75	-0.98	0	0.6	4.99426e-08
-0.75	-0.94	0	0.6	3.87493e-08
-0.75	-0.9	0	0.6	3.04268e-08
-0.75	-0.86	0	0.6	2.38412e-08
-0.75	-0.82	0	0.6	1.77332e-08
-0.75	-0.78	0	0.6	1.34923e-08
-0.75	-0.74	0	0.6	1.02241e-08
-0.75	-0.7	0	0.6	7.82078e-09
-0.75	-0.66	0	0.6	2.21792e-06
-0.75	-0.62	0	0.6	2.35918e-06
-0.75	-0.58	0	0.6	2.76655e-06
-0.75	-0.54	0	0.6	2.84454e-06
-0.75	-0.5	0	0.6	3.26688e-06
-0.75	-0.46	0	0.6	3.60339e-06
-0.75	-0.42	0	0.6	3.66074e-06
-0.75	-0.38	0	0.6	3.81878e-06
-0.75	-0.34	0	0.6	3.94031e-06
-0.75	-0.3	0	0.6	4.22019e-06
-0.75	-0.26	0	0.6	4.33391e-06
-0.75	-0.22	0	0.6	4.32222e-06
-0.75	-0.18	0	0.6	4.50148e-06
-0.75	-0.14	0	0.6	4.07782e-06
-0.75	-0.1	0	0.6	4.23946e-06
-0.75	-0.06	0	0.6	4.07082e-06
-0.75	-0.02	0	0.6	3.88421e-06
-0.75	0.02	0	0.6	3.62695e-06
-0.75	0.06	0	0.6	3.36598e-06
-0.75	0.1	0	0.6	3.12506e-06
-0.75	0.14	0	0.6	2.95222e-06
-0.75	0.18	0	0.6	2.60764e-06
-0.75	0.22	0	0.6	2.3775e-06
-0.75	0.26	0	0.6	2.10376e-06
-0.75	0.3	0	0.6	1.79774e-06
-0.75	0.34	0	0.6	1.65865e-06
-0.75	0.38	0	0.6	1.40342e-06
-0.75	0.42	0	0.6	1.20254e-06
-0.75	0.46	0	0.6	1.06132e-06
-0.75	0.5	0	0.6	9.14325e-07
-0.75	0.54	0	0.6	7.20438e-07
-0.75	0.58	0	0.6	6.25379e-07
-0.75	0.62	0	0.6	5.03976e-07
-0.75	0.66	0	0.6	4.01099e-07
-0.75	0.7	0	0.6	3.3053e-07
-0.75	0.74	0	0.6	2.67601e-07
-0.75	0.78	0	0.6	2.1359e-07
-0.75	0.82	0	0.6	1.76787e-07
-0.75	0.86	0	0.6	1.33347e-07
-0.75	0.9	0	0.6	1.09116e-07
-0.75	0.94	0	0.6	8.51899e-08
-0.75	0.98	0	0.6	6.51519e-08
-0.716667	-0.98	0	0.6	4.08167e-08
-0.716667	-0.94	0	0.6	3.14413e-08
-0.716667	-0.9	0	0.6	2.31007e-08
-0.716667	-0.86	0	0.6	1.77893e-08
-0.716667	-0.82	0	0.6	1.36596e-08
-0.716667	-0.78	0	0.6	1.0412e-08
-0.716667	-0.74	0	0.6	7.95242e-09
-0.716667	-0.7	0	0.6	5.94978e-09
-0.716667	-0.66	0	0.6	1.56859e-06
-0.716667	-0.62	0	0.6	1.70437e-06
-0.716667	-0.58	0	0.6	1.977e-06
-0.716667	-0.54	0	0.6	2.09151e-06
-0.716667	-0.5	0	0.6	2.31437e-06
-0.716667	-0.46	0	0.6	2.39001e-06
-0.716667	-0.42	0	0.6	2.60843e-06
-0.716667	-0.38	0	0.6	2.67044e-06
-0.716667	-0.34	0	0.6	2.94358e-06
-0.716667	-0.3	0	0.6	3.03085e-06
-0.716667	-0.26	0	0.6	3.10625e-06
-0.716667	-0.22	0	0.6	3.11138e-06
-0.716667	-0.18	0	0.6	2.95438e-06
-0.716667	-0.14	0	0.6	3.1392e-06
-0.716667	-0.1	0	0.6	3.06309e-06
-0.716667	-0.06	0	0.6	2.96588e-06
-0.716667	-0.02	0	0.6	2.82426e-06
-0.716667	0.02	0	0.6	2.73399e-06
-0.716667	0.06	0	0.6	2.5382e-06
-0.716667	0.1	0	0.6	2.34613e-06
-0.716667	0.14	0	0.6	2.17257e-06
-0.716667	0.18	0	0.6	1.93569e-06
-0.716667	0.22	0	0.6	1.70171e-06
-0.716667	0.26	0	0.6	1.59469e-06
-0.716667	0.3	0	0.6	1.36377e-06
-0.716667	0.34	0	0.6	1.21313e-06
-0.716667	0.38	0	0.6	1.00862e-06
-0.716667	0.42	0	0.6	9.1622e-07
-0.716667	0.46	0	0.6	7.53823e-07
-0.716667	0.5	0	0.6	6.26181e-07
-0.716667	0.54	0	0.6	5.32498e-07
-0.716667	0.58	0	0.6	4.52747e-07
-0.716667	0.62	0	0.6	3.69859e-07
-0.716667	0.66	0	0.6	3.08883e-07
-0.716667	0.7	0	0.6	2.53016e-07
-0.716667	0.74	0	0.6	2.0866e-07
-0.716667	0.78	0	0.6	1.61387e-07
-0.716667	0.82	0	0.6	1.3286e-07
-0.716667	0.86	0	0.6	1.01779e-07
-0.716667	0.9	0	0.6	8.53372e-08
-0.716667	0.94	0	0.6	6.26091e-08
-0.716667	0.98	0	0.6	4.90132e-08
-0.683333	-0.98	0	0.6	1.74764e-05
-0.683333	-0.94	0	0.6	1.18033e-05
-0.683333	-0.9	0	0.6	8.15621e-06
-0.683333	-0.86	0	0.6	5.50792e-06
-0.683333	-0.82	0	0.6	3.94314e-06
-0.683333	-0.78	0	0.6	2.62912e-06
-0.683333	-0.74	0	0.6	1.78834e-06
-0.683333	-0.7	0	0.6	1.23024e-06
-0.683333	-0.66	0	0.6	0.0105955
-0.683333	-0.62	0	0.6	0.0139537
-0.683333	-0.58	0	0.6	0.0174912
-0.683333	-0.54	0	0.6	0.0227171
-0.683333	-0.5	0	0.6	0.028534
-0.683333	-0.46	0	0.6	0.0346661
-0.683333	-0.42	0	0.6	0.0402302
-0.683333	-0.38	0	0.6	0.0464387
-0.683333	-0.34	0	0.6	0.0504435
-0.683333	-0.3	0	0.6	0.0558297
-0.683333	-0.26	0	0.6	0.0605678
-0.683333	-0.22	0	0.6	0.0620376
-0.683333	-0.18	0	0.6	0.0621329
-0.683333	-0.14	0	0.6	0.0598281
-0.683333	-0.1	0	0.6	0.0563523
-0.683333	-0.06	0	0.6	0.0501248
-0.683333	-0.02	0	0.6	0.0470059
-0.683333	0.02	0	0.6	0.0395546
-0.683333	0.06	0	0.6	0.0335244
-0.683333	0.1	0	0.6	0.027163
-0.683333	0.14	0	0.6	0.0228556
-0.683333	0.18	0	0.6	0.0176834
-0.683333	0.22	0	0.6	0.0139751
-0.683333	0.26	0	0.6	0.0105298
-0.683333	0.3	0	0.6	0.0080234
-0.683333	0.34	0	0.6	0.00594773
-0.683333	0.38	0	0.6	0.00453487
-0.683333	0.42	0	0.6	0.00328646
-0.683333	0.46	0	0.6	0.0024099
-0.683333	0.5	0	0.6	0.00170923
-0.683333	0.54	0	0.6	0.00124619
-0.683333	0.58	0	0.6	0.000884216
-0.683333	0.62	0	0.6	0.000628114
-0.683333	0.66	0	0.6	0.000444895
-0.683333	0.7	0	0.6	0.000305674
-0.683333	0.74	0	0.6	0.000209816
-0.683333	0.78	0	0.6	0.000157217
-0.683333	0.82	0	0.6	0.000107037
-0.683333	0.86	0	0.6	7.62009e-05
-0.683333	0.9	0	0.6	5.44109e-05
-0.683333	0.94	0	0.6	3.59193e-05
-0.683333	0.98	0	0.6	2.46012e-05
-0.65	-0.98	0	0.6	1.8766e-05
-0.65	-0.94	0	0.6	1.29256e-05
-0.65	-0.9	0	0.6	9.0725e-06
-0.65	-0.86	0	0.6	6.31836e-06
-0.65	-0.82	0	0.6	4.15172e-06
-0.65	-0.78	0	0.6	2.93088e-06
-0.65	-0.74	0	0.6	1.99768e-06
-0.65	-0.7	0	0.6	1.36454e-06
-0.65	-0.66	0	0.6	0.013504
-0.65	-0.62	0	0.6	0.0176956
-0.65	-0.58	0	0.6	0.0230812
-0.65	-0.54	0	0.6	0.0293588
-0.65	-0.5	0	0.6	0.0372339
-0.65	-0.46	0	0.6	0.0442076
-0.65	-0.42	0	0.6	0.0541346
-0.65	-0.38	0	0.6	0.0608588
-0.65	-0.34	0	0.6	0.0683985
-0.65	-0.3	0	0.6	0.0768875
-0.65	-0.26	0	0.6	0.0815681
-0.65	-0.22	0	0.6	0.0860842
-0.65	-0.18	0	0.6	0.0832575
-0.65	-0.14	0	0.6	0.0804473
-0.65	-0.1	0	0.6	0.0759513
-0.65	-0.06	0	0.6	0.0707461
-0.65	-0.02	0	0.6	0.0599138
-0.65	0.02	0	0.6	0.0524251
-0.65	0.06	0	0.6	0.0438659
-0.65	0.1	0	0.6	0.0379618
-0.65	0.14	0	0.6	0.0292241
-0.65	0.18	0	0.6	0.0225871
-0.65	0.22	0	0.6	0.0189498
-0.65	0.26	0	0.6	0.0133795
-0.65	0.3	0	0.6	0.0104318
-0.65	0.34	0	0.6	0.00734583
-0.65	0.38	0	0.6	0.00568209
-0.65	0.42	0	0.6	0.00406102
-0.65	0.46	0	0.6	0.00290129
-0.65	0.5	0	0.6	0.00210963
-0.65	0.54	0	0.6	0.00147902
-0.65	0.58	0	0.6	0.00105384
-0.65	0.62	0	0.6	0.000757682
-0.65	0.66	0	0.6	0.000523096
-0.65	0.7	0	0.6	0.00035802
-0.65	0.74	0	0.6	0.000253919
-0.65	0.78	0	0.6	0.000174329
-0.65	0.82	0	0.6	0.00011954
-0.65	0.86	0	0.6	8.39975e-05
-0.65	0.9	0	0.6	6.05208e-05
-0.65	0.94	0	0.6	4.17566e-05
-0.65	0.98	0	0.6	2.84138e-05
-0.616667	-0.98	0	0.6	2.14787e-05
-0.616667	-0.94	0	0.6	1.52008e-05
-0.616667	-0.9	0	0.6	1.00344e-05
-0.616667	-0.86	0	0.6	6.97953e-06
-0.616667	-0.82	0	0.6	4.71795e-06
-0.616667	-0.78	0	0.6	3.24021e-06
-0.616667	-0.74	0	0.6	2.17627e-06
-0.616667	-0.7	0	0.6	1.46937e-06
-0.616667	-0.66	0	0.6	0.0167582
-0.616667	-0.62	0	0.6	0.0222935
-0.616667	-0.58	0	0.6	0.0296056
-0.616667	-0.54	0	0.6	0.0368845
-0.616667	-0.5	0	0.6	0.0486203
-0.616667	-0.46	0	0.6	0.0600331
-0.616667	-0.42	0	0.6	0.0705927
-0.616667	-0.38	0	0.6	0.0835084
-0.616667	-0.34	0	0.6	0.0888971
-0.616667	-0.3	0	0.6	0.0987318
-0.616667	-0.26	0	0.6	0.110911
-0.616667	-0.22	0	0.6	0.10975
-0.616667	-0.18	0	0.6	0.113688
-0.616667	-0.14	0	0.6	0.108756
-0.616667	-0.1	0	0.6	0.102774
-0.616667	-0.06	0	0.6	0.0925717
-0.616667	-0.02	0	0.6	0.0820127
-0.616667	0.02	0	0.6	0.0706995
-0.616667	0.06	0	0.6	0.0591424
-0.616667	0.1	0	0.6	0.0468088
-0.616667	0.14	0	0.6	0.0353284
-0.616667	0.18	0	0.6	0.0284824
-0.616667	0.22	0	0.6	0.021055
-0.616667	0.26	0	0.6	0.0173808
-0.616667	0.3	0	0.6	0.0125836
-0.616667	0.34	0	0.6	0.00925433
-0.616667	0.38	0	0.6	0.00687281
-0.616667	0.42	0	0.6	0.00502137
-0.616667	0.46	0	0.6	0.00347006
-0.616667	0.5	0	0.6	0.00258888
-0.616667	0.54	0	0.6	0.0017146
-0.616667	0.58	0	0.6	0.00124057
-0.616667	0.62	0	0.6	0.000919856
-0.616667	0.66	0	0.6	0.000612323
-0.616667	0.7	0	0.6	0.000442256
-0.616667	0.74	0	0.6	0.000300047
-0.616667	0.78	0	0.6	0.0001951
-0.616667	0.82	0	0.6	0.000138554
-0.616667	0.86	0	0.6	9.78221e-05
-0.616667	0.9	0	0.6	6.75626e-05
-0.616667	0.94	0	0.6	4.72885e-05
-0.616667	0.98	0	0.6	3.3714e-05
-0.583333	-0.98	0	0.6	2.39394e-05
-0.583333	-0.94	0	0.6	1.56325e-05
-0.583333	-0.9	0	0.6	1.12905e-05
-0.583333	-0.86	0	0.6	7.58435e-06
-0.583333	-0.82	0	0.6	5.32755e-06
-0.583333	-0.78	0	0.6	3.53588e-06
-0.583333	-0.74	0	0.6	2.46099e-06
-0.583333	-0.7	0	0.6	1.55632e-06
-0.583333	-0.66	0	0.6	0.0209255
-0.583333	-0.62	0	0.6	0.0289419
-0.583333	-0.58	0	0.6	0.0372174
-0.583333	-0.54	0	0.6	0.0477772
-0.583333	-0.5	0	0.6	0.0609051
-0.583333	-0.46	0	0.6	0.076531
-0.583333	-0.42	0	0.6	0.0898111
-0.583333	-0.38	0	0.6	0.106287
-0.583333	-0.34	0	0.6	0.124833
-0.583333	-0.3	0	0.6	0.13157
-0.583333	-0.26	0	0.6	0.144643
-0.583333	-0.22	0	0.6	0.150168
-0.583333	-0.18	0	0.6	0.146121
-0.583333	-0.14	0	0.6	0.141163
-0.583333	-0.1	0	0.6	0.131978
-0.583333	-0.06	0	0.6	0.120586
-0.583333	-0.02	0	0.6	0.103691
-0.583333	0.02	0	0.6	0.0917484
-0.583333	0.06	0	0.6	0.0750394
-0.583333	0.1	0	0.6	0.0609978
-0.583333	0.14	0	0.6	0.0475577
-0.583333	0.18	0	0.6	0.0372174
-0.583333	0.22	0	0.6	0.0282548
-0.583333	0.26	0	0.6	0.0206687
-0.583333	0.3	0	0.6	0.0153613
-0.583333	0.34	0	0.6	0.0112697
-0.583333	0.38	0	0.6	0.00841251
-0.583333	0.42	0	0.6	0.00576652
-0.583333	0.46	0	0.6	0.00434273
-0.583333	0.5	0	0.6	0.00292228
-0.583333	0.54	0	0.6	0.00209344
-0.583333	0.58	0	0.6	0.00147488
-0.583333	0.62	0	0.6	0.00096411
-0.583333	0.66	0	0.6	0.000691771
-0.583333	0.7	0	0.6	0.00049591
-0.583333	0.74	0	0.6	0.000336199
-0.583333	0.78	0	0.6	0.000234045
-0.583333	0.82	0	0.6	0.000158187
-0.583333	0.86	0	0.6	0.000109868
-0.583333	0.9	0	0.6	7.6058e-05
-0.583333	0.94	0	0.6	5.34358e-05
-0.583333	0.98	0	0.6	3.48799e-05
-0.55	-0.98	0	0.6	2.63497e-05
-0.55	-0.94	0	0.6	1.851e-05
-0.55	-0.9	0	0.6	1.27348e-05
-0.55	-0.86	0	0.6	8.10339e-06
-0.55	-0.82	0	0.6	5.62199e-06
-0.55	-0.78	0	0.6	3.8725e-06
-0.55	-0.74	0	0.6	2.66912e-06
-0.55	-0.7	0	0.6	1.73572e-06
-0.55	-0.66	0	0.6	0.0262876
-0.55	-0.62	0	0.6	0.0349983
-0.55	-0.58	0	0.6	0.0468401
-0.55	-0.54	0	0.6	0.0591477
-0.55	-0.5	0	0.6	0.0756002
-0.55	-0.46	0	0.6	0.0964894
-0.55	-0.42	0	0.6	0.118379
-0.55	-0.38	0	0.6	0.132694
-0.55	-0.34	0	0.6	0.155923
-0.55	-0.3	0	0.6	0.174625
-0.55	-0.26	0	0.6	0.179942
-0.55	-0.22	0	0.6	0.176491
-0.55	-0.18	0	0.6	0.19185
-0.55	-0.14	0	0.6	0.183026
-0.55	-0.1	0	0.6	0.165973
-0.55	-0.06	0	0.6	0.155923
-0.55	-0.02	0	0.6	0.138517
-0.55	0.02	0	0.6	0.12103
-0.55	0.06	0	0.6	0.0926998
-0.55	0.1	0	0.6	0.0760683
-0.55	0.14	0	0.6	0.061532
-0.55	0.18	0	0.6	0.0444488
-0.55	0.22	0	0.6	0.0347865
-0.55	0.26	0	0.6	0.0252282
-0.55	0.3	0	0.6	0.0192787
-0.55	0.34	0	0.6	0.0134002
-0.55	0.38	0	0.6	0.00977719
-0.55	0.42	0	0.6	0.00675889
-0.55	0.46	0	0.6	0.00498857
-0.55	0.5	0	0.6	0.00349241
-0.55	0.54	0	0.6	0.00226882
-0.55	0.58	0	0.6	0.0016328
-0.55	0.62	0	0.6	0.0011521
-0.55	0.66	0	0.6	0.000795595
-0.55	0.7	0	0.6	0.000562309
-0.55	0.74	0	0.6	0.000359737
-0.55	0.78	0	0.6	0.000254262
-0.55	0.82	0	0.6	0.000187172
-0.55	0.86	0	0.6	0.000116902
-0.55	0.9	0	0.6	8.68126e-05
-0.55	0.94	0	0.6	5.62092e-05
-0.55	0.98	0	0.6	3.90414e-05
-0.516667	-0.98	0	0.6	2.90789e-05
-0.516667	-0.94	0	0.6	1.96163e-05
-0.516667	-0.9	0	0.6	1.28152e-05
-0.516667	-0.86	0	0.6	9.25184e-06
-0.516667	-0.82	0	0.6	6.21058e-06
-0.516667	-0.78	0	0.6	4.14734e-06
-0.516667	-0.74	0	0.6	2.80613e-06
-0.516667	-0.7	0	0.6	1.88035e-06
-0.516667	-0.66	0	0.6	0.0315744
-0.516667	-0.62	0	0.6	0.0416085
-0.516667	-0.58	0	0.6	0.0579515
-0.516667	-0.54	0	0.6	0.0727216
-0.516667	-0.5	0	0.6	0.0950099
-0.516667	-0.46	0	0.6	0.116596
-0.516667	-0.42	0	0.6	0.150112
-0.516667	-0.38	0	0.6	0.177181
-0.516667	-0.34	0	0.6	0.190526
-0.516667	-0.3	0	0.6	0.214609
-0.516667	-0.26	0	0.6	0.233343
-0.516667	-0.22	0	0.6	0.240174
-0.516667	-0.18	0	0.6	0.238712
-0.516667	-0.14	0	0.6	0.22804
-0.516667	-0.1	0	0.6	0.215601
-0.516667	-0.06	0	0.6	0.190526
-0.516667	-0.02	0	0.6	0.163311
-0.516667	0.02	0	0.6	0.147673
-0.516667	0.06	0	0.6	0.119328
-0.516667	0.1	0	0.6	0.0957373
-0.516667	0.14	0	0.6	0.074987
-0.516667	0.18	0	0.6	0.0560542
-0.516667	0.22	0	0.6	0.0424458
-0.516667	0.26	0	0.6	0.0302962
-0.516667	0.3	0	0.6	0.0224166
-0.516667	0.34	0	0.6	0.016841
-0.516667	0.38	0	0.6	0.0113223
-0.516667	0.42	0	0.6	0.00790111
-0.516667	0.46	0	0.6	0.00561771
-0.516667	0.5	0	0.6	0.00391875
-0.516667	0.54	0	0.6	0.00280585
-0.516667	0.58	0	0.6	0.00185486
-0.516667	0.62	0	0.6	0.0012518
-0.516667	0.66	0	0.6	0.00089317
-0.516667	0.7	0	0.6	0.000600025
-0.516667	0.74	0	0.6	0.000416369
-0.516667	0.78	0	0.6	0.000283945
-0.516667	0.82	0	0.6	0.000202734
-0.516667	0.86	0	0.6	0.00013374
-0.516667	0.9	0	0.6	8.98478e-05
-0.516667	0.94	0	0.6	6.28703e-05
-0.516667	0.98	0	0.6	4.18968e-05
-0.483333	-0.98	0	0.6	3.18232e-05
-0.483333	-0.94	0	0.6	2.16449e-05
-0.483333	-0.9	0	0.6	1.37467e-05
-0.483333	-0.86	0	0.6	9.66849e-06
-0.483333	-0.82	0	0.6	6.6261e-06
-0.483333	-0.78	0	0.6	4.4635e-06
-0.483333	-0.74	0	0.6	2.88631e-06
-0.483333	-0.7	0	0.6	1.96098e-06
-0.483333	-0.66	0	0.6	0.0356924
-0.483333	-0.62	0	0.6	0.0485539
-0.483333	-0.58	0	0.6	0.0681931
-0.483333	-0.54	0	0.6	0.0897529
-0.483333	-0.5	0	0.6	0.11326
-0.483333	-0.46	0	0.6	0.150238
-0.483333	-0.42	0	0.6	0.179808
-0.483333	-0.38	0	0.6	0.205098
-0.483333	-0.34	0	0.6	0.247348
-0.483333	-0.3	0	0.6	0.273335
-0.483333	-0.26	0	0.6	0.272903
-0.483333	-0.22	0	0.6	0.294645
-0.483333	-0.18	0	0.6	0.298244
-0.483333	-0.14	0	0.6	0.291183
-0.483333	-0.1	0	0.6	0.267632
-0.483333	-0.06	0	0.6	0.235552
-0.483333	-0.02	0	0.6	0.205098
-0.483333	0.02	0	0.6	0.180081
-0.483333	0.06	0	0.6	0.149567
-0.483333	0.1	0	0.6	0.115749
-0.483333	0.14	0	0.6	0.088101
-0.483333	0.18	0	0.6	0.0669438
-0.483333	0.22	0	0.6	0.0493258
-0.483333	0.26	0	0.6	0.0363117
-0.483333	0.3	0	0.6	0.0264925
-0.483333	0.34	0	0.6	0.0179907
-0.483333	0.38	0	0.6	0.0129365
-0.483333	0.42	0	0.6	0.00950385
-0.483333	0.46	0	0.6	0.00651022
-0.483333	0.5	0	0.6	0.00449252
-0.483333	0.54	0	0.6	0.00323073
-0.483333	0.58	0	0.6	0.00218472
-0.483333	0.62	0	0.6	0.00148643
-0.483333	0.66	0	0.6	0.00100742
-0.483333	0.7	0	0.6	0.000697146
-0.483333	0.74	0	0.6	0.000463614
-0.483333	0.78	0	0.6	0.000312541
-0.483333	0.82	0	0.6	0.000221055
-0.483333	0.86	0	0.6	0.000141918
-0.483333	0.9	0	0.6	0.00010008
-0.483333	0.94	0	0.6	6.84353e-05
-0.483333	0.98	0	0.6	4.59778e-05
-0.45	-0.98	0	0.6	3.25238e-05
-0.45	-0.94	0	0.6	2.42345e-05
-0.45	-0.9	0	0.6	1.50511e-05
-0.45	-0.86	0	0.6	9.98552e-06
-0.45	-0.82	0	0.6	7.11212e-06
-0.45	-0.78	0	0.6	4.77557e-06
-0.45	-0.74	0	0.6	3.19578e-06
-0.45	-0.7	0	0.6	2.15092e-06
-0.45	-0.66	0	0.6	0.0421846
-0.45	-0.62	0	0.6	0.0626195
-0.45	-0.58	0	0.6	0.0800699
-0.45	-0.54	0	0.6	0.113703
-0.45	-0.5	0	0.6	0.142188
-0.45	-0.46	0	0.6	0.1777
-0.45	-0.42	0	0.6	0.204347
-0.45	-0.38	0	0.6	0.255469
-0.45	-0.34	0	0.6	0.284601
-0.45	-0.3	0	0.6	0.32232
-0.45	-0.26	0	0.6	0.347549
-0.45	-0.22	0	0.6	0.354045
-0.45	-0.18	0	0.6	0.352968
-0.45	-0.14	0	0.6	0.327719
-0.45	-0.1	0	0.6	0.319386
-0.45	-0.06	0	0.6	0.29391
-0.45	-0.02	0	0.6	0.251586
-0.45	0.02	0	0.6	0.210589
-0.45	0.06	0	0.6	0.172592
-0.45	0.1	0	0.6	0.136006
-0.45	0.14	0	0.6	0.105159
-0.45	0.18	0	0.6	0.0817998
-0.45	0.22	0	0.6	0.0594339
-0.45	0.26	0	0.6	0.0427778
-0.45	0.3	0	0.6	0.030512
-0.45	0.34	0	0.6	0.0221606
-0.45	0.38	0	0.6	0.01534
-0.45	0.42	0	0.6	0.00999387
-0.45	0.46	0	0.6	0.00738937
-0.45	0.5	0	0.6	0.00497697
-0.45	0.54	0	0.6	0.00348236
-0.45	0.58	0	0.6	0.00246173
-0.45	0.62	0	0.6	0.00164744
-0.45	0.66	0	0.6	0.00112704
-0.45	0.7	0	0.6	0.00075937
-0.45	0.74	0	0.6	0.000508516
-0.45	0.78	0	0.6	0.000346448
-0.45	0.82	0	0.6	0.00024013
-0.45	0.86	0	0.6	0.0001532
-0.45	0.9	0	0.6	0.000107091
-0.45	0.94	0	0.6	7.3945e-05
-0.45	0.98	0	0.6	4.98634e-05
-0.416667	-0.98	0	0.6	3.55018e-05
-0.416667	-0.94	0	0.6	2.37927e-05
-0.416667	-0.9	0	0.6	1.63375e-05
-0.416667	-0.86	0	0.6	1.11269e-05
-0.416667	-0.82	0	0.6	7.51851e-06
-0.416667	-0.78	0	0.6	5.03315e-06
-0.416667	-0.74	0	0.6	3.40939e-06
-0.416667	-0.7	0	0.6	2.26054e-06
-0.416667	-0.66	0	0.6	0.048566
-0.416667	-0.62	0	0.6	0.0687499
-0.416667	-0.58	0	0.6	0.0934344
-0.416667	-0.54	0	0.6	0.125212
-0.416667	-0.5	0	0.6	0.165488
-0.416667	-0.46	0	0.6	0.207143
-0.416667	-0.42	0	0.6	0.25313
-0.416667	-0.38	0	0.6	0.298711
-0.416667	-0.34	0	0.6	0.346516
-0.416667	-0.3	0	0.6	0.384799
-0.416667	-0.26	0	0.6	0.407287
-0.416667	-0.22	0	0.6	0.414457
-0.416667	-0.18	0	0.6	0.41948
-0.416667	-0.14	0	0.6	0.397546
-0.416667	-0.1	0	0.6	0.372792
-0.416667	-0.06	0	0.6	0.355868
-0.416667	-0.02	0	0.6	0.288678
-0.416667	0.02	0	0.6	0.248493
-0.416667	0.06	0	0.6	0.202715
-0.416667	0.1	0	0.6	0.162233
-0.416667	0.14	0	0.6	0.12752
-0.416667	0.18	0	0.6	0.0934344
-0.416667	0.22	0	0.6	0.0711751
-0.416667	0.26	0	0.6	0.0488695
-0.416667	0.3	0	0.6	0.0348454
-0.416667	0.34	0	0.6	0.0254095
-0.416667	0.38	0	0.6	0.0170589
-0.416667	0.42	0	0.6	0.0115272
-0.416667	0.46	0	0.6	0.00820983
-0.416667	0.5	0	0.6	0.0056804
-0.416667	0.54	0	0.6	0.00381808
-0.416667	0.58	0	0.6	0.00274359
-0.416667	0.62	0	0.6	0.00180438
-0.416667	0.66	0	0.6	0.00118705
-0.416667	0.7	0	0.6	0.000838105
-0.416667	0.74	0	0.6	0.000555256
-0.416667	0.78	0	0.6	0.000383463
-0.416667	0.82	0	0.6	0.000252409
-0.416667	0.86	0	0.6	0.00017038
-0.416667	0.9	0	0.6	0.000116718
-0.416667	0.94	0	0.6	7.71301e-05
-0.416667	0.98	0	0.6	5.3762e-05
-0.383333	-0.98	0	0.6	3.89719e-05
-0.383333	-0.94	0	0.6	2.5536e-05
-0.383333	-0.9	0	0.6	1.75798e-05
-0.383333	-0.86	0	0.6	1.16352e-05
-0.383333	-0.82	0	0.6	7.6139e-06
-0.383333	-0.78	0	0.6	5.0812e-06
-0.383333	-0.74	0	0.6	3.56716e-06
-0.383333	-0.7	0	0.6	2.37677e-06
-0.383333	-0.66	0	0.6	0.0562918
-0.383333	-0.62	0	0.6	0.0816411
-0.383333	-0.58	0	0.6	0.107884
-0.383333	-0.54	0	0.6	0.149289
-0.383333	-0.5	0	0.6	0.180651
-0.383333	-0.46	0	0.6	0.240659
-0.383333	-0.42	0	0.6	0.291961
-0.383333	-0.38	0	0.6	0.338981
-0.383333	-0.34	0	0.6	0.399788
-0.383333	-0.3	0	0.6	0.432823
-0.383333	-0.26	0	0.6	0.45082
-0.383333	-0.22	0	0.6	0.480125
-0.383333	-0.18	0	0.6	0.472289
-0.383333	-0.14	0	0.6	0.457734
-0.383333	-0.1	0	0.6	0.416552
-0.383333	-0.06	0	0.6	0.393264
-0.383333	-0.02	0	0.6	0.342115
-0.383333	0.02	0	0.6	0.283974
-0.383333	0.06	0	0.6	0.237023
-0.383333	0.1	0	0.6	0.189856
-0.383333	0.14	0	0.6	0.144879
-0.383333	0.18	0	0.6	0.108707
-0.383333	0.22	0	0.6	0.077685
-0.383333	0.26	0	0.6	0.0581796
-0.383333	0.3	0	0.6	0.0403292
-0.383333	0.34	0	0.6	0.027898
-0.383333	0.38	0	0.6	0.0195194
-0.383333	0.42	0	0.6	0.0130277
-0.383333	0.46	0	0.6	0.0089633
-0.383333	0.5	0	0.6	0.00632377
-0.383333	0.54	0	0.6	0.00423332
-0.383333	0.58	0	0.6	0.00284021
-0.383333	0.62	0	0.6	0.00193455
-0.383333	0.66	0	0.6	0.00127597
-0.383333	0.7	0	0.6	0.000854944
-0.383333	0.74	0	0.6	0.000620658
-0.383333	0.78	0	0.6	0.000402479
-0.383333	0.82	0	0.6	0.000276191
-0.383333	0.86	0	0.6	0.000188532
-0.383333	0.9	0	0.6	0.000127481
-0.383333	0.94	0	0.6	8.39965e-05
-0.383333	0.98	0	0.6	5.71846e-05
-0.35	-0.98	0	0.6	4.02863e-05
-0.35	-0.94	0	0.6	2.74495e-05
-0.35	-0.9	0	0.6	1.75756e-05
-0.35	-0.86	0	0.6	1.19953e-05
-0.35	-0.82	0	0.6	7.912e-06
-0.35	-0.78	0	0.6	5.4152e-06
-0.35	-0.74	0	0.6	3.63218e-06
-0.35	-0.7	0	0.6	2.53698e-06
-0.35	-0.66	0	0.6	0.0643661
-0.35	-0.62	0	0.6	0.085385
-0.35	-0.58	0	0.6	0.120887
-0.35	-0.54	0	0.6	0.162278
-0.35	-0.5	0	0.6	0.210003
-0.35	-0.46	0	0.6	0.264454
-0.35	-0.42	0	0.6	0.323628
-0.35	-0.38	0	0.6	0.373964
-0.35	-0.34	0	0.6	0.445038
-0.35	-0.3	0	0.6	0.467373
-0.35	-0.26	0	0.6	0.500859
-0.35	-0.22	0	0.6	0.502105
-0.35	-0.18	0	0.6	0.528117
-0.35	-0.14	0	0.6	0.509283
-0.35	-0.1	0	0.6	0.483988
-0.35	-0.06	0	0.6	0.420607
-0.35	-0.02	0	0.6	0.385049
-0.35	0.02	0	0.6	0.331582
-0.35	0.06	0	0.6	0.261189
-0.35	0.1	0	0.6	0.211941
-0.35	0.14	0	0.6	0.165741
-0.35	0.18	0	0.6	0.121255
-0.35	0.22	0	0.6	0.0923334
-0.35	0.26	0	0.6	0.0631283
-0.35	0.3	0	0.6	0.0435973
-0.35	0.34	0	0.6	0.0315375
-0.35	0.38	0	0.6	0.0215693
-0.35	0.42	0	0.6	0.0146413
-0.35	0.46	0	0.6	0.00943078
-0.35	0.5	0	0.6	0.0066436
-0.35	0.54	0	0.6	0.00442202
-0.35	0.58	0	0.6	0.00315605
-0.35	0.62	0	0.6	0.00207324
-0.35	0.66	0	0.6	0.00143166
-0.35	0.7	0	0.6	0.000945674
-0.35	0.74	0	0.6	0.000610408
-0.35	0.78	0	0.6	0.000444496
-0.35	0.82	0	0.6	0.000290118
-0.35	0.86	0	0.6	0.000190865
-0.35	0.9	0	0.6	0.00012665
-0.35	0.94	0	0.6	8.85464e-05
-0.35	0.98	0	0.6	5.85637e-05
-0.316667	-0.98	0	0.6	3.99529e-05
-0.316667	-0.94	0	0.6	2.77976e-05
-0.316667	-0.9	0	0.6	1.75897e-05
-0.316667	-0.86	0	0.6	1.23787e-05
-0.316667	-0.82	0	0.6	8.66679e-06
-0.316667	-0.78	0	0.6	5.72347e-06
-0.316667	-0.74	0	0.6	3.76693e-06
-0.316667	-0.7	0	0.6	2.50506e-06
-0.316667	-0.66	0	0.6	0.0702298
-0.316667	-0.62	0	0.6	0.0938028
-0.316667	-0.58	0	0.6	0.132156
-0.316667	-0.54	0	0.6	0.179354
-0.316667	-0.5	0	0.6	0.235412
-0.316667	-0.46	0	0.6	0.296165
-0.316667	-0.42	0	0.6	0.366993
-0.316667	-0.38	0	0.6	0.41663
-0.316667	-0.34	0	0.6	0.469339
-0.316667	-0.3	0	0.6	0.519273
-0.316667	-0.26	0	0.6	0.56393
-0.316667	-0.22	0	0.6	0.568296
-0.316667	-0.18	0	0.6	0.563176
-0.316667	-0.14	0	0.6	0.540709
-0.316667	-0.1	0	0.6	0.514574
-0.316667	-0.06	0	0.6	0.467186
-0.316667	-0.02	0	0.6	0.425535
-0.316667	0.02	0	0.6	0.359925
-0.316667	0.06	0	0.6	0.303323
-0.316667	0.1	0	0.6	0.219813
-0.316667	0.14	0	0.6	0.175284
-0.316667	0.18	0	0.6	0.129738
-0.316667	0.22	0	0.6	0.100659
-0.316667	0.26	0	0.6	0.067433
-0.316667	0.3	0	0.6	0.0471711
-0.316667	0.34	0	0.6	0.0323338
-0.316667	0.38	0	0.6	0.0224655
-0.316667	0.42	0	0.6	0.0156103
-0.316667	0.46	0	0.6	0.0103358
-0.316667	0.5	0	0.6	0.00711
-0.316667	0.54	0	0.6	0.00463826
-0.316667	0.58	0	0.6	0.00328822
-0.316667	0.62	0	0.6	0.00217683
-0.316667	0.66	0	0.6	0.00152665
-0.316667	0.7	0	0.6	0.000982395
-0.316667	0.74	0	0.6	0.000677137
-0.316667	0.78	0	0.6	0.000458093
-0.316667	0.82	0	0.6	0.000286423
-0.316667	0.86	0	0.6	0.000206053
-0.316667	0.9	0	0.6	0.00013266
-0.316667	0.94	0	0.6	9.19025e-05
-0.316667	0.98	0	0.6	6.00495e-05
-0.283333	-0.98	0	0.6	4.28602e-05
-0.283333	-0.94	0	0.6	2.81944e-05
-0.283333	-0.9	0	0.6	1.84803e-05
-0.283333	-0.86	0	0.6	1.25534e-05
-0.283333	-0.82	0	0.6	8.6692e-06
-0.283333	-0.78	0	0.6	5.59632e-06
-0.283333	-0.74	0	0.6	4.0182e-06
-0.283333	-0.7	0	0.6	2.6085e-06
-0.283333	-0.66	0	0.6	0.074744
-0.283333	-0.62	0	0.6	0.101178
-0.283333	-0.58	0	0.6	0.138495
-0.283333	-0.54	0	0.6	0.193146
-0.283333	-0.5	0	0.6	0.239065
-0.283333	-0.46	0	0.6	0.3128
-0.283333	-0.42	0	0.6	0.38453
-0.283333	-0.38	0	0.6	0.456112
-0.283333	-0.34	0	0.6	0.50495
-0.283333	-0.3	0	0.6	0.532851
-0.283333	-0.26	0	0.6	0.569562
-0.283333	-0.22	0	0.6	0.596625
-0.283333	-0.18	0	0.6	0.599346
-0.283333	-0.14	0	0.6	0.573964
-0.283333	-0.1	0	0.6	0.548645
-0.283333	-0.06	0	0.6	0.494271
-0.283333	-0.02	0	0.6	0.437136
-0.283333	0.02	0	0.6	0.375236
-0.283333	0.06	0	0.6	0.313758
-0.283333	0.1	0	0.6	0.248947
-0.283333	0.14	0	0.6	0.195764
-0.283333	0.18	0	0.6	0.136553
-0.283333	0.22	0	0.6	0.0983717
-0.283333	0.26	0	0.6	0.0702174
-0.283333	0.3	0	0.6	0.0504375
-0.283333	0.34	0	0.6	0.0351067
-0.283333	0.38	0	0.6	0.0235484
-0.283333	0.42	0	0.6	0.015947
-0.283333	0.46	0	0.6	0.0106053
-0.283333	0.5	0	0.6	0.00734762
-0.283333	0.54	0	0.6	0.00498589
-0.283333	0.58	0	0.6	0.00334247
-0.283333	0.62	0	0.6	0.00221772
-0.283333	0.66	0	0.6	0.00151897
-0.283333	0.7	0	0.6	0.00103637
-0.283333	0.74	0	0.6	0.000668862
-0.283333	0.78	0	0.6	0.000440001
-0.283333	0.82	0	0.6	0.000314823
-0.283333	0.86	0	0.6	0.000211968
-0.283333	0.9	0	0.6	0.000142695
-0.283333	0.94	0	0.6	9.29004e-05
-0.283333	0.98	0	0.6	6.46451e-05
-0.25	-0.98	0	0.6	4.26623e-05
-0.25	-0.94	0	0.6	2.80351e-05
-0.25	-0.9	0	0.6	1.92706e-05
-0.25	-0.86	0	0.6	1.2862e-05
-0.25	-0.82	0	0.6	8.83629e-06
-0.25	-0.78	0	0.6	5.8713e-06
-0.25	-0.74	0	0.6	3.94854e-06
-0.25	-0.7	0	0.6	2.58341e-06
-0.25	-0.66	0	0.6	0.0745554
-0.25	-0.62	0	0.6	0.107903
-0.25	-0.58	0	0.6	0.140922
-0.25	-0.54	0	0.6	0.19867
-0.25	-0.5	0	0.6	0.2671
-0.25	-0.46	0	0.6	0.317745
-0.25	-0.42	0	0.6	0.390106
-0.25	-0.38	0	0.6	0.474063
-0.25	-0.34	0	0.6	0.535094
-0.25	-0.3	0	0.6	0.570846
-0.25	-0.26	0	0.6	0.602866
-0.25	-0.22	0	0.6	0.615678
-0.25	-0.18	0	0.6	0.612832
-0.25	-0.14	0	0.6	0.576256
-0.25	-0.1	0	0.6	0.559602
-0.25	-0.06	0	0.6	0.515246
-0.25	-0.02	0	0.6	0.454281
-0.25	0.02	0	0.6	0.40224
-0.25	0.06	0	0.6	0.314738
-0.25	0.1	0	0.6	0.264712
-0.25	0.14	0	0.6	0.200194
-0.25	0.18	0	0.6	0.154697
-0.25	0.22	0	0.6	0.111
-0.25	0.26	0	0.6	0.0724812
-0.25	0.3	0	0.6	0.0518177
-0.25	0.34	0	0.6	0.0356668
-0.25	0.38	0	0.6	0.0248446
-0.25	0.42	0	0.6	0.0169469
-0.25	0.46	0	0.6	0.0113243
-0.25	0.5	0	0.6	0.00760428
-0.25	0.54	0	0.6	0.00496309
-0.25	0.58	0	0.6	0.00350698
-0.25	0.62	0	0.6	0.00237419
-0.25	0.66	0	0.6	0.00154181
-0.25	0.7	0	0.6	0.00107177
-0.25	0.74	0	0.6	0.000692329
-0.25	0.78	0	0.6	0.000468092
-0.25	0.82	0	0.6	0.000310126
-0.25	0.86	0	0.6	0.000221315
-0.25	0.9	0	0.6	0.000142772
-0.25	0.94	0	0.6	9.67689e-05
-0.25	0.98	0	0.6	6.47952e-05
-0.216667	-0.98	0	0.6	4.33836e-05
-0.216667	-0.94	0	0.6	3.04589e-05
-0.216667	-0.9	0	0.6	1.97634e-05
-0.216667	-0.86	0	0.6	1.3388e-05
-0.216667	-0.82	0	0.6	8.8542e-06
-0.216667	-0.78	0	0.6	5.84568e-06
-0.216667	-0.74	0	0.6	4.02077e-06
-0.216667	-0.7	0	0.6	2.75973e-06
-0.216667	-0.66	0	0.6	0.0780583
-0.216667	-0.62	0	0.6	0.104007
-0.216667	-0.58	0	0.6	0.157597
-0.216667	-0.54	0	0.6	0.206458
-0.216667	-0.5	0	0.6	0.272928
-0.216667	-0.46	0	0.6	0.344449
-0.216667	-0.42	0	0.6	0.42279
-0.216667	-0.38	0	0.6	0.475262
-0.216667	-0.34	0	0.6	0.535302
-0.216667	-0.3	0	0.6	0.567415
-0.216667	-0.26	0	0.6	0.62785
-0.216667	-0.22	0	0.6	0.624903
-0.216667	-0.18	0	0.6	0.637617
-0.216667	-0.14	0	0.6	0.629727
-0.216667	-0.1	0	0.6	0.593888
-0.216667	-0.06	0	0.6	0.524774
-0.216667	-0.02	0	0.6	0.468771
-0.216667	0.02	0	0.6	0.419691
-0.216667	0.06	0	0.6	0.328559
-0.216667	0.1	0	0.6	0.26641
-0.216667	0.14	0	0.6	0.208953
-0.216667	0.18	0	0.6	0.146505
-0.216667	0.22	0	0.6	0.111341
-0.216667	0.26	0	0.6	0.0758213
-0.216667	0.3	0	0.6	0.052891
-0.216667	0.34	0	0.6	0.0362554
-0.216667	0.38	0	0.6	0.0252687
-0.216667	0.42	0	0.6	0.0168547
-0.216667	0.46	0	0.6	0.0117948
-0.216667	0.5	0	0.6	0.00781937
-0.216667	0.54	0	0.6	0.0051413
-0.216667	0.58	0	0.6	0.00342286
-0.216667	0.62	0	0.6	0.00237042
-0.216667	0.66	0	0.6	0.00153279
-0.216667	0.7	0	0.6	0.00110614
-0.216667	0.74	0	0.6	0.000708161
-0.216667	0.78	0	0.6	0.000471963
-0.216667	0.82	0	0.6	0.000310585
-0.216667	0.86	0	0.6	0.000220038
-0.216667	0.9	0	0.6	0.000141582
-0.216667	0.94	0	0.6	0.000100516
-0.216667	0.98	0	0.6	6.17521e-05
-0.183333	-0.98	0	0.6	4.4642e-05
-0.183333	-0.94	0	0.6	2.99261e-05
-0.183333	-0.9	0	0.6	1.97634e-05
-0.183333	-0.86	0	0.6	1.36075e-05
-0.183333	-0.82	0	0.6	8.43958e-06
-0.183333	-0.78	0	0.6	5.94431e-06
-0.183333	-0.74	0	0.6	3.81642e-06
-0.183333	-0.7	0	0.6	2.70333e-06
-0.183333	-0.66	0	0.6	0.0774696
-0.183333	-0.62	0	0.6	0.108674
-0.183333	-0.58	0	0.6	0.157135
-0.183333	-0.54	0	0.6	0.212384
-0.183333	-0.5	0	0.6	0.268447
-0.183333	-0.46	0	0.6	0.345987
-0.183333	-0.42	0	0.6	0.408532
-0.183333	-0.38	0	0.6	0.463723
-0.183333	-0.34	0	0.6	0.522344
-0.183333	-0.3	0	0.6	0.590358
-0.183333	-0.26	0	0.6	0.624096
-0.183333	-0.22	0	0.6	0.661087
-0.183333	-0.18	0	0.6	0.636639
-0.183333	-0.14	0	0.6	0.613773
-0.183333	-0.1	0	0.6	0.585064
-0.183333	-0.06	0	0.6	0.538541
-0.183333	-0.02	0	0.6	0.470214
-0.183333	0.02	0	0.6	0.413491
-0.183333	0.06	0	0.6	0.34855
-0.183333	0.1	0	0.6	0.255004
-0.183333	0.14	0	0.6	0.209577
-0.183333	0.18	0	0.6	0.154362
-0.183333	0.22	0	0.6	0.107007
-0.183333	0.26	0	0.6	0.0795888
-0.183333	0.3	0	0.6	0.0556747
-0.183333	0.34	0	0.6	0.0356361
-0.183333	0.38	0	0.6	0.0249615
-0.183333	0.42	0	0.6	0.0167765
-0.183333	0.46	0	0.6	0.0114956
-0.183333	0.5	0	0.6	0.00787869
-0.183333	0.54	0	0.6	0.00508542
-0.183333	0.58	0	0.6	0.00355162
-0.183333	0.62	0	0.6	0.00239203
-0.183333	0.66	0	0.6	0.00154004
-0.183333	0.7	0	0.6	0.00104937
-0.183333	0.74	0	0.6	0.000712512
-0.183333	0.78	0	0.6	0.0005026
-0.183333	0.82	0	0.6	0.000316454
-0.183333	0.86	0	0.6	0.000215119
-0.183333	0.9	0	0.6	0.00014422
-0.183333	0.94	0	0.6	9.31471e-05
-0.183333	0.98	0	0.6	6.82731e-05
-0.15	-0.98	0	0.6	4.34499e-05
-0.15	-0.94	0	0.6	2.90914e-05
-0.15	-0.9	0	0.6	2.0097e-05
-0.15	-0.86	0	0.6	1.27037e-05
-0.15	-0.82	0	0.6	8.84956e-06
-0.15	-0.78	0	0.6	6.14708e-06
-0.15	-0.74	0	0.6	4.04994e-06
-0.15	-0.7	0	0.6	2.68739e-06
-0.15	-0.66	0	0.6	0.0750164
-0.15	-0.62	0	0.6	0.108229
-0.15	-0.58	0	0.6	0.147922
-0.15	-0.54	0	0.6	0.195928
-0.15	-0.5	0	0.6	0.256352
-0.15	-0.46	0	0.6	0.341801
-0.15	-0.42	0	0.6	0.395566
-0.15	-0.38	0	0.6	0.47053
-0.15	-0.34	0	0.6	0.504926
-0.15	-0.3	0	0.6	0.560467
-0.15	-0.26	0	0.6	0.614795
-0.15	-0.22	0	0.6	0.609038
-0.15	-0.18	0	0.6	0.594808
-0.15	-0.14	0	0.6	0.626724
-0.15	-0.1	0	0.6	0.558737
-0.15	-0.06	0	0.6	0.51604
-0.15	-0.02	0	0.6	0.450042
-0.15	0.02	0	0.6	0.382826
-0.15	0.06	0	0.6	0.31975
-0.15	0.1	0	0.6	0.256352
-0.15	0.14	0	0.6	0.202936
-0.15	0.18	0	0.6	0.144987
-0.15	0.22	0	0.6	0.108392
-0.15	0.26	0	0.6	0.0762839
-0.15	0.3	0	0.6	0.0533417
-0.15	0.34	0	0.6	0.0364397
-0.15	0.38	0	0.6	0.0248823
-0.15	0.42	0	0.6	0.0170749
-0.15	0.46	0	0.6	0.0115494
-0.15	0.5	0	0.6	0.00775613
-0.15	0.54	0	0.6	0.00530916
-0.15	0.58	0	0.6	0.00343822
-0.15	0.62	0	0.6	0.00235998
-0.15	0.66	0	0.6	0.00156568
-0.15	0.7	0	0.6	0.00101089
-0.15	0.74	0	0.6	0.000677278
-0.15	0.78	0	0.6	0.000460158
-0.15	0.82	0	0.6	0.000311094
-0.15	0.86	0	0.6	0.000216772
-0.15	0.9	0	0.6	0.000141031
-0.15	0.94	0	0.6	9.9542e-05
-0.15	0.98	0	0.6	6.45016e-05
-0.116667	-0.98	0	0.6	4.30536e-05
-0.116667	-0.94	0	0.6	2.9189e-05
-0.116667	-0.9	0	0.6	1.85673e-05
-0.116667	-0.86	0	0.6	1.31178e-05
-0.116667	-0.82	0	0.6	8.64309e-06
-0.116667	-0.78	0	0.6	5.80652e-06
-0.116667	-0.74	0	0.6	3.77147e-06
-0.116667	-0.7	0	0.6	2.63215e-06
-0.116667	-0.66	0	0.6	0.070659
-0.116667	-0.62	0	0.6	0.103204
-0.116667	-0.58	0	0.6	0.142162
-0.116667	-0.54	0	0.6	0.188201
-0.116667	-0.5	0	0.6	0.249327
-0.116667	-0.46	0	0.6	0.314716
-0.116667	-0.42	0	0.6	0.358972
-0.116667	-0.38	0	0.6	0.445946
-0.116667	-0.34	0	0.6	0.485118
-0.116667	-0.3	0	0.6	0.537007
-0.116667	-0.26	0	0.6	0.576605
-0.116667	-0.22	0	0.6	0.602066
-0.116667	-0.18	0	0.6	0.596625
-0.116667	-0.14	0	0.6	0.554597
-0.116667	-0.1	0	0.6	0.527032
-0.116667	-0.06	0	0.6	0.484355
-0.116667	-0.02	0	0.6	0.430359
-0.116667	0.02	0	0.6	0.385692
-0.116667	0.06	0	0.6	0.321901
-0.116667	0.1	0	0.6	0.247427
-0.116667	0.14	0	0.6	0.188492
-0.116667	0.18	0	0.6	0.147124
-0.116667	0.22	0	0.6	0.10944
-0.116667	0.26	0	0.6	0.0737504
-0.116667	0.3	0	0.6	0.0496675
-0.116667	0.34	0	0.6	0.0348412
-0.116667	0.38	0	0.6	0.0233667
-0.116667	0.42	0	0.6	0.0164663
-0.116667	0.46	0	0.6	0.0110912
-0.116667	0.5	0	0.6	0.00752876
-0.116667	0.54	0	0.6	0.00482555
-0.116667	0.58	0	0.6	0.00344531
-0.116667	0.62	0	0.6	0.00225924
-0.116667	0.66	0	0.6	0.00152595
-0.116667	0.7	0	0.6	0.00104575
-0.116667	0.74	0	0.6	0.000672012
-0.116667	0.78	0	0.6	0.000459039
-0.116667	0.82	0	0.6	0.000307248
-0.116667	0.86	0	0.6	0.000218006
-0.116667	0.9	0	0.6	0.000140989
-0.116667	0.94	0	0.6	9.63359e-05
-0.116667	0.98	0	0.6	6.11871e-05
-0.0833333	-0.98	0	0.6	4.09564e-05
-0.0833333	-0.94	0	0.6	2.80503e-05
-0.0833333	-0.9	0	0.6	1.79291e-05
-0.0833333	-0.86	0	0.6	1.21319e-05
-0.0833333	-0.82	0	0.6	8.42463e-06
-0.0833333	-0.78	0	0.6	5.55237e-06
-0.0833333	-0.74	0	0.6	3.82436e-06
-0.0833333	-0.7	0	0.6	2.64765e-06
-0.0833333	-0.66	0	0.6	0.0668115
-0.0833333	-0.62	0	0.6	0.0913228
-0.0833333	-0.58	0	0.6	0.128126
-0.0833333	-0.54	0	0.6	0.175012
-0.0833333	-0.5	0	0.6	0.21804
-0.0833333	-0.46	0	0.6	0.283191
-0.0833333	-0.42	0	0.6	0.367536
-0.0833333	-0.38	0	0.6	0.41663
-0.0833333	-0.34	0	0.6	0.461445
-0.0833333	-0.3	0	0.6	0.516923
-0.0833333	-0.26	0	0.6	0.525782
-0.0833333	-0.22	0	0.6	0.592188
-0.0833333	-0.18	0	0.6	0.552083
-0.0833333	-0.14	0	0.6	0.538221
-0.0833333	-0.1	0	0.6	0.519273
-0.0833333	-0.06	0	0.6	0.461445
-0.0833333	-0.02	0	0.6	0.414722
-0.0833333	0.02	0	0.6	0.359381
-0.0833333	0.06	0	0.6	0.28498
-0.0833333	0.1	0	0.6	0.231158
-0.0833333	0.14	0	0.6	0.180982
-0.0833333	0.18	0	0.6	0.131551
-0.0833333	0.22	0	0.6	0.0990546
-0.0833333	0.26	0	0.6	0.0684689
-0.0833333	0.3	0	0.6	0.0485479
-0.0833333	0.34	0	0.6	0.0328351
-0.0833333	0.38	0	0.6	0.022672
-0.0833333	0.42	0	0.6	0.0152582
-0.0833333	0.46	0	0.6	0.0107983
-0.0833333	0.5	0	0.6	0.00743417
-0.0833333	0.54	0	0.6	0.00474052
-0.0833333	0.58	0	0.6	0.00322413
-0.0833333	0.62	0	0.6	0.00228318
-0.0833333	0.66	0	0.6	0.00145502
-0.0833333	0.7	0	0.6	0.000988422
-0.0833333	0.74	0	0.6	0.000657877
-0.0833333	0.78	0	0.6	0.000446505
-0.0833333	0.82	0	0.6	0.000311628
-0.0833333	0.86	0	0.6	0.000198353
-0.0833333	0.9	0	0.6	0.000131211
-0.0833333	0.94	0	0.6	9.3988e-05
-0.0833333	0.98	0	0.6	5.99561e-05
-0.05	-0.98	0	0.6	4.05283e-05
-0.05	-0.94	0	0.6	2.65142e-05
-0.05	-0.9	0	0.6	1.75483e-05
-0.05	-0.86	0	0.6	1.27484e-05
-0.05	-0.82	0	0.6	8.24527e-06
-0.05	-0.78	0	0.6	5.14153e-06
-0.05	-0.74	0	0.6	3.55976e-06
-0.05	-0.7	0	0.6	2.44718e-06
-0.05	-0.66	0	0.6	0.0622713
-0.05	-0.62	0	0.6	0.0877902
-0.05	-0.58	0	0.6	0.123647
-0.05	-0.54	0	0.6	0.160546
-0.05	-0.5	0	0.6	0.211941
-0.05	-0.46	0	0.6	0.2718
-0.05	-0.42	0	0.6	0.328599
-0.05	-0.38	0	0.6	0.389716
-0.05	-0.34	0	0.6	0.441736
-0.05	-0.3	0	0.6	0.465206
-0.05	-0.26	0	0.6	0.485542
-0.05	-0.22	0	0.6	0.521023
-0.05	-0.18	0	0.6	0.532058
-0.05	-0.14	0	0.6	0.506985
-0.05	-0.1	0	0.6	0.470263
-0.05	-0.06	0	0.6	0.435133
-0.05	-0.02	0	0.6	0.382715
-0.05	0.02	0	0.6	0.329096
-0.05	0.06	0	0.6	0.275064
-0.05	0.1	0	0.6	0.211295
-0.05	0.14	0	0.6	0.159062
-0.05	0.18	0	0.6	0.120335
-0.05	0.22	0	0.6	0.0844496
-0.05	0.26	0	0.6	0.0599861
-0.05	0.3	0	0.6	0.0428617
-0.05	0.34	0	0.6	0.031491
-0.05	0.38	0	0.6	0.0214093
-0.05	0.42	0	0.6	0.0140056
-0.05	0.46	0	0.6	0.0101631
-0.05	0.5	0	0.6	0.0068163
-0.05	0.54	0	0.6	0.00446334
-0.05	0.58	0	0.6	0.00294161
-0.05	0.62	0	0.6	0.0020953
-0.05	0.66	0	0.6	0.00141251
-0.05	0.7	0	0.6	0.000921279
-0.05	0.74	0	0.6	0.000609441
-0.05	0.78	0	0.6	0.000426899
-0.05	0.82	0	0.6	0.000300652
-0.05	0.86	0	0.6	0.000198251
-0.05	0.9	0	0.6	0.000131621
-0.05	0.94	0	0.6	8.77438e-05
-0.05	0.98	0	0.6	5.88336e-05
-0.0166667	-0.98	0	0.6	3.69481e-05
-0.0166667	-0.94	0	0.6	2.51078e-05
-0.0166667	-0.9	0	0.6	1.78942e-05
-0.0166667	-0.86	0	0.6	1.16881e-05
-0.0166667	-0.82	0	0.6	7.91039e-06
-0.0166667	-0.78	0	0.6	5.09715e-06
-0.0166667	-0.74	0	0.6	3.36333e-06
-0.0166667	-0.7	0	0.6	2.28661e-06
-0.0166667	-0.66	0	0.6	0.0574073
-0.0166667	-0.62	0	0.6	0.0779247
-0.0166667	-0.58	0	0.6	0.108378
-0.0166667	-0.54	0	0.6	0.141792
-0.0166667	-0.5	0	0.6	0.185253
-0.0166667	-0.46	0	0.6	0.239204
-0.0166667	-0.42	0	0.6	0.293292
-0.0166667	-0.38	0	0.6	0.342115
-0.0166667	-0.34	0	0.6	0.387925
-0.0166667	-0.3	0	0.6	0.432823
-0.0166667	-0.26	0	0.6	0.46534
-0.0166667	-0.22	0	0.6	0.485112
-0.0166667	-0.18	0	0.6	0.467303
-0.0166667	-0.14	0	0.6	0.452894
-0.0166667	-0.1	0	0.6	0.428267
-0.0166667	-0.06	0	0.6	0.376062
-0.0166667	-0.02	0	0.6	0.34786
-0.0166667	0.02	0	0.6	0.298172
-0.0166667	0.06	0	0.6	0.23666
-0.0166667	0.1	0	0.6	0.193595
-0.0166667	0.14	0	0.6	0.149289
-0.0166667	0.18	0	0.6	0.106733
-0.0166667	0.22	0	0.6	0.0779247
-0.0166667	0.26	0	0.6	0.0568066
-0.0166667	0.3	0	0.6	0.0403898
-0.0166667	0.34	0	0.6	0.0278134
-0.0166667	0.38	0	0.6	0.0193146
-0.0166667	0.42	0	0.6	0.013229
-0.0166667	0.46	0	0.6	0.00879782
-0.0166667	0.5	0	0.6	0.00622026
-0.0166667	0.54	0	0.6	0.00433579
-0.0166667	0.58	0	0.6	0.00279672
-0.0166667	0.62	0	0.6	0.0019434
-0.0166667	0.66	0	0.6	0.00126598
-0.0166667	0.7	0	0.6	0.000899515
-0.0166667	0.74	0	0.6	0.000584149
-0.0166667	0.78	0	0.6	0.000401246
-0.0166667	0.82	0	0.6	0.00026912
-0.0166667	0.86	0	0.6	0.000186288
-0.0166667	0.9	0	0.6	0.000122374
-0.0166667	0.94	0	0.6	8.80752e-05
-0.0166667	0.98	0	0.6	5.57249e-05
0.0166667	-0.98	0	0.6	3.52827e-05
0.0166667	-0.94	0	0.6	2.30908e-05
0.0166667	-0.9	0	0.6	1.69601e-05
0.0166667	-0.86	0	0.6	1.06235e-05
0.0166667	-0.82	0	0.6	7.33762e-06
0.0166667	-0.78	0	0.6	5.06361e-06
0.0166667	-0.74	0	0.6	3.45553e-06
0.0166667	-0.7	0	0.6	2.35372e-06
0.0166667	-0.66	0	0.6	0.0519049
0.0166667	-0.62	0	0.6	0.0717023
0.0166667	-0.58	0	0.6	0.0963138
0.0166667	-0.54	0	0.6	0.122135
0.0166667	-0.5	0	0.6	0.160731
0.0166667	-0.46	0	0.6	0.204296
0.0166667	-0.42	0	0.6	0.250425
0.0166667	-0.38	0	0.6	0.29187
0.0166667	-0.34	0	0.6	0.334567
0.0166667	-0.3	0	0.6	0.376794
0.0166667	-0.26	0	0.6	0.396329
0.0166667	-0.22	0	0.6	0.404409
0.0166667	-0.18	0	0.6	0.412573
0.0166667	-0.14	0	0.6	0.393893
0.0166667	-0.1	0	0.6	0.383084
0.0166667	-0.06	0	0.6	0.352231
0.0166667	-0.02	0	0.6	0.305552
0.0166667	0.02	0	0.6	0.249652
0.0166667	0.06	0	0.6	0.203031
0.0166667	0.1	0	0.6	0.168993
0.0166667	0.14	0	0.6	0.126366
0.0166667	0.18	0	0.6	0.0885396
0.0166667	0.22	0	0.6	0.0703315
0.0166667	0.26	0	0.6	0.0504631
0.0166667	0.3	0	0.6	0.0360303
0.0166667	0.34	0	0.6	0.0244264
0.0166667	0.38	0	0.6	0.0175064
0.0166667	0.42	0	0.6	0.0120917
0.0166667	0.46	0	0.6	0.00818476
0.0166667	0.5	0	0.6	0.00574914
0.0166667	0.54	0	0.6	0.00394144
0.0166667	0.58	0	0.6	0.00265146
0.0166667	0.62	0	0.6	0.00173896
0.0166667	0.66	0	0.6	0.00122038
0.0166667	0.7	0	0.6	0.000799153
0.0166667	0.74	0	0.6	0.000564624
0.0166667	0.78	0	0.6	0.000383463
0.0166667	0.82	0	0.6	0.000261772
0.0166667	0.86	0	0.6	0.000174864
0.0166667	0.9	0	0.6	0.000120282
0.0166667	0.94	0	0.6	7.65284e-05
0.0166667	0.98	0	0.6	5.26251e-05
0.05	-0.98	0	0.6	3.21121e-05
0.05	-0.94	0	0.6	2.30871e-05
0.05	-0.9	0	0.6	1.46754e-05
0.05	-0.86	0	0.6	1.05878e-05
0.05	-0.82	0	0.6	7.21907e-06
0.05	-0.78	0	0.6	4.64572e-06
0.05	-0.74	0	0.6	3.06931e-06
0.05	-0.7	0	0.6	2.13125e-06
0.05	-0.66	0	0.6	0.0417232
0.05	-0.62	0	0.6	0.0585238
0.05	-0.58	0	0.6	0.0816762
0.05	-0.54	0	0.6	0.109595
0.05	-0.5	0	0.6	0.132169
0.05	-0.46	0	0.6	0.169635
0.05	-0.42	0	0.6	0.214531
0.05	-0.38	0	0.6	0.263234
0.05	-0.34	0	0.6	0.285044
0.05	-0.3	0	0.6	0.331124
0.05	-0.26	0	0.6	0.335025
0.05	-0.22	0	0.6	0.354584
0.05	-0.18	0	0.6	0.338418
0.05	-0.14	0	0.6	0.33659
0.05	-0.1	0	0.6	0.320364
0.05	-0.06	0	0.6	0.29391
0.05	-0.02	0	0.6	0.25741
0.05	0.02	0	0.6	0.216503
0.05	0.06	0	0.6	0.178507
0.05	0.1	0	0.6	0.137285
0.05	0.14	0	0.6	0.109595
0.05	0.18	0	0.6	0.0804406
0.05	0.22	0	0.6	0.0578867
0.05	0.26	0	0.6	0.0438983
0.05	0.3	0	0.6	0.0308887
0.05	0.34	0	0.6	0.0216615
0.05	0.38	0	0.6	0.0153633
0.05	0.42	0	0.6	0.0106266
0.05	0.46	0	0.6	0.007176
0.05	0.5	0	0.6	0.00513177
0.05	0.54	0	0.6	0.00340793
0.05	0.58	0	0.6	0.00229785
0.05	0.62	0	0.6	0.00159518
0.05	0.66	0	0.6	0.00108631
0.05	0.7	0	0.6	0.000752435
0.05	0.74	0	0.6	0.000528165
0.05	0.78	0	0.6	0.00034111
0.05	0.82	0	0.6	0.000237957
0.05	0.86	0	0.6	0.000162039
0.05	0.9	0	0.6	0.00010892
0.05	0.94	0	0.6	7.59708e-05
0.05	0.98	0	0.6	4.84931e-05
0.0833333	-0.98	0	0.6	3.1967e-05
0.0833333	-0.94	0	0.6	2.11582e-05
0.0833333	-0.9	0	0.6	1.42078e-05
0.0833333	-0.86	0	0.6	9.74275e-06
0.0833333	-0.82	0	0.6	6.33495e-06
0.0833333	-0.78	0	0.6	4.36175e-06
0.0833333	-0.74	0	0.6	3.01459e-06
0.0833333	-0.7	0	0.6	2.0383e-06
0.0833333	-0.66	0	0.6	0.0359739
0.0833333	-0.62	0	0.6	0.0517188
0.0833333	-0.58	0	0.6	0.0676726
0.0833333	-0.54	0	0.6	0.0938826
0.0833333	-0.5	0	0.6	0.11806
0.0833333	-0.46	0	0.6	0.148673
0.0833333	-0.42	0	0.6	0.17517
0.0833333	-0.38	0	0.6	0.21316
0.0833333	-0.34	0	0.6	0.242187
0.0833333	-0.3	0	0.6	0.275372
0.0833333	-0.26	0	0.6	0.286831
0.0833333	-0.22	0	0.6	0.2825
0.0833333	-0.18	0	0.6	0.299594
0.0833333	-0.14	0	0.6	0.279431
0.0833333	-0.1	0	0.6	0.26804
0.0833333	-0.06	0	0.6	0.242556
0.0833333	-0.02	0	0.6	0.207678
0.0833333	0.02	0	0.6	0.175715
0.0833333	0.06	0	0.6	0.151803
0.0833333	0.1	0	0.6	0.118594
0.0833333	0.14	0	0.6	0.0915424
0.0833333	0.18	0	0.6	0.0691301
0.0833333	0.22	0	0.6	0.0507153
0.0833333	0.26	0	0.6	0.036931
0.0833333	0.3	0	0.6	0.0260064
0.0833333	0.34	0	0.6	0.0193746
0.0833333	0.38	0	0.6	0.0136891
0.0833333	0.42	0	0.6	0.0089624
0.0833333	0.46	0	0.6	0.00633159
0.0833333	0.5	0	0.6	0.00449252
0.0833333	0.54	0	0.6	0.00326874
0.0833333	0.58	0	0.6	0.00209969
0.0833333	0.62	0	0.6	0.0014999
0.0833333	0.66	0	0.6	0.000996653
0.0833333	0.7	0	0.6	0.000678219
0.0833333	0.74	0	0.6	0.000472944
0.0833333	0.78	0	0.6	0.000314987
0.0833333	0.82	0	0.6	0.00021473
0.0833333	0.86	0	0.6	0.000143955
0.0833333	0.9	0	0.6	0.000100234
0.0833333	0.94	0	0.6	7.03131e-05
0.0833333	0.98	0	0.6	4.69681e-05
0.116667	-0.98	0	0.6	2.82822e-05
0.116667	-0.94	0	0.6	1.99467e-05
0.116667	-0.9	0	0.6	1.31004e-05
0.116667	-0.86	0	0.6	9.00328e-06
0.116667	-0.82	0	0.6	6.03287e-06
0.116667	-0.78	0	0.6	4.24865e-06
0.116667	-0.74	0	0.6	2.83183e-06
0.116667	-0.7	0	0.6	1.92671e-06
0.116667	-0.66	0	0.6	0.0303909
0.116667	-0.62	0	0.6	0.0432831
0.116667	-0.58	0	0.6	0.0555368
0.116667	-0.54	0	0.6	0.0743074
0.116667	-0.5	0	0.6	0.0947189
0.116667	-0.46	0	0.6	0.120968
0.116667	-0.42	0	0.6	0.147673
0.116667	-0.38	0	0.6	0.172209
0.116667	-0.34	0	0.6	0.194116
0.116667	-0.3	0	0.6	0.21527
0.116667	-0.26	0	0.6	0.227687
0.116667	-0.22	0	0.6	0.242733
0.116667	-0.18	0	0.6	0.237981
0.116667	-0.14	0	0.6	0.234404
0.116667	-0.1	0	0.6	0.212956
0.116667	-0.06	0	0.6	0.190526
0.116667	-0.02	0	0.6	0.166975
0.116667	0.02	0	0.6	0.138361
0.116667	0.06	0	0.6	0.119693
0.116667	0.1	0	0.6	0.0955919
0.116667	0.14	0	0.6	0.0734012
0.116667	0.18	0	0.6	0.0539846
0.116667	0.22	0	0.6	0.0432831
0.116667	0.26	0	0.6	0.0302489
0.116667	0.3	0	0.6	0.0219703
0.116667	0.34	0	0.6	0.0160285
0.116667	0.38	0	0.6	0.0116548
0.116667	0.42	0	0.6	0.00799987
0.116667	0.46	0	0.6	0.00571292
0.116667	0.5	0	0.6	0.00400329
0.116667	0.54	0	0.6	0.00271777
0.116667	0.58	0	0.6	0.00181422
0.116667	0.62	0	0.6	0.00132791
0.116667	0.66	0	0.6	0.000871116
0.116667	0.7	0	0.6	0.000618007
0.116667	0.74	0	0.6	0.000416369
0.116667	0.78	0	0.6	0.00027729
0.116667	0.82	0	0.6	0.000194249
0.116667	0.86	0	0.6	0.000132087
0.116667	0.9	0	0.6	9.19602e-05
0.116667	0.94	0	0.6	6.32537e-05
0.116667	0.98	0	0.6	4.1962e-05
0.15	-0.98	0	0.6	2.71604e-05
0.15	-0.94	0	0.6	1.79858e-05
0.15	-0.9	0	0.6	1.19471e-05
0.15	-0.86	0	0.6	8.6003e-06
0.15	-0.82	0	0.6	5.62199e-06
0.15	-0.78	0	0.6	3.82556e-06
0.15	-0.74	0	0.6	2.69697e-06
0.15	-0.7	0	0.6	1.79231e-06
0.15	-0.66	0	0.6	0.0260914
0.15	-0.62	0	0.6	0.0333569
0.15	-0.58	0	0.6	0.0457851
0.15	-0.54	0	0.6	0.061532
0.15	-0.5	0	0.6	0.0738448
0.15	-0.46	0	0.6	0.0975097
0.15	-0.42	0	0.6	0.117673
0.15	-0.38	0	0.6	0.139765
0.15	-0.34	0	0.6	0.15711
0.15	-0.3	0	0.6	0.168595
0.15	-0.26	0	0.6	0.185548
0.15	-0.22	0	0.6	0.191271
0.15	-0.18	0	0.6	0.195328
0.15	-0.14	0	0.6	0.185268
0.15	-0.1	0	0.6	0.175674
0.15	-0.06	0	0.6	0.152363
0.15	-0.02	0	0.6	0.13519
0.15	0.02	0	0.6	0.116612
0.15	0.06	0	0.6	0.0947403
0.15	0.1	0	0.6	0.0794621
0.15	0.14	0	0.6	0.0594228
0.15	0.18	0	0.6	0.0462071
0.15	0.22	0	0.6	0.0341512
0.15	0.26	0	0.6	0.0260522
0.15	0.3	0	0.6	0.0193934
0.15	0.34	0	0.6	0.0130891
0.15	0.38	0	0.6	0.0100892
0.15	0.42	0	0.6	0.00718133
0.15	0.46	0	0.6	0.00476487
0.15	0.5	0	0.6	0.00348717
0.15	0.54	0	0.6	0.00241153
0.15	0.58	0	0.6	0.00172704
0.15	0.62	0	0.6	0.00113089
0.15	0.66	0	0.6	0.000824926
0.15	0.7	0	0.6	0.000542076
0.15	0.74	0	0.6	0.000375403
0.15	0.78	0	0.6	0.000260639
0.15	0.82	0	0.6	0.000183893
0.15	0.86	0	0.6	0.000127564
0.15	0.9	0	0.6	8.37441e-05
0.15	0.94	0	0.6	5.74311e-05
0.15	0.98	0	0.6	3.90414e-05
0.183333	-0.98	0	0.6	2.39762e-05
0.183333	-0.94	0	0.6	1.63362e-05
0.183333	-0.9	0	0.6	1.09478e-05
0.183333	-0.86	0	0.6	7.50268e-06
0.183333	-0.82	0	0.6	5.137e-06
0.183333	-0.78	0	0.6	3.60066e-06
0.183333	-0.74	0	0.6	2.29228e-06
0.183333	-0.7	0	0.6	1.67585e-06
0.183333	-0.66	0	0.6	0.0206687
0.183333	-0.62	0	0.6	0.0281689
0.183333	-0.58	0	0.6	0.0355771
0.183333	-0.54	0	0.6	0.0474845
0.183333	-0.5	0	0.6	0.0600708
0.183333	-0.46	0	0.6	0.072171
0.183333	-0.42	0	0.6	0.092302
0.183333	-0.38	0	0.6	0.104664
0.183333	-0.34	0	0.6	0.123725
0.183333	-0.3	0	0.6	0.131163
0.183333	-0.26	0	0.6	0.143555
0.183333	-0.22	0	0.6	0.150842
0.183333	-0.18	0	0.6	0.145222
0.183333	-0.14	0	0.6	0.13964
0.183333	-0.1	0	0.6	0.129126
0.183333	-0.06	0	0.6	0.120216
0.183333	-0.02	0	0.6	0.110344
0.183333	0.02	0	0.6	0.0900878
0.183333	0.06	0	0.6	0.0722857
0.183333	0.1	0	0.6	0.0605343
0.183333	0.14	0	0.6	0.0491673
0.183333	0.18	0	0.6	0.035973
0.183333	0.22	0	0.6	0.0276107
0.183333	0.26	0	0.6	0.0207008
0.183333	0.3	0	0.6	0.0154797
0.183333	0.34	0	0.6	0.0106139
0.183333	0.38	0	0.6	0.00812586
0.183333	0.42	0	0.6	0.00585578
0.183333	0.46	0	0.6	0.00413321
0.183333	0.5	0	0.6	0.00290881
0.183333	0.54	0	0.6	0.00210607
0.183333	0.58	0	0.6	0.0014594
0.183333	0.62	0	0.6	0.000990334
0.183333	0.66	0	0.6	0.000684263
0.183333	0.7	0	0.6	0.000484014
0.183333	0.74	0	0.6	0.000328488
0.183333	0.78	0	0.6	0.000236882
0.183333	0.82	0	0.6	0.000156722
0.183333	0.86	0	0.6	0.000109197
0.183333	0.9	0	0.6	7.35266e-05
0.183333	0.94	0	0.6	5.18596e-05
0.183333	0.98	0	0.6	3.44486e-05
0.216667	-0.98	0	0.6	2.14455e-05
0.216667	-0.94	0	0.6	1.49281e-05
0.216667	-0.9	0	0.6	1.00965e-05
0.216667	-0.86	0	0.6	6.74617e-06
0.216667	-0.82	0	0.6	4.94227e-06
0.216667	-0.78	0	0.6	3.31912e-06
0.216667	-0.74	0	0.6	2.24008e-06
0.216667	-0.7	0	0.6	1.48766e-06
0.216667	-0.66	0	0.6	0.0167841
0.216667	-0.62	0	0.6	0.0223967
0.216667	-0.58	0	0.6	0.0296954
0.216667	-0.54	0	0.6	0.0380948
0.216667	-0.5	0	0.6	0.0478957
0.216667	-0.46	0	0.6	0.0559359
0.216667	-0.42	0	0.6	0.0741169
0.216667	-0.38	0	0.6	0.0840069
0.216667	-0.34	0	0.6	0.0917237
0.216667	-0.3	0	0.6	0.102774
0.216667	-0.26	0	0.6	0.108921
0.216667	-0.22	0	0.6	0.113517
0.216667	-0.18	0	0.6	0.115572
0.216667	-0.14	0	0.6	0.110911
0.216667	-0.1	0	0.6	0.10635
0.216667	-0.06	0	0.6	0.0924303
0.216667	-0.02	0	0.6	0.0815141
0.216667	0.02	0	0.6	0.0684567
0.216667	0.06	0	0.6	0.0590533
0.216667	0.1	0	0.6	0.0475334
0.216667	0.14	0	0.6	0.0361929
0.216667	0.18	0	0.6	0.0303244
0.216667	0.22	0	0.6	0.0222591
0.216667	0.26	0	0.6	0.0170176
0.216667	0.3	0	0.6	0.0122941
0.216667	0.34	0	0.6	0.00931111
0.216667	0.38	0	0.6	0.0067798
0.216667	0.42	0	0.6	0.00479007
0.216667	0.46	0	0.6	0.0034059
0.216667	0.5	0	0.6	0.00240613
0.216667	0.54	0	0.6	0.00182513
0.216667	0.58	0	0.6	0.00121397
0.216667	0.62	0	0.6	0.000879863
0.216667	0.66	0	0.6	0.000621643
0.216667	0.7	0	0.6	0.000428619
0.216667	0.74	0	0.6	0.000297339
0.216667	0.78	0	0.6	0.000204792
0.216667	0.82	0	0.6	0.000142877
0.216667	0.86	0	0.6	9.648e-05
0.216667	0.9	0	0.6	6.50983e-05
0.216667	0.94	0	0.6	4.65121e-05
0.216667	0.98	0	0.6	3.10014e-05
0.25	-0.98	0	0.6	1.93895e-05
0.25	-0.94	0	0.6	1.33538e-05
0.25	-0.9	0	0.6	9.57576e-06
0.25	-0.86	0	0.6	6.12689e-06
0.25	-0.82	0	0.6	4.18447e-06
0.25	-0.78	0	0.6	2.89956e-06
0.25	-0.74	0	0.6	1.91826e-06
0.25	-0.7	0	0.6	1.34579e-06
0.25	-0.66	0	0.6	0.0140225
0.25	-0.62	0	0.6	0.0186772
0.25	-0.58	0	0.6	0.0238223
0.25	-0.54	0	0.6	0.0290445
0.25	-0.5	0	0.6	0.0357221
0.25	-0.46	0	0.6	0.0440709
0.25	-0.42	0	0.6	0.0523437
0.25	-0.38	0	0.6	0.0631268
0.25	-0.34	0	0.6	0.0685053
0.25	-0.3	0	0.6	0.0796962
0.25	-0.26	0	0.6	0.0803228
0.25	-0.22	0	0.6	0.083386
0.25	-0.18	0	0.6	0.0842854
0.25	-0.14	0	0.6	0.0803228
0.25	-0.1	0	0.6	0.0738448
0.25	-0.06	0	0.6	0.0710662
0.25	-0.02	0	0.6	0.0631268
0.25	0.02	0	0.6	0.0514483
0.25	0.06	0	0.6	0.0446859
0.25	0.1	0	0.6	0.0354982
0.25	0.14	0	0.6	0.0289547
0.25	0.18	0	0.6	0.0228694
0.25	0.22	0	0.6	0.0169322
0.25	0.26	0	0.6	0.0132965
0.25	0.3	0	0.6	0.0101204
0.25	0.34	0	0.6	0.00756528
0.25	0.38	0	0.6	0.0056736
0.25	0.42	0	0.6	0.00406719
0.25	0.46	0	0.6	0.00288347
0.25	0.5	0	0.6	0.00216717
0.25	0.54	0	0.6	0.00151321
0.25	0.58	0	0.6	0.00107162
0.25	0.62	0	0.6	0.000761105
0.25	0.66	0	0.6	0.000531921
0.25	0.7	0	0.6	0.000374319
0.25	0.74	0	0.6	0.000268048
0.25	0.78	0	0.6	0.000174876
0.25	0.82	0	0.6	0.000128268
0.25	0.86	0	0.6	8.46547e-05
0.25	0.9	0	0.6	6.00664e-05
0.25	0.94	0	0.6	4.21328e-05
0.25	0.98	0	0.6	2.93206e-05
0.283333	-0.98	0	0.6	1.64484e-05
0.283333	-0.94	0	0.6	1.18759e-05
0.283333	-0.9	0	0.6	8.20617e-06
0.283333	-0.86	0	0.6	5.77388e-06
0.283333	-0.82	0	0.6	3.86075e-06
0.283333	-0.78	0	0.6	2.64525e-06
0.283333	-0.74	0	0.6	1.76075e-06
0.283333	-0.7	0	0.6	1.30383e-06
0.283333	-0.66	0	0.6	0.0106448
0.283333	-0.62	0	0.6	0.0142106
0.283333	-0.58	0	0.6	0.0177383
0.283333	-0.54	0	0.6	0.0227517
0.283333	-0.5	0	0.6	0.0281484
0.283333	-0.46	0	0.6	0.0338357
0.283333	-0.42	0	0.6	0.0418271
0.283333	-0.38	0	0.6	0.048991
0.283333	-0.34	0	0.6	0.0529139
0.283333	-0.3	0	0.6	0.0585298
0.283333	-0.26	0	0.6	0.0582561
0.283333	-0.22	0	0.6	0.061847
0.283333	-0.18	0	0.6	0.0624188
0.283333	-0.14	0	0.6	0.0633419
0.283333	-0.1	0	0.6	0.0581814
0.283333	-0.06	0	0.6	0.0529936
0.283333	-0.02	0	0.6	0.0470768
0.283333	0.02	0	0.6	0.0409058
0.283333	0.06	0	0.6	0.0337838
0.283333	0.1	0	0.6	0.0275915
0.283333	0.14	0	0.6	0.0217821
0.283333	0.18	0	0.6	0.0182051
0.283333	0.22	0	0.6	0.0141677
0.283333	0.26	0	0.6	0.0104641
0.283333	0.3	0	0.6	0.00774973
0.283333	0.34	0	0.6	0.00613389
0.283333	0.38	0	0.6	0.00449352
0.283333	0.42	0	0.6	0.00325612
0.283333	0.46	0	0.6	0.00243934
0.283333	0.5	0	0.6	0.00179695
0.283333	0.54	0	0.6	0.0012939
0.283333	0.58	0	0.6	0.000865142
0.283333	0.62	0	0.6	0.000631017
0.283333	0.66	0	0.6	0.000456531
0.283333	0.7	0	0.6	0.000319656
0.283333	0.74	0	0.6	0.000224706
0.283333	0.78	0	0.6	0.000159111
0.283333	0.82	0	0.6	0.000110836
0.283333	0.86	0	0.6	7.66606e-05
0.283333	0.9	0	0.6	5.18579e-05
0.283333	0.94	0	0.6	3.48694e-05
0.283333	0.98	0	0.6	2.52124e-05
0.316667	-0.98	0	0.6	1.5564e-05
0.316667	-0.94	0	0.6	1.05021e-05
0.316667	-0.9	0	0.6	7.05913e-06
0.316667	-0.86	0	0.6	4.9861e-06
0.316667	-0.82	0	0.6	3.56719e-06
0.316667	-0.78	0	0.6	2.30306e-06
0.316667	-0.74	0	0.6	1.6251e-06
0.316667	-0.7	0	0.6	1.13774e-06
0.316667	-0.66	0	0.6	0.00834411
0.316667	-0.62	0	0.6	0.0111756
0.316667	-0.58	0	0.6	0.0140028
0.316667	-0.54	0	0.6	0.0171138
0.316667	-0.5	0	0.6	0.0215239
0.316667	-0.46	0	0.6	0.0248222
0.316667	-0.42	0	0.6	0.0306989
0.316667	-0.38	0	0.6	0.0346524
0.316667	-0.34	0	0.6	0.038588
0.316667	-0.3	0	0.6	0.0409311
0.316667	-0.26	0	0.6	0.0460725
0.316667	-0.22	0	0.6	0.046442
0.316667	-0.18	0	0.6	0.0467922
0.316667	-0.14	0	0.6	0.0440989
0.316667	-0.1	0	0.6	0.0426018
0.316667	-0.06	0	0.6	0.0397091
0.316667	-0.02	0	0.6	0.0349161
0.316667	0.02	0	0.6	0.0285849
0.316667	0.06	0	0.6	0.0259558
0.316667	0.1	0	0.6	0.0202234
0.316667	0.14	0	0.6	0.0177761
0.316667	0.18	0	0.6	0.0137486
0.316667	0.22	0	0.6	0.0110091
0.316667	0.26	0	0.6	0.00856335
0.316667	0.3	0	0.6	0.00656104
0.316667	0.34	0	0.6	0.0046839
0.316667	0.38	0	0.6	0.00371361
0.316667	0.42	0	0.6	0.00263964
0.316667	0.46	0	0.6	0.00193266
0.316667	0.5	0	0.6	0.00146798
0.316667	0.54	0	0.6	0.00104862
0.316667	0.58	0	0.6	0.000750194
0.316667	0.62	0	0.6	0.000526505
0.316667	0.66	0	0.6	0.000361837
0.316667	0.7	0	0.6	0.000269853
0.316667	0.74	0	0.6	0.000188685
0.316667	0.78	0	0.6	0.000134105
0.316667	0.82	0	0.6	9.47156e-05
0.316667	0.86	0	0.6	6.69989e-05
0.316667	0.9	0	0.6	4.53162e-05
0.316667	0.94	0	0.6	3.26272e-05
0.316667	0.98	0	0.6	2.21045e-05
0.35	-0.98	0	0.6	1.32936e-05
0.35	-0.94	0	0.6	9.33534e-06
0.35	-0.9	0	0.6	6.26908e-06
0.35	-0.86	0	0.6	4.38089e-06
0.35	-0.82	0	0.6	3.05151e-06
0.35	-0.78	0	0.6	2.03874e-06
0.35	-0.74	0	0.6	1.50913e-06
0.35	-0.7	0	0.6	9.2185e-07
0.35	-0.66	0	0.6	0.00690206
0.35	-0.62	0	0.6	0.0080914
0.35	-0.58	0	0.6	0.0105942
0.35	-0.54	0	0.6	0.0132
0.35	-0.5	0	0.6	0.017078
0.35	-0.46	0	0.6	0.0197102
0.35	-0.42	0	0.6	0.0233958
0.35	-0.38	0	0.6	0.0261519
0.35	-0.34	0	0.6	0.0274253
0.35	-0.3	0	0.6	0.0308887
0.35	-0.26	0	0.6	0.0335295
0.35	-0.22	0	0.6	0.0334976
0.35	-0.18	0	0.6	0.0335999
0.35	-0.14	0	0.6	0.0318879
0.35	-0.1	0	0.6	0.0322071
0.35	-0.06	0	0.6	0.0282064
0.35	-0.02	0	0.6	0.0238914
0.35	0.02	0	0.6	0.0220296
0.35	0.06	0	0.6	0.0190376
0.35	0.1	0	0.6	0.0161224
0.35	0.14	0	0.6	0.0129183
0.35	0.18	0	0.6	0.0106266
0.35	0.22	0	0.6	0.00827149
0.35	0.26	0	0.6	0.00644996
0.35	0.3	0	0.6	0.00488409
0.35	0.34	0	0.6	0.00375246
0.35	0.38	0	0.6	0.00297555
0.35	0.42	0	0.6	0.0020363
0.35	0.46	0	0.6	0.00153891
0.35	0.5	0	0.6	0.00117665
0.35	0.54	0	0.6	0.000861872
0.35	0.58	0	0.6	0.000607507
0.35	0.62	0	0.6	0.000443822
0.35	0.66	0	0.6	0.000321543
0.35	0.7	0	0.6	0.000227352
0.35	0.74	0	0.6	0.00015762
0.35	0.78	0	0.6	0.000118348
0.35	0.82	0	0.6	7.88404e-05
0.35	0.86	0	0.6	5.62192e-05
0.35	0.9	0	0.6	3.96645e-05
0.35	0.94	0	0.6	2.89592e-05
0.35	0.98	0	0.6	1.92985e-05
0.383333	-0.98	0	0.6	1.17995e-05
0.383333	-0.94	0	0.6	8.05639e-06
0.383333	-0.9	0	0.6	5.81214e-06
0.383333	-0.86	0	0.6	3.92459e-06
0.383333	-0.82	0	0.6	2.66399e-06
0.383333	-0.78	0	0.6	1.8387e-06
0.383333	-0.74	0	0.6	1.28088e-06
0.383333	-0.7	0	0.6	8.7476e-07
0.383333	-0.66	0	0.6	0.00502102
0.383333	-0.62	0	0.6	0.00655337
0.383333	-0.58	0	0.6	0.0081974
0.383333	-0.54	0	0.6	0.00973677
0.383333	-0.5	0	0.6	0.0117665
0.383333	-0.46	0	0.6	0.0142272
0.383333	-0.42	0	0.6	0.0159297
0.383333	-0.38	0	0.6	0.0186498
0.383333	-0.34	0	0.6	0.0213993
0.383333	-0.3	0	0.6	0.0222793
0.383333	-0.26	0	0.6	0.0238793
0.383333	-0.22	0	0.6	0.0238128
0.383333	-0.18	0	0.6	0.0244444
0.383333	-0.14	0	0.6	0.0238069
0.383333	-0.1	0	0.6	0.0230002
0.383333	-0.06	0	0.6	0.0208278
0.383333	-0.02	0	0.6	0.0191368
0.383333	0.02	0	0.6	0.0168638
0.383333	0.06	0	0.6	0.0140532
0.383333	0.1	0	0.6	0.0119317
0.383333	0.14	0	0.6	0.00991905
0.383333	0.18	0	0.6	0.00830851
0.383333	0.22	0	0.6	0.00647441
0.383333	0.26	0	0.6	0.00497438
0.383333	0.3	0	0.6	0.00386441
0.383333	0.34	0	0.6	0.00298388
0.383333	0.38	0	0.6	0.0022292
0.383333	0.42	0	0.6	0.00174612
0.383333	0.46	0	0.6	0.00122535
0.383333	0.5	0	0.6	0.000973231
0.383333	0.54	0	0.6	0.000691157
0.383333	0.58	0	0.6	0.000532081
0.383333	0.62	0	0.6	0.000362197
0.383333	0.66	0	0.6	0.000266879
0.383333	0.7	0	0.6	0.00018834
0.383333	0.74	0	0.6	0.000136427
0.383333	0.78	0	0.6	9.89894e-05
0.383333	0.82	0	0.6	6.94504e-05
0.383333	0.86	0	0.6	4.70911e-05
0.383333	0.9	0	0.6	3.36886e-05
0.383333	0.94	0	0.6	2.37362e-05
0.383333	0.98	0	0.6	1.66296e-05
0.416667	-0.98	0	0.6	9.54505e-06
0.416667	-0.94	0	0.6	6.9062e-06
0.416667	-0.9	0	0.6	4.77201e-06
0.416667	-0.86	0	0.6	3.37826e-06
0.416667	-0.82	0	0.6	2.32527e-06
0.416667	-0.78	0	0.6	1.67978e-06
0.416667	-0.74	0	0.6	1.11637e-06
0.416667	-0.7	0	0.6	7.77678e-07
0.416667	-0.66	0	0.6	0.00374694
0.416667	-0.62	0	0.6	0.0048779
0.416667	-0.58	0	0.6	0.00619368
0.416667	-0.54	0	0.6	0.0073002
0.416667	-0.5	0	0.6	0.00893575
0.416667	-0.46	0	0.6	0.0109692
0.416667	-0.42	0	0.6	0.0119642
0.416667	-0.38	0	0.6	0.013798
0.416667	-0.34	0	0.6	0.0153168
0.416667	-0.3	0	0.6	0.0163049
0.416667	-0.26	0	0.6	0.017066
0.416667	-0.22	0	0.6	0.0172872
0.416667	-0.18	0	0.6	0.01804
0.416667	-0.14	0	0.6	0.0168301
0.416667	-0.1	0	0.6	0.0163548
0.416667	-0.06	0	0.6	0.0149466
0.416667	-0.02	0	0.6	0.0133367
0.416667	0.02	0	0.6	0.0120014
0.416667	0.06	0	0.6	0.0107275
0.416667	0.1	0	0.6	0.00925048
0.416667	0.14	0	0.6	0.00726598
0.416667	0.18	0	0.6	0.00595079
0.416667	0.22	0	0.6	0.0047951
0.416667	0.26	0	0.6	0.0038067
0.416667	0.3	0	0.6	0.00312159
0.416667	0.34	0	0.6	0.00230595
0.416667	0.38	0	0.6	0.00178862
0.416667	0.42	0	0.6	0.00139816
0.416667	0.46	0	0.6	0.00105193
0.416667	0.5	0	0.6	0.000775471
0.416667	0.54	0	0.6	0.000569028
0.416667	0.58	0	0.6	0.000412764
0.416667	0.62	0	0.6	0.00029613
0.416667	0.66	0	0.6	0.000220221
0.416667	0.7	0	0.6	0.000158
0.416667	0.74	0	0.6	0.000114725
0.416667	0.78	0	0.6	7.91066e-05
0.416667	0.82	0	0.6	5.78624e-05
0.416667	0.86	0	0.6	4.17662e-05
0.416667	0.9	0	0.6	2.85431e-05
0.416667	0.94	0	0.6	2.10668e-05
0.416667	0.98	0	0.6	1.42326e-05
0.45	-0.98	0	0.6	8.40853e-06
0.45	-0.94	0	0.6	5.96441e-06
0.45	-0.9	0	0.6	4.12384e-06
0.45	-0.86	0	0.6	2.86698e-06
0.45	-0.82	0	0.6	2.02659e-06
0.45	-0.78	0	0.6	1.40995e-06
0.45	-0.74	0	0.6	9.50491e-07
0.45	-0.7	0	0.6	6.96734e-07
0.45	-0.66	0	0.6	0.00283757
0.45	-0.62	0	0.6	0.00374677
0.45	-0.58	0	0.6	0.00476949
0.45	-0.54	0	0.6	0.00591754
0.45	-0.5	0	0.6	0.00655218
0.45	-0.46	0	0.6	0.0076391
0.45	-0.42	0	0.6	0.00882771
0.45	-0.38	0	0.6	0.010189
0.45	-0.34	0	0.6	0.0109932
0.45	-0.3	0	0.6	0.0118973
0.45	-0.26	0	0.6	0.0123309
0.45	-0.22	0	0.6	0.013117
0.45	-0.18	0	0.6	0.0119528
0.45	-0.14	0	0.6	0.0126718
0.45	-0.1	0	0.6	0.0113196
0.45	-0.06	0	0.6	0.0107915
0.45	-0.02	0	0.6	0.0102196
0.45	0.02	0	0.6	0.00926365
0.45	0.06	0	0.6	0.00786483
0.45	0.1	0	0.6	0.00663344
0.45	0.14	0	0.6	0.00564468
0.45	0.18	0	0.6	0.00434741
0.45	0.22	0	0.6	0.00356972
0.45	0.26	0	0.6	0.00296095
0.45	0.3	0	0.6	0.00233331
0.45	0.34	0	0.6	0.00184131
0.45	0.38	0	0.6	0.00146028
0.45	0.42	0	0.6	0.0010742
0.45	0.46	0	0.6	0.000829152
0.45	0.5	0	0.6	0.000604313
0.45	0.54	0	0.6	0.000461006
0.45	0.58	0	0.6	0.000324835
0.45	0.62	0	0.6	0.000247585
0.45	0.66	0	0.6	0.000180737
0.45	0.7	0	0.6	0.00013341
0.45	0.74	0	0.6	9.37983e-05
0.45	0.78	0	0.6	6.73552e-05
0.45	0.82	0	0.6	4.90493e-05
0.45	0.86	0	0.6	3.48885e-05
0.45	0.9	0	0.6	2.48403e-05
0.45	0.94	0	0.6	1.78921e-05
0.45	0.98	0	0.6	1.21757e-05
0.483333	-0.98	0	0.6	7.15535e-06
0.483333	-0.94	0	0.6	5.20558e-06
0.483333	-0.9	0	0.6	3.60268e-06
0.483333	-0.86	0	0.6	2.43273e-06
0.483333	-0.82	0	0.6	1.81528e-06
0.483333	-0.78	0	0.6	1.2124e-06
0.483333	-0.74	0	0.6	8.48651e-07
0.483333	-0.7	0	0.6	6.23161e-07
0.483333	-0.66	0	0.6	0.00237797
0.483333	-0.62	0	0.6	0.00280816
0.483333	-0.58	0	0.6	0.00353927
0.483333	-0.54	0	0.6	0.00431733
0.483333	-0.5	0	0.6	0.00470394
0.483333	-0.46	0	0.6	0.00566872
0.483333	-0.42	0	0.6	0.00653422
0.483333	-0.38	0	0.6	0.00706917
0.483333	-0.34	0	0.6	0.00794337
0.483333	-0.3	0	0.6	0.00851834
0.483333	-0.26	0	0.6	0.00900056
0.483333	-0.22	0	0.6	0.00900093
0.483333	-0.18	0	0.6	0.00900093
0.483333	-0.14	0	0.6	0.00874106
0.483333	-0.1	0	0.6	0.00866184
0.483333	-0.06	0	0.6	0.00778499
0.483333	-0.02	0	0.6	0.00741428
0.483333	0.02	0	0.6	0.00664379
0.483333	0.06	0	0.6	0.00585214
0.483333	0.1	0	0.6	0.00486174
0.483333	0.14	0	0.6	0.00414591
0.483333	0.18	0	0.6	0.00355509
0.483333	0.22	0	0.6	0.00276934
0.483333	0.26	0	0.6	0.00234668
0.483333	0.3	0	0.6	0.00179964
0.483333	0.34	0	0.6	0.0014524
0.483333	0.38	0	0.6	0.00108892
0.483333	0.42	0	0.6	0.000844428
0.483333	0.46	0	0.6	0.000655427
0.483333	0.5	0	0.6	0.000479553
0.483333	0.54	0	0.6	0.000360525
0.483333	0.58	0	0.6	0.000276074
0.483333	0.62	0	0.6	0.00019943
0.483333	0.66	0	0.6	0.000142217
0.483333	0.7	0	0.6	0.000110058
0.483333	0.74	0	0.6	7.72325e-05
0.483333	0.78	0	0.6	5.55002e-05
0.483333	0.82	0	0.6	4.1119e-05
0.483333	0.86	0	0.6	2.71071e-05
0.483333	0.9	0	0.6	2.04607e-05
0.483333	0.94	0	0.6	1.42305e-05
0.483333	0.98	0	0.6	1.03503e-05
0.516667	-0.98	0	0.6	6.22215e-06
0.516667	-0.94	0	0.6	4.45432e-06
0.516667	-0.9	0	0.6	3.05723e-06
0.516667	-0.86	0	0.6	2.18426e-06
0.516667	-0.82	0	0.6	1.54026e-06
0.516667	-0.78	0	0.6	1.00389e-06
0.516667	-0.74	0	0.6	7.55265e-07
0.516667	-0.7	0	0.6	5.24543e-07
0.516667	-0.66	0	0.6	0.00176964
0.516667	-0.62	0	0.6	0.00214459
0.516667	-0.58	0	0.6	0.00258077
0.516667	-0.54	0	0.6	0.0031237
0.516667	-0.5	0	0.6	0.00369065
0.516667	-0.46	0	0.6	0.00411804
0.516667	-0.42	0	0.6	0.00472272
0.516667	-0.38	0	0.6	0.0052142
0.516667	-0.34	0	0.6	0.00572907
0.516667	-0.3	0	0.6	0.00609792
0.516667	-0.26	0	0.6	0.00650966
0.516667	-0.22	0	0.6	0.00659466
0.516667	-0.18	0	0.6	0.00669519
0.516667	-0.14	0	0.6	0.00643099
0.516667	-0.1	0	0.6	0.00619203
0.516667	-0.06	0	0.6	0.00578195
0.516667	-0.02	0	0.6	0.00538396
0.516667	0.02	0	0.6	0.00475178
0.516667	0.06	0	0.6	0.00403479
0.516667	0.1	0	0.6	0.00353549
0.516667	0.14	0	0.6	0.00309543
0.516667	0.18	0	0.6	0.00249015
0.516667	0.22	0	0.6	0.0021965
0.516667	0.26	0	0.6	0.00175648
0.516667	0.3	0	0.6	0.00139826
0.516667	0.34	0	0.6	0.00107432
0.516667	0.38	0	0.6	0.000868809
0.516667	0.42	0	0.6	0.000671258
0.516667	0.46	0	0.6	0.000509743
0.516667	0.5	0	0.6	0.000373628
0.516667	0.54	0	0.6	0.000284097
0.516667	0.58	0	0.6	0.000210405
0.516667	0.62	0	0.6	0.000158421
0.516667	0.66	0	0.6	0.000116142
0.516667	0.7	0	0.6	8.95612e-05
0.516667	0.74	0	0.6	6.16446e-05
0.516667	0.78	0	0.6	4.78364e-05
0.516667	0.82	0	0.6	3.26286e-05
0.516667	0.86	0	0.6	2.44966e-05
0.516667	0.9	0	0.6	1.65057e-05
0.516667	0.94	0	0.6	1.22336e-05
0.516667	0.98	0	0.6	8.54533e-06
0.55	-0.98	0	0.6	5.12907e-06
0.55	-0.94	0	0.6	3.48438e-06
0.55	-0.9	0	0.6	2.67939e-06
0.55	-0.86	0	0.6	1.88387e-06
0.55	-0.82	0	0.6	1.32719e-06
0.55	-0.78	0	0.6	9.2445e-07
0.55	-0.74	0	0.6	6.4247e-07
0.55	-0.7	0	0.6	4.65465e-07
0.55	-0.66	0	0.6	0.00126955
0.55	-0.62	0	0.6	0.00157555
0.55	-0.58	0	0.6	0.00191851
0.55	-0.54	0	0.6	0.0022554
0.55	-0.5	0	0.6	0.00269018
0.55	-0.46	0	0.6	0.00305011
0.55	-0.42	0	0.6	0.00358632
0.55	-0.38	0	0.6	0.00406134
0.55	-0.34	0	0.6	0.00423434
0.55	-0.3	0	0.6	0.0045901
0.55	-0.26	0	0.6	0.00468158
0.55	-0.22	0	0.6	0.00473834
0.55	-0.18	0	0.6	0.00470945
0.55	-0.14	0	0.6	0.0046533
0.55	-0.1	0	0.6	0.00446806
0.55	-0.06	0	0.6	0.00426618
0.55	-0.02	0	0.6	0.00380934
0.55	0.02	0	0.6	0.00347524
0.55	0.06	0	0.6	0.00310633
0.55	0.1	0	0.6	0.00264942
0.55	0.14	0	0.6	0.00220311
0.55	0.18	0	0.6	0.00195078
0.55	0.22	0	0.6	0.00155366
0.55	0.26	0	0.6	0.00127551
0.55	0.3	0	0.6	0.00102531
0.55	0.34	0	0.6	0.000847249
0.55	0.38	0	0.6	0.000683192
0.55	0.42	0	0.6	0.000498604
0.55	0.46	0	0.6	0.00039553
0.55	0.5	0	0.6	0.000297771
0.55	0.54	0	0.6	0.000227503
0.55	0.58	0	0.6	0.000173523
0.55	0.62	0	0.6	0.000126076
0.55	0.66	0	0.6	9.69148e-05
0.55	0.7	0	0.6	6.84682e-05
0.55	0.74	0	0.6	5.15607e-05
0.55	0.78	0	0.6	3.86013e-05
0.55	0.82	0	0.6	2.87424e-05
0.55	0.86	0	0.6	1.89343e-05
0.55	0.9	0	0.6	1.39155e-05
0.55	0.94	0	0.6	1.05586e-05
0.55	0.98	0	0.6	7.2672e-06
0.583333	-0.98	0	0.6	4.29553e-06
0.583333	-0.94	0	0.6	3.15803e-06
0.583333	-0.9	0	0.6	2.12024e-06
0.583333	-0.86	0	0.6	1.55818e-06
0.583333	-0.82	0	0.6	1.10515e-06
0.583333	-0.78	0	0.6	7.89061e-07
0.583333	-0.74	0	0.6	5.58641e-07
0.583333	-0.7	0	0.6	4.0231e-07
0.583333	-0.66	0	0.6	0.000946906
0.583333	-0.62	0	0.6	0.00117504
0.583333	-0.58	0	0.6	0.0014133
0.583333	-0.54	0	0.6	0.00170557
0.583333	-0.5	0	0.6	0.00195933
0.583333	-0.46	0	0.6	0.00227495
0.583333	-0.42	0	0.6	0.00249517
0.583333	-0.38	0	0.6	0.00274512
0.583333	-0.34	0	0.6	0.00297286
0.583333	-0.3	0	0.6	0.00308927
0.583333	-0.26	0	0.6	0.0033438
0.583333	-0.22	0	0.6	0.00331383
0.583333	-0.18	0	0.6	0.00333976
0.583333	-0.14	0	0.6	0.00327266
0.583333	-0.1	0	0.6	0.00314783
0.583333	-0.06	0	0.6	0.00298205
0.583333	-0.02	0	0.6	0.00286392
0.583333	0.02	0	0.6	0.00255668
0.583333	0.06	0	0.6	0.00217916
0.583333	0.1	0	0.6	0.00205805
0.583333	0.14	0	0.6	0.00165412
0.583333	0.18	0	0.6	0.00146338
0.583333	0.22	0	0.6	0.00117322
0.583333	0.26	0	0.6	0.000987231
0.583333	0.3	0	0.6	0.000781884
0.583333	0.34	0	0.6	0.000632701
0.583333	0.38	0	0.6	0.000504575
0.583333	0.42	0	0.6	0.000392081
0.583333	0.46	0	0.6	0.000300708
0.583333	0.5	0	0.6	0.000225963
0.583333	0.54	0	0.6	0.000180382
0.583333	0.58	0	0.6	0.000131121
0.583333	0.62	0	0.6	0.000102762
0.583333	0.66	0	0.6	7.60012e-05
0.583333	0.7	0	0.6	5.62012e-05
0.583333	0.74	0	0.6	3.96562e-05
0.583333	0.78	0	0.6	3.04966e-05
0.583333	0.82	0	0.6	2.2533e-05
0.583333	0.86	0	0.6	1.60722e-05
0.583333	0.9	0	0.6	1.15728e-05
0.583333	0.94	0	0.6	8.35153e-06
0.583333	0.98	0	0.6	6.0697e-06
0.616667	-0.98	0	0.6	3.67783e-06
0.616667	-0.94	0	0.6	2.61354e-06
0.616667	-0.9	0	0.6	1.85695e-06
0.616667	-0.86	0	0.6	1.36591e-06
0.616667	-0.82	0	0.6	8.97787e-07
0.616667	-0.78	0	0.6	6.53755e-07
0.616667	-0.74	0	0.6	4.63078e-07
0.616667	-0.7	0	0.6	3.2323e-07
0.616667	-0.66	0	0.6	0.00070952
0.616667	-0.62	0	0.6	0.000892704
0.616667	-0.58	0	0.6	0.00102384
0.616667	-0.54	0	0.6	0.00123495
0.616667	-0.5	0	0.6	0.0014614
0.616667	-0.46	0	0.6	0.0016334
0.616667	-0.42	0	0.6	0.00179715
0.616667	-0.38	0	0.6	0.00207417
0.616667	-0.34	0	0.6	0.00219636
0.616667	-0.3	0	0.6	0.00233091
0.616667	-0.26	0	0.6	0.00231013
0.616667	-0.22	0	0.6	0.00243004
0.616667	-0.18	0	0.6	0.00235561
0.616667	-0.14	0	0.6	0.00239407
0.616667	-0.1	0	0.6	0.00234846
0.616667	-0.06	0	0.6	0.00215329
0.616667	-0.02	0	0.6	0.00202201
0.616667	0.02	0	0.6	0.00179994
0.616667	0.06	0	0.6	0.0016334
0.616667	0.1	0	0.6	0.00139129
0.616667	0.14	0	0.6	0.00125389
0.616667	0.18	0	0.6	0.00103512
0.616667	0.22	0	0.6	0.00090082
0.616667	0.26	0	0.6	0.000710639
0.616667	0.3	0	0.6	0.000596844
0.616667	0.34	0	0.6	0.000494088
0.616667	0.38	0	0.6	0.000385891
0.616667	0.42	0	0.6	0.000309203
0.616667	0.46	0	0.6	0.000229653
0.616667	0.5	0	0.6	0.000178092
0.616667	0.54	0	0.6	0.000136709
0.616667	0.58	0	0.6	0.00010772
0.616667	0.62	0	0.6	8.24183e-05
0.616667	0.66	0	0.6	6.09396e-05
0.616667	0.7	0	0.6	4.60113e-05
0.616667	0.74	0	0.6	3.35495e-05
0.616667	0.78	0	0.6	2.5195e-05
0.616667	0.82	0	0.6	1.89012e-05
0.616667	0.86	0	0.6	1.25989e-05
0.616667	0.9	0	0.6	9.76407e-06
0.616667	0.94	0	0.6	6.9391e-06
0.616667	0.98	0	0.6	4.99565e-06
0.65	-0.98	0	0.6	3.13023e-06
0.65	-0.94	0	0.6	2.25389e-06
0.65	-0.9	0	0.6	1.56071e-06
0.65	-0.86	0	0.6	1.1336e-06
0.65	-0.82	0	0.6	8.18363e-07
0.65	-0.78	0	0.6	5.32572e-07
0.65	-0.74	0	0.6	3.87696e-07
0.65	-0.7	0	0.6	2.84358e-07
0.65	-0.66	0	0.6	0.000522559
0.65	-0.62	0	0.6	0.000659079
0.65	-0.58	0	0.6	0.000801546
0.65	-0.54	0	0.6	0.000931096
0.65	-0.5	0	0.6	0.00104294
0.65	-0.46	0	0.6	0.00123254
0.65	-0.42	0	0.6	0.00132925
0.65	-0.38	0	0.6	0.00144318
0.65	-0.34	0	0.6	0.0015442
0.65	-0.3	0	0.6	0.00163025
0.65	-0.26	0	0.6	0.00173164
0.65	-0.22	0	0.6	0.00181247
0.65	-0.18	0	0.6	0.00176175
0.65	-0.14	0	0.6	0.00172902
0.65	-0.1	0	0.6	0.00169334
0.65	-0.06	0	0.6	0.00154659
0.65	-0.02	0	0.6	0.00147422
0.65	0.02	0	0.6	0.00134341
0.65	0.06	0	0.6	0.00114722
0.65	0.1	0	0.6	0.00102692
0.65	0.14	0	0.6	0.000908827
0.65	0.18	0	0.6	0.000780108
0.65	0.22	0	0.6	0.00063798
0.65	0.26	0	0.6	0.000562692
0.65	0.3	0	0.6	0.000454057
0.65	0.34	0	0.6	0.000370243
0.65	0.38	0	0.6	0.000286407
0.65	0.42	0	0.6	0.000237383
0.65	0.46	0	0.6	0.000178535
0.65	0.5	0	0.6	0.000135154
0.65	0.54	0	0.6	0.000111598
0.65	0.58	0	0.6	8.14943e-05
0.65	0.62	0	0.6	6.60676e-05
0.65	0.66	0	0.6	4.85468e-05
0.65	0.7	0	0.6	3.65768e-05
0.65	0.74	0	0.6	2.58202e-05
0.65	0.78	0	0.6	2.05778e-05
0.65	0.82	0	0.6	1.47883e-05
0.65	0.86	0	0.6	1.0535e-05
0.65	0.9	0	0.6	7.74202e-06
0.65	0.94	0	0.6	5.58568e-06
0.65	0.98	0	0.6	4.17913e-06
0.683333	-0.98	0	0.6	2.42157e-06
0.683333	-0.94	0	0.6	1.73734e-06
0.683333	-0.9	0	0.6	1.31103e-06
0.683333	-0.86	0	0.6	9.12016e-07
0.683333	-0.82	0	0.6	6.511e-07
0.683333	-0.78	0	0.6	4.77905e-07
0.683333	-0.74	0	0.6	3.23456e-07
0.683333	-0.7	0	0.6	2.31608e-07
0.683333	-0.66	0	0.6	0.000397463
0.683333	-0.62	0	0.6	0.000483185
0.683333	-0.58	0	0.6	0.000585582
0.683333	-0.54	0	0.6	0.000674771
0.683333	-0.5	0	0.6	0.000748569
0.683333	-0.46	0	0.6	0.000793134
0.683333	-0.42	0	0.6	0.000959825
0.683333	-0.38	0	0.6	0.0010227
0.683333	-0.34	0	0.6	0.00109986
0.683333	-0.3	0	0.6	0.00116784
0.683333	-0.26	0	0.6	0.00122194
0.683333	-0.22	0	0.6	0.00121166
0.683333	-0.18	0	0.6	0.00125377
0.683333	-0.14	0	0.6	0.00117682
0.683333	-0.1	0	0.6	0.00118235
0.683333	-0.06	0	0.6	0.00110158
0.683333	-0.02	0	0.6	0.0010243
0.683333	0.02	0	0.6	0.000956894
0.683333	0.06	0	0.6	0.000863077
0.683333	0.1	0	0.6	0.000768453
0.683333	0.14	0	0.6	0.000667625
0.683333	0.18	0	0.6	0.000575047
0.683333	0.22	0	0.6	0.000484674
0.683333	0.26	0	0.6	0.000418644
0.683333	0.3	0	0.6	0.000329949
0.683333	0.34	0	0.6	0.000266441
0.683333	0.38	0	0.6	0.000221542
0.683333	0.42	0	0.6	0.000178048
0.683333	0.46	0	0.6	0.000136743
0.683333	0.5	0	0.6	0.000111342
0.683333	0.54	0	0.6	8.37432e-05
0.683333	0.58	0	0.6	6.54211e-05
0.683333	0.62	0	0.6	5.04786e-05
0.683333	0.66	0	0.6	3.80856e-05
0.683333	0.7	0	0.6	2.84991e-05
0.683333	0.74	0	0.6	2.09612e-05
0.683333	0.78	0	0.6	1.51994e-05
0.683333	0.82	0	0.6	1.19176e-05
0.683333	0.86	0	0.6	9.12135e-06
0.683333	0.9	0	0.6	6.25959e-06
0.683333	0.94	0	0.6	4.73065e-06
0.683333	0.98	0	0.6	3.39943e-06
0.716667	-0.98	0	0.6	2.08322e-06
0.716667	-0.94	0	0.6	1.49447e-06
0.716667	-0.9	0	0.6	1.02259e-06
0.716667	-0.86	0	0.6	7.39755e-07
0.716667	-0.82	0	0.6	5.43554e-07
0.716667	-0.78	0	0.6	3.83546e-07
0.716667	-0.74	0	0.6	2.84442e-07
0.716667	-0.7	0	0.6	2.00612e-07
0.716667	-0.66	0	0.6	0.000300991
0.716667	-0.62	0	0.6	0.000357832
0.716667	-0.58	0	0.6	0.000417279
0.716667	-0.54	0	0.6	0.000478436
0.716667	-0.5	0	0.6	0.000573932
0.716667	-0.46	0	0.6	0.000621993
0.716667	-0.42	0	0.6	0.000676567
0.716667	-0.38	0	0.6	0.000782898
0.716667	-0.34	0	0.6	0.000787853
0.716667	-0.3	0	0.6	0.000870161
0.716667	-0.26	0	0.6	0.000876633
0.716667	-0.22	0	0.6	0.00089752
0.716667	-0.18	0	0.6	0.000901637
0.716667	-0.14	0	0.6	0.000867192
0.716667	-0.1	0	0.6	0.000848016
0.716667	-0.06	0	0.6	0.000800221
0.716667	-0.02	0	0.6	0.000744792
0.716667	0.02	0	0.6	0.000677628
0.716667	0.06	0	0.6	0.000596117
0.716667	0.1	0	0.6	0.000595252
0.716667	0.14	0	0.6	0.000497872
0.716667	0.18	0	0.6	0.000426322
0.716667	0.22	0	0.6	0.000358383
0.716667	0.26	0	0.6	0.000314883
0.716667	0.3	0	0.6	0.000247348
0.716667	0.34	0	0.6	0.000208749
0.716667	0.38	0	0.6	0.000166138
0.716667	0.42	0	0.6	0.000133876
0.716667	0.46	0	0.6	0.000111562
0.716667	0.5	0	0.6	8.45543e-05
0.716667	0.54	0	0.6	6.6551e-05
0.716667	0.58	0	0.6	5.0855e-05
0.716667	0.62	0	0.6	3.89752e-05
0.716667	0.66	0	0.6	3.03883e-05
0.716667	0.7	0	0.6	2.27237e-05
0.716667	0.74	0	0.6	1.70124e-05
0.716667	0.78	0	0.6	1.33857e-05
0.716667	0.82	0	0.6	9.77794e-06
0.716667	0.86	0	0.6	7.00541e-06
0.716667	0.9	0	0.6	5.22789e-06
0.716667	0.94	0	0.6	3.8128e-06
0.716667	0.98	0	0.6	2.71317e-06
0.75	-0.98	0	0.6	1.63273e-06
0.75	-0.94	0	0.6	1.22737e-06
0.75	-0.9	0	0.6	8.48633e-07
0.75	-0.86	0	0.6	6.3663e-07
0.75	-0.82	0	0.6	4.60042e-07
0.75	-0.78	0	0.6	3.46454e-07
0.75	-0.74	0	0.6	2.28721e-07
0.75	-0.7	0	0.6	1.64888e-07
0.75	-0.66	0	0.6	0.000212241
0.75	-0.62	0	0.6	0.000271387
0.75	-0.58	0	0.6	0.000309813
0.75	-0.54	0	0.6	0.000365706
0.75	-0.5	0	0.6	0.000410508
0.75	-0.46	0	0.6	0.000458225
0.75	-0.42	0	0.6	0.000492313
0.75	-0.38	0	0.6	0.00053206
0.75	-0.34	0	0.6	0.00060505
0.75	-0.3	0	0.6	0.000632378
0.75	-0.26	0	0.6	0.000667483
0.75	-0.22	0	0.6	0.000625674
0.75	-0.18	0	0.6	0.000658138
0.75	-0.14	0	0.6	0.000669418
0.75	-0.1	0	0.6	0.00058841
0.75	-0.06	0	0.6	0.000578357
0.75	-0.02	0	0.6	0.000533726
0.75	0.02	0	0.6	0.000486178
0.75	0.06	0	0.6	0.000467264
0.75	0.1	0	0.6	0.000406161
0.75	0.14	0	0.6	0.000354773
0.75	0.18	0	0.6	0.000312186
0.75	0.22	0	0.6	0.000270981
0.75	0.26	0	0.6	0.000219453
0.75	0.3	0	0.6	0.000191562
0.75	0.34	0	0.6	0.000154076
0.75	0.38	0	0.6	0.000122477
0.75	0.42	0	0.6	9.98638e-05
0.75	0.46	0	0.6	8.06164e-05
0.75	0.5	0	0.6	6.5556e-05
0.75	0.54	0	0.6	5.02449e-05
0.75	0.58	0	0.6	3.99839e-05
0.75	0.62	0	0.6	2.95472e-05
0.75	0.66	0	0.6	2.41769e-05
0.75	0.7	0	0.6	1.76029e-05
0.75	0.74	0	0.6	1.36378e-05
0.75	0.78	0	0.6	1.03409e-05
0.75	0.82	0	0.6	7.65626e-06
0.75	0.86	0	0.6	5.61179e-06
0.75	0.9	0	0.6	4.27158e-06
0.75	0.94	0	0.6	3.21961e-06
0.75	0.98	0	0.6	2.28974e-06
0.783333	-0.98	0	0.6	1.36047e-06
0.783333	-0.94	0	0.6	9.74823e-07
0.783333	-0.9	0	0.6	7.24141e-07
0.783333	-0.86	0	0.6	5.36594e-07
0.783333	-0.82	0	0.6	3.75353e-07
0.783333	-0.78	0	0.6	2.65172e-07
0.783333	-0.74	0	0.6	2.00434e-07
0.783333	-0.7	0	0.6	1.39361e-07
0.783333	-0.66	0	0.6	0.000172342
0.783333	-0.62	0	0.6	0.000186155
0.783333	-0.58	0	0.6	0.000230688
0.783333	-0.54	0	0.6	0.000267073
0.783333	-0.5	0	0.6	0.000299532
0.783333	-0.46	0	0.6	0.00032965
0.783333	-0.42	0	0.6	0.000351893
0.783333	-0.38	0	0.6	0.000405079
0.783333	-0.34	0	0.6	0.000429374
0.783333	-0.3	0	0.6	0.0004453
0.783333	-0.26	0	0.6	0.000461356
0.783333	-0.22	0	0.6	0.000452693
0.783333	-0.18	0	0.6	0.000468206
0.783333	-0.14	0	0.6	0.000462743
0.783333	-0.1	0	0.6	0.000439927
0.783333	-0.06	0	0.6	0.000408897
0.783333	-0.02	0	0.6	0.000376873
0.783333	0.02	0	0.6	0.000359097
0.783333	0.06	0	0.6	0.000329146
0.783333	0.1	0	0.6	0.000286882
0.783333	0.14	0	0.6	0.000256693
0.783333	0.18	0	0.6	0.000225817
0.783333	0.22	0	0.6	0.00019244
0.783333	0.26	0	0.6	0.000165733
0.783333	0.3	0	0.6	0.000141416
0.783333	0.34	0	0.6	0.00011872
0.783333	0.38	0	0.6	9.21783e-05
0.783333	0.42	0	0.6	7.8853e-05
0.783333	0.46	0	0.6	6.29243e-05
0.783333	0.5	0	0.6	4.89898e-05
0.783333	0.54	0	0.6	3.84423e-05
0.783333	0.58	0	0.6	3.0475e-05
0.783333	0.62	0	0.6	2.33143e-05
0.783333	0.66	0	0.6	1.84838e-05
0.783333	0.7	0	0.6	1.35782e-05
0.783333	0.74	0	0.6	1.05597e-05
0.783333	0.78	0	0.6	8.05955e-06
0.783333	0.82	0	0.6	6.17092e-06
0.783333	0.86	0	0.6	4.80855e-06
0.783333	0.9	0	0.6	3.40215e-06
0.783333	0.94	0	0.6	2.58763e-06
0.783333	0.98	0	0.6	1.83687e-06
0.816667	-0.98	0	0.6	1.12474e-06
0.816667	-0.94	0	0.6	7.93609e-07
0.816667	-0.9	0	0.6	6.15177e-07
0.816667	-0.86	0	0.6	4.29811e-07
0.816667	-0.82	0	0.6	3.15785e-07
0.816667	-0.78	0	0.6	2.35332e-07
0.816667	-0.74	0	0.6	1.62065e-07
0.816667	-0.7	0	0.6	1.18683e-07
0.816667	-0.66	0	0.6	0.000119998
0.816667	-0.62	0	0.6	0.000145275
0.816667	-0.58	0	0.6	0.000172001
0.816667	-0.54	0	0.6	0.000181125
0.816667	-0.5	0	0.6	0.000216375
0.816667	-0.46	0	0.6	0.00022929
0.816667	-0.42	0	0.6	0.000262154
0.816667	-0.38	0	0.6	0.000284914
0.816667	-0.34	0	0.6	0.000303643
0.816667	-0.3	0	0.6	0.000323031
0.816667	-0.26	0	0.6	0.000326854
0.816667	-0.22	0	0.6	0.000327988
0.816667	-0.18	0	0.6	0.000324956
0.816667	-0.14	0	0.6	0.000315411
0.816667	-0.1	0	0.6	0.000305674
0.816667	-0.06	0	0.6	0.000291221
0.816667	-0.02	0	0.6	0.0002767
0.816667	0.02	0	0.6	0.000274162
0.816667	0.06	0	0.6	0.000243164
0.816667	0.1	0	0.6	0.000218017
0.816667	0.14	0	0.6	0.000183746
0.816667	0.18	0	0.6	0.000165631
0.816667	0.22	0	0.6	0.000148797
0.816667	0.26	0	0.6	0.000124505
0.816667	0.3	0	0.6	0.000104172
0.816667	0.34	0	0.6	8.68295e-05
0.816667	0.38	0	0.6	7.06141e-05
0.816667	0.42	0	0.6	5.93127e-05
0.816667	0.46	0	0.6	4.59938e-05
0.816667	0.5	0	0.6	3.69392e-05
0.816667	0.54	0	0.6	2.94981e-05
0.816667	0.58	0	0.6	2.41494e-05
0.816667	0.62	0	0.6	1.82134e-05
0.816667	0.66	0	0.6	1.42476e-05
0.816667	0.7	0	0.6	1.09161e-05
0.816667	0.74	0	0.6	8.74299e-06
0.816667	0.78	0	0.6	6.49787e-06
0.816667	0.82	0	0.6	4.6665e-06
0.816667	0.86	0	0.6	3.61595e-06
0.816667	0.9	0	0.6	2.64054e-06
0.816667	0.94	0	0.6	1.98819e-06
0.816667	0.98	0	0.6	1.46943e-06
0.85	-0.98	0	0.6	8.69029e-07
0.85	-0.94	0	0.6	6.80137e-07
0.85	-0.9	0	0.6	4.59135e-07
0.85	-0.86	0	0.6	3.40528e-07
0.85	-0.82	0	0.6	2.64422e-07
0.85	-0.78	0	0.6	1.84963e-07
0.85	-0.74	0	0.6	1.3429e-07
0.85	-0.7	0	0.6	9.92654e-08
0.85	-0.66	0	0.6	9.04389e-05
0.85	-0.62	0	0.6	0.000109272
0.85	-0.58	0	0.6	0.000116298
0.85	-0.54	0	0.6	0.000142587
0.85	-0.5	0	0.6	0.000154493
0.85	-0.46	0	0.6	0.000173637
0.85	-0.42	0	0.6	0.000191551
0.85	-0.38	0	0.6	0.000209233
0.85	-0.34	0	0.6	0.000215608
0.85	-0.3	0	0.6	0.000227352
0.85	-0.26	0	0.6	0.000230439
0.85	-0.22	0	0.6	0.000238681
0.85	-0.18	0	0.6	0.000235784
0.85	-0.14	0	0.6	0.000234363
0.85	-0.1	0	0.6	0.000224583
0.85	-0.06	0	0.6	0.000217923
0.85	-0.02	0	0.6	0.000207987
0.85	0.02	0	0.6	0.000187217
0.85	0.06	0	0.6	0.000168352
0.85	0.1	0	0.6	0.000149963
0.85	0.14	0	0.6	0.000134736
0.85	0.18	0	0.6	0.000121703
0.85	0.22	0	0.6	0.000107333
0.85	0.26	0	0.6	9.09929e-05
0.85	0.3	0	0.6	7.72894e-05
0.85	0.34	0	0.6	6.20687e-05
0.85	0.38	0	0.6	5.37803e-05
0.85	0.42	0	0.6	4.32338e-05
0.85	0.46	0	0.6	3.54887e-05
0.85	0.5	0	0.6	2.82928e-05
0.85	0.54	0	0.6	2.27394e-05
0.85	0.58	0	0.6	1.84809e-05
0.85	0.62	0	0.6	1.35749e-05
0.85	0.66	0	0.6	1.11115e-05
0.85	0.7	0	0.6	8.49004e-06
0.85	0.74	0	0.6	6.26311e-06
0.85	0.78	0	0.6	5.10195e-06
0.85	0.82	0	0.6	3.73311e-06
0.85	0.86	0	0.6	2.88716e-06
0.85	0.9	0	0.6	2.13453e-06
0.85	0.94	0	0.6	1.55268e-06
0.85	0.98	0	0.6	1.19611e-06
0.883333	-0.98	0	0.6	7.01078e-07
0.883333	-0.94	0	0.6	5.14735e-07
0.883333	-0.9	0	0.6	3.88152e-07
0.883333	-0.86	0	0.6	2.81455e-07
0.883333	-0.82	0	0.6	2.00142e-07
0.883333	-0.78	0	0.6	1.53251e-07
0.883333	-0.74	0	0.6	1.1015e-07
0.883333	-0.7	0	0.6	8.09788e-08
0.883333	-0.66	0	0.6	6.52692e-05
0.883333	-0.62	0	0.6	7.65801e-05
0.883333	-0.58	0	0.6	9.0272e-05
0.883333	-0.54	0	0.6	0.000102559
0.883333	-0.5	0	0.6	0.000114169
0.883333	-0.46	0	0.6	0.000124272
0.883333	-0.42	0	0.6	0.000137375
0.883333	-0.38	0	0.6	0.000144356
0.883333	-0.34	0	0.6	0.000153991
0.883333	-0.3	0	0.6	0.000157693
0.883333	-0.26	0	0.6	0.000171101
0.883333	-0.22	0	0.6	0.00016456
0.883333	-0.18	0	0.6	0.000172866
0.883333	-0.14	0	0.6	0.000169055
0.883333	-0.1	0	0.6	0.000171103
0.883333	-0.06	0	0.6	0.000157081
0.883333	-0.02	0	0.6	0.00014458
0.883333	0.02	0	0.6	0.000138626
0.883333	0.06	0	0.6	0.000124846
0.883333	0.1	0	0.6	0.00011538
0.883333	0.14	0	0.6	0.000103332
0.883333	0.18	0	0.6	8.97274e-05
0.883333	0.22	0	0.6	8.00179e-05
0.883333	0.26	0	0.6	6.77168e-05
0.883333	0.3	0	0.6	5.55941e-05
0.883333	0.34	0	0.6	4.69054e-05
0.883333	0.38	0	0.6	3.98252e-05
0.883333	0.42	0	0.6	3.39102e-05
0.883333	0.46	0	0.6	2.6648e-05
0.883333	0.5	0	0.6	2.16098e-05
0.883333	0.54	0	0.6	1.68159e-05
0.883333	0.58	0	0.6	1.41213e-05
0.883333	0.62	0	0.6	1.15492e-05
0.883333	0.66	0	0.6	8.48121e-06
0.883333	0.7	0	0.6	6.72178e-06
0.883333	0.74	0	0.6	5.07961e-06
0.883333	0.78	0	0.6	3.97361e-06
0.883333	0.82	0	0.6	2.93846e-06
0.883333	0.86	0	0.6	2.14476e-06
0.883333	0.9	0	0.6	1.76009e-06
0.883333	0.94	0	0.6	1.25985e-06
0.883333	0.98	0	0.6	9.53615e-07
0.916667	-0.98	0	0.6	5.82464e-07
0.916667	-0.94	0	0.6	4.19839e-07
0.916667	-0.9	0	0.6	3.12489e-07
0.916667	-0.86	0	0.6	2.39368e-07
0.916667	-0.82	0	0.6	1.61566e-07
0.916667	-0.78	0	0.6	1.21379e-07
0.916667	-0.74	0	0.6	8.31348e-08
0.916667	-0.7	0	0.6	6.37998e-08
0.916667	-0.66	0	0.6	4.93412e-05
0.916667	-0.62	0	0.6	5.43538e-05
0.916667	-0.58	0	0.6	6.28969e-05
0.916667	-0.54	0	0.6	7.07713e-05
0.916667	-0.5	0	0.6	8.12709e-05
0.916667	-0.46	0	0.6	8.61169e-05
0.916667	-0.42	0	0.6	0.000100431
0.916667	-0.38	0	0.6	0.00010809
0.916667	-0.34	0	0.6	0.000106543
0.916667	-0.3	0	0.6	0.000110838
0.916667	-0.26	0	0.6	0.000118084
0.916667	-0.22	0	0.6	0.000122019
0.916667	-0.18	0	0.6	0.000119787
0.916667	-0.14	0	0.6	0.000119918
0.916667	-0.1	0	0.6	0.000115471
0.916667	-0.06	0	0.6	0.000110641
0.916667	-0.02	0	0.6	0.000106638
0.916667	0.02	0	0.6	9.84768e-05
0.916667	0.06	0	0.6	8.74992e-05
0.916667	0.1	0	0.6	8.1898e-05
0.916667	0.14	0	0.6	7.85224e-05
0.916667	0.18	0	0.6	6.77657e-05
0.916667	0.22	0	0.6	5.60035e-05
0.916667	0.26	0	0.6	4.81414e-05
0.916667	0.3	0	0.6	4.26449e-05
0.916667	0.34	0	0.6	3.53711e-05
0.916667	0.38	0	0.6	2.83449e-05
0.916667	0.42	0	0.6	2.47659e-05
0.916667	0.46	0	0.6	2.04833e-05
0.916667	0.5	0	0.6	1.64869e-05
0.916667	0.54	0	0.6	1.3134e-05
0.916667	0.58	0	0.6	1.06794e-05
0.916667	0.62	0	0.6	8.59981e-06
0.916667	0.66	0	0.6	6.48262e-06
0.916667	0.7	0	0.6	4.94418e-06
0.916667	0.74	0	0.6	4.00898e-06
0.916667	0.78	0	0.6	3.11673e-06
0.916667	0.82	0	0.6	2.47229e-06
0.916667	0.86	0	0.6	1.74948e-06
0.916667	0.9	0	0.6	1.30014e-06
0.916667	0.94	0	0.6	9.85622e-07
0.916667	0.98	0	0.6	7.5162e-07
0.95	-0.98	0	0.6	4.51136e-07
0.95	-0.94	0	0.6	3.48812e-07
0.95	-0.9	0	0.6	2.46434e-07
0.95	-0.86	0	0.6	1.81708e-07
0.95	-0.82	0	0.6	1.35549e-07
0.95	-0.78	0	0.6	9.93566e-08
0.95	-0.74	0	0.6	6.74312e-08
0.95	-0.7	0	0.6	5.12073e-08
0.95	-0.66	0	0.6	3.63964e-05
0.95	-0.62	0	0.6	4.0781e-05
0.95	-0.58	0	0.6	4.82455e-05
0.95	-0.54	0	0.6	5.49396e-05
0.95	-0.5	0	0.6	6.12477e-05
0.95	-0.46	0	0.6	6.41286e-05
0.95	-0.42	0	0.6	7.15389e-05
0.95	-0.38	0	0.6	7.7309e-05
0.95	-0.34	0	0.6	7.84998e-05
0.95	-0.3	0	0.6	8.24656e-05
0.95	-0.26	0	0.6	8.85982e-05
0.95	-0.22	0	0.6	8.55731e-05
0.95	-0.18	0	0.6	8.34404e-05
0.95	-0.14	0	0.6	8.49176e-05
0.95	-0.1	0	0.6	8.39998e-05
0.95	-0.06	0	0.6	8.03396e-05
0.95	-0.02	0	0.6	7.67286e-05
0.95	0.02	0	0.6	7.16473e-05
0.95	0.06	0	0.6	6.39288e-05
0.95	0.1	0	0.6	5.97938e-05
0.95	0.14	0	0.6	5.44498e-05
0.95	0.18	0	0.6	4.99117e-05
0.95	0.22	0	0.6	4.11622e-05
0.95	0.26	0	0.6	3.56806e-05
0.95	0.3	0	0.6	3.04448e-05
0.95	0.34	0	0.6	2.60198e-05
0.95	0.38	0	0.6	2.26467e-05
0.95	0.42	0	0.6	1.7956e-05
0.95	0.46	0	0.6	1.51272e-05
0.95	0.5	0	0.6	1.21721e-05
0.95	0.54	0	0.6	1.00264e-05
0.95	0.58	0	0.6	7.75022e-06
0.95	0.62	0	0.6	6.46777e-06
0.95	0.66	0	0.6	5.03206e-06
0.95	0.7	0	0.6	3.85028e-06
0.95	0.74	0	0.6	3.05507e-06
0.95	0.78	0	0.6	2.39322e-06
0.95	0.82	0	0.6	1.79349e-06
0.95	0.86	0	0.6	1.46715e-06
0.95	0.9	0	0.6	1.00739e-06
0.95	0.94	0	0.6	8.22014e-07
0.95	0.98	0	0.6	6.11386e-07
0.983333	-0.98	0	0.6	3.48995e-07
0.983333	-0.94	0	0.6	2.71561e-07
0.983333	-0.9	0	0.6	1.96943e-07
0.983333	-0.86	0	0.6	1.52346e-07
0.983333	-0.82	0	0.6	1.07625e-07
0.983333	-0.78	0	0.6	8.22637e-08
0.983333	-0.74	0	0.6	6.3119e-08
0.983333	-0.7	0	0.6	4.33921e-08
0.983333	-0.66	0	0.6	2.66926e-05
0.983333	-0.62	0	0.6	3.03136e-05
0.983333	-0.58	0	0.6	3.40861e-05
0.983333	-0.54	0	0.6	3.76418e-05
0.983333	-0.5	0	0.6	4.25079e-05
0.983333	-0.46	0	0.6	4.68968e-05
0.983333	-0.42	0	0.6	5.10894e-05
0.983333	-0.38	0	0.6	5.61134e-05
0.983333	-0.34	0	0.6	5.65593e-05
0.983333	-0.3	0	0.6	5.90714e-05
0.983333	-0.26	0	0.6	6.09692e-05
0.983333	-0.22	0	0.6	6.34223e-05
0.983333	-0.18	0	0.6	6.30402e-05
0.983333	-0.14	0	0.6	5.91788e-05
0.983333	-0.1	0	0.6	5.82459e-05
0.983333	-0.06	0	0.6	5.85856e-05
0.983333	-0.02	0	0.6	5.51114e-05
0.983333	0.02	0	0.6	5.11675e-05
0.983333	0.06	0	0.6	4.92777e-05
0.983333	0.1	0	0.6	4.18499e-05
0.983333	0.14	0	0.6	3.99537e-05
0.983333	0.18	0	0.6	3.44027e-05
0.983333	0.22	0	0.6	2.96173e-05
0.983333	0.26	0	0.6	2.66522e-05
0.983333	0.3	0	0.6	2.17855e-05
0.983333	0.34	0	0.6	1.94647e-05
0.983333	0.38	0	0.6	1.63291e-05
0.983333	0.42	0	0.6	1.37522e-05
0.983333	0.46	0	0.6	1.09222e-05
0.983333	0.5	0	0.6	9.00517e-06
0.983333	0.54	0	0.6	7.54375e-06
0.983333	0.58	0	0.6	6.01285e-06
0.983333	0.62	0	0.6	4.59233e-06
0.983333	0.66	0	0.6	3.77771e-06
0.983333	0.7	0	0.6	2.994e-06
0.983333	0.74	0	0.6	2.35666e-06
0.983333	0.78	0	0.6	1.88493e-06
0.983333	0.82	0	0.6	1.38032e-06
0.983333	0.86	0	0.6	1.12645e-06
0.983333	0.9	0	0.6	8.14548e-07
0.983333	0.94	0	0.6	6.36086e-07
0.983333	0.98	0	0.6	4.79286e-07
