-0.983333	-0.98	0	0.4	1.05435e-07
-0.983333	-0.94	0	0.4	7.9264e-08
-0.983333	-0.9	0	0.4	5.93461e-08
-0.983333	-0.86	0	0.4	4.42599e-08
-0.983333	-0.82	0	0.4	3.28857e-08
-0.983333	-0.78	0	0.4	1.08057e-05
-0.983333	-0.74	0	0.4	1.23294e-05
-0.983333	-0.7	0	0.4	1.39229e-05
-0.983333	-0.66	0	0.4	1.55559e-05
-0.983333	-0.62	0	0.4	1.71919e-05
-0.983333	-0.58	0	0.4	1.87893e-05
-0.983333	-0.54	0	0.4	2.0303e-05
-0.983333	-0.5	0	0.4	2.16863e-05
-0.983333	-0.46	0	0.4	2.28935e-05
-0.983333	-0.42	0	0.4	2.38824e-05
-0.983333	-0.38	0	0.4	2.46168e-05
-0.983333	-0.34	0	0.4	2.50691e-05
-0.983333	-0.3	0	0.4	2.52218e-05
-0.983333	-0.26	0	0.4	2.50691e-05
-0.983333	-0.22	0	0.4	2.46168e-05
-0.983333	-0.18	0	0.4	2.38824e-05
-0.983333	-0.14	0	0.4	2.28935e-05
-0.983333	-0.1	0	0.4	2.16863e-05
-0.983333	-0.06	0	0.4	2.0303e-05
-0.983333	-0.02	0	0.4	1.87893e-05
-0.983333	0.02	0	0.4	1.71919e-05
-0.983333	0.06	0	0.4	1.55559e-05
-0.983333	0.1	0	0.4	1.39229e-05
-0.983333	0.14	0	0.4	1.23294e-05
-0.983333	0.18	0	0.4	1.08057e-05
-0.983333	0.22	0	0.4	9.37533e-06
-0.983333	0.26	0	0.4	8.05517e-06
-0.983333	0.3	0	0.4	6.85568e-06
-0.983333	0.34	0	0.4	5.78163e-06
-0.983333	0.38	0	0.4	4.83292e-06
-0.983333	0.42	0	0.4	4.0056e-06
-0.983333	0.46	0	0.4	3.29277e-06
-0.983333	0.5	0	0.4	2.68551e-06
-0.983333	0.54	0	0.4	2.17369e-06
-0.983333	0.58	0	0.4	1.74665e-06
-0.983333	0.62	0	0.4	1.39373e-06
-0.983333	0.66	0	0.4	1.10471e-06
-0.983333	0.7	0	0.4	8.70022e-07
-0.983333	0.74	0	0.4	6.81001e-07
-0.983333	0.78	0	0.4	5.29925e-07
-0.983333	0.82	0	0.4	4.10055e-07
-0.983333	0.86	0	0.4	3.156e-07
-0.983333	0.9	0	0.4	2.41658e-07
-0.983333	0.94	0	0.4	1.84134e-07
-0.983333	0.98	0	0.4	1.39647e-07
-0.95	-0.98	0	0.4	8.31971e-08
-0.95	-0.94	0	0.4	6.27671e-08
-0.95	-0.9	0	0.4	4.71581e-08
-0.95	-0.86	0	0.4	3.52905e-08
-0.95	-0.82	0	0.4	2.63095e-08
-0.95	-0.78	0	0.4	7.89673e-06
-0.95	-0.74	0	0.4	8.98403e-06
-0.95	-0.7	0	0.4	1.01175e-05
-0.95	-0.66	0	0.4	1.12755e-05
-0.95	-0.62	0	0.4	1.24325e-05
-0.95	-0.58	0	0.4	1.35593e-05
-0.95	-0.54	0	0.4	1.46247e-05
-0.95	-0.5	0	0.4	1.55964e-05
-0.95	-0.46	0	0.4	1.6443e-05
-0.95	-0.42	0	0.4	1.71356e-05
-0.95	-0.38	0	0.4	1.76494e-05
-0.95	-0.34	0	0.4	1.79656e-05
-0.95	-0.3	0	0.4	1.80724e-05
-0.95	-0.26	0	0.4	1.79656e-05
-0.95	-0.22	0	0.4	1.76494e-05
-0.95	-0.18	0	0.4	1.71356e-05
-0.95	-0.14	0	0.4	1.6443e-05
-0.95	-0.1	0	0.4	1.55964e-05
-0.95	-0.06	0	0.4	1.46247e-05
-0.95	-0.02	0	0.4	1.35593e-05
-0.95	0.02	0	0.4	1.24325e-05
-0.95	0.06	0	0.4	1.12755e-05
-0.95	0.1	0	0.4	1.01175e-05
-0.95	0.14	0	0.4	8.98403e-06
-0.95	0.18	0	0.4	7.89673e-06
-0.95	0.22	0	0.4	6.87255e-06
-0.95	0.26	0	0.4	5.92388e-06
-0.95	0.3	0	0.4	5.0587e-06
-0.95	0.34	0	0.4	4.28098e-06
-0.95	0.38	0	0.4	3.59129e-06
-0.95	0.42	0	0.4	2.98738e-06
-0.95	0.46	0	0.4	2.46488e-06
-0.95	0.5	0	0.4	2.01787e-06
-0.95	0.54	0	0.4	1.63951e-06
-0.95	0.58	0	0.4	1.32247e-06
-0.95	0.62	0	0.4	1.05932e-06
-0.95	0.66	0	0.4	8.42884e-07
-0.95	0.7	0	0.4	6.66378e-07
-0.95	0.74	0	0.4	5.23604e-07
-0.95	0.78	0	0.4	4.09002e-07
-0.95	0.82	0	0.4	3.17685e-07
-0.95	0.86	0	0.4	2.45427e-07
-0.95	0.9	0	0.4	1.88625e-07
-0.95	0.94	0	0.4	1.44255e-07
-0.95	0.98	0	0.4	1.098e-07
-0.916667	-0.98	0	0.4	6.54612e-08
-0.916667	-0.94	0	0.4	4.95587e-08
-0.916667	-0.9	0	0.4	3.73624e-08
-0.916667	-0.86	0	0.4	2.80546e-08
-0.916667	-0.82	0	0.4	2.09848e-08
-0.916667	-0.78	0	0.4	5.76585e-06
-0.916667	-0.74	0	0.4	6.54145e-06
-0.916667	-0.7	0	0.4	7.34746e-06
-0.916667	-0.66	0	0.4	8.16861e-06
-0.916667	-0.62	0	0.4	8.98684e-06
-0.916667	-0.58	0	0.4	9.78185e-06
-0.916667	-0.54	0	0.4	1.05319e-05
-0.916667	-0.5	0	0.4	1.12147e-05
-0.916667	-0.46	0	0.4	1.18087e-05
-0.916667	-0.42	0	0.4	1.22939e-05
-0.916667	-0.38	0	0.4	1.26536e-05
-0.916667	-0.34	0	0.4	1.28748e-05
-0.916667	-0.3	0	0.4	1.29495e-05
-0.916667	-0.26	0	0.4	1.28748e-05
-0.916667	-0.22	0	0.4	1.26536e-05
-0.916667	-0.18	0	0.4	1.22939e-05
-0.916667	-0.14	0	0.4	1.18087e-05
-0.916667	-0.1	0	0.4	1.12147e-05
-0.916667	-0.06	0	0.4	1.05319e-05
-0.916667	-0.02	0	0.4	9.78185e-06
-0.916667	0.02	0	0.4	8.98684e-06
-0.916667	0.06	0	0.4	8.16861e-06
-0.916667	0.1	0	0.4	7.34746e-06
-0.916667	0.14	0	0.4	6.54145e-06
-0.916667	0.18	0	0.4	5.76585e-06
-0.916667	0.22	0	0.4	5.0329e-06
-0.916667	0.26	0	0.4	4.35164e-06
-0.916667	0.3	0	0.4	3.7281e-06
-0.916667	0.34	0	0.4	3.16551e-06
-0.916667	0.38	0	0.4	2.66468e-06
-0.916667	0.42	0	0.4	2.22441e-06
-0.916667	0.46	0	0.4	1.84196e-06
-0.916667	0.5	0	0.4	1.51343e-06
-0.916667	0.54	0	0.4	1.2342e-06
-0.916667	0.58	0	0.4	9.99245e-07
-0.916667	0.62	0	0.4	8.03417e-07
-0.916667	0.66	0	0.4	6.41667e-07
-0.916667	0.7	0	0.4	5.09206e-07
-0.916667	0.74	0	0.4	4.01608e-07
-0.916667	0.78	0	0.4	3.14881e-07
-0.916667	0.82	0	0.4	2.45488e-07
-0.916667	0.86	0	0.4	1.90351e-07
-0.916667	0.9	0	0.4	1.46832e-07
-0.916667	0.94	0	0.4	1.12699e-07
-0.916667	0.98	0	0.4	8.60885e-08
-0.883333	-0.98	0	0.4	5.13637e-08
-0.883333	-0.94	0	0.4	3.90198e-08
-0.883333	-0.9	0	0.4	2.9517e-08
-0.883333	-0.86	0	0.4	2.22379e-08
-0.883333	-0.82	0	0.4	1.66887e-08
-0.883333	-0.78	0	0.4	4.20654e-06
-0.883333	-0.74	0	0.4	4.7596e-06
-0.883333	-0.7	0	0.4	5.33266e-06
-0.883333	-0.66	0	0.4	5.91488e-06
-0.883333	-0.62	0	0.4	6.49357e-06
-0.883333	-0.58	0	0.4	7.05454e-06
-0.883333	-0.54	0	0.4	7.58271e-06
-0.883333	-0.5	0	0.4	8.06268e-06
-0.883333	-0.46	0	0.4	8.47957e-06
-0.883333	-0.42	0	0.4	8.81974e-06
-0.883333	-0.38	0	0.4	9.07166e-06
-0.883333	-0.34	0	0.4	9.22649e-06
-0.883333	-0.3	0	0.4	9.27873e-06
-0.883333	-0.26	0	0.4	9.22649e-06
-0.883333	-0.22	0	0.4	9.07166e-06
-0.883333	-0.18	0	0.4	8.81974e-06
-0.883333	-0.14	0	0.4	8.47957e-06
-0.883333	-0.1	0	0.4	8.06268e-06
-0.883333	-0.06	0	0.4	7.58271e-06
-0.883333	-0.02	0	0.4	7.05454e-06
-0.883333	0.02	0	0.4	6.49357e-06
-0.883333	0.06	0	0.4	5.91488e-06
-0.883333	0.1	0	0.4	5.33266e-06
-0.883333	0.14	0	0.4	4.7596e-06
-0.883333	0.18	0	0.4	4.20654e-06
-0.883333	0.22	0	0.4	3.68225e-06
-0.883333	0.26	0	0.4	3.19333e-06
-0.883333	0.3	0	0.4	2.74429e-06
-0.883333	0.34	0	0.4	2.33768e-06
-0.883333	0.38	0	0.4	1.97437e-06
-0.883333	0.42	0	0.4	1.65378e-06
-0.883333	0.46	0	0.4	1.37421e-06
-0.883333	0.5	0	0.4	1.13311e-06
-0.883333	0.54	0	0.4	9.27368e-07
-0.883333	0.58	0	0.4	7.53547e-07
-0.883333	0.62	0	0.4	6.08082e-07
-0.883333	0.66	0	0.4	4.87439e-07
-0.883333	0.7	0	0.4	3.88235e-07
-0.883333	0.74	0	0.4	3.07323e-07
-0.883333	0.78	0	0.4	2.41839e-07
-0.883333	0.82	0	0.4	1.8923e-07
-0.883333	0.86	0	0.4	1.4726e-07
-0.883333	0.9	0	0.4	1.14001e-07
-0.883333	0.94	0	0.4	8.78117e-08
-0.883333	0.98	0	0.4	6.73141e-08
-0.85	-0.98	0	0.4	4.01949e-08
-0.85	-0.94	0	0.4	3.06388e-08
-0.85	-0.9	0	0.4	2.32548e-08
-0.85	-0.86	0	0.4	1.7578e-08
-0.85	-0.82	0	0.4	1.32347e-08
-0.85	-0.78	0	0.4	3.06658e-06
-0.85	-0.74	0	0.4	3.46083e-06
-0.85	-0.7	0	0.4	3.86819e-06
-0.85	-0.66	0	0.4	4.28098e-06
-0.85	-0.62	0	0.4	4.69027e-06
-0.85	-0.58	0	0.4	5.08617e-06
-0.85	-0.54	0	0.4	5.45819e-06
-0.85	-0.5	0	0.4	5.79569e-06
-0.85	-0.46	0	0.4	6.0884e-06
-0.85	-0.42	0	0.4	6.32699e-06
-0.85	-0.38	0	0.4	6.50351e-06
-0.85	-0.34	0	0.4	6.61195e-06
-0.85	-0.3	0	0.4	6.64852e-06
-0.85	-0.26	0	0.4	6.61195e-06
-0.85	-0.22	0	0.4	6.50351e-06
-0.85	-0.18	0	0.4	6.32699e-06
-0.85	-0.14	0	0.4	6.0884e-06
-0.85	-0.1	0	0.4	5.79569e-06
-0.85	-0.06	0	0.4	5.45819e-06
-0.85	-0.02	0	0.4	5.08617e-06
-0.85	0.02	0	0.4	4.69027e-06
-0.85	0.06	0	0.4	4.28098e-06
-0.85	0.1	0	0.4	3.86819e-06
-0.85	0.14	0	0.4	3.46083e-06
-0.85	0.18	0	0.4	3.06658e-06
-0.85	0.22	0	0.4	2.69171e-06
-0.85	0.26	0	0.4	2.34103e-06
-0.85	0.3	0	0.4	2.01787e-06
-0.85	0.34	0	0.4	1.72425e-06
-0.85	0.38	0	0.4	1.46096e-06
-0.85	0.42	0	0.4	1.22778e-06
-0.85	0.46	0	0.4	1.02366e-06
-0.85	0.5	0	0.4	8.46965e-07
-0.85	0.54	0	0.4	6.95596e-07
-0.85	0.58	0	0.4	5.67209e-07
-0.85	0.62	0	0.4	4.59341e-07
-0.85	0.66	0	0.4	3.69524e-07
-0.85	0.7	0	0.4	2.95373e-07
-0.85	0.74	0	0.4	2.34653e-07
-0.85	0.78	0	0.4	1.85315e-07
-0.85	0.82	0	0.4	1.4552e-07
-0.85	0.86	0	0.4	1.13647e-07
-0.85	0.9	0	0.4	8.82899e-08
-0.85	0.94	0	0.4	6.82454e-08
-0.85	0.98	0	0.4	5.24966e-08
-0.816667	-0.98	0	0.4	3.1374e-08
-0.816667	-0.94	0	0.4	2.3995e-08
-0.816667	-0.9	0	0.4	1.82725e-08
-0.816667	-0.86	0	0.4	1.38571e-08
-0.816667	-0.82	0	0.4	1.04668e-08
-0.816667	-0.78	0	0.4	2.23394e-06
-0.816667	-0.74	0	0.4	2.51491e-06
-0.816667	-0.7	0	0.4	2.80444e-06
-0.816667	-0.66	0	0.4	3.09708e-06
-0.816667	-0.62	0	0.4	3.38658e-06
-0.816667	-0.58	0	0.4	3.66602e-06
-0.816667	-0.54	0	0.4	3.92812e-06
-0.816667	-0.5	0	0.4	4.16551e-06
-0.816667	-0.46	0	0.4	4.37112e-06
-0.816667	-0.42	0	0.4	4.53853e-06
-0.816667	-0.38	0	0.4	4.66228e-06
-0.816667	-0.34	0	0.4	4.73826e-06
-0.816667	-0.3	0	0.4	4.76388e-06
-0.816667	-0.26	0	0.4	4.73826e-06
-0.816667	-0.22	0	0.4	4.66228e-06
-0.816667	-0.18	0	0.4	4.53853e-06
-0.816667	-0.14	0	0.4	4.37112e-06
-0.816667	-0.1	0	0.4	4.16551e-06
-0.816667	-0.06	0	0.4	3.92812e-06
-0.816667	-0.02	0	0.4	3.66602e-06
-0.816667	0.02	0	0.4	3.38658e-06
-0.816667	0.06	0	0.4	3.09708e-06
-0.816667	0.1	0	0.4	2.80444e-06
-0.816667	0.14	0	0.4	2.51491e-06
-0.816667	0.18	0	0.4	2.23394e-06
-0.816667	0.22	0	0.4	1.96602e-06
-0.816667	0.26	0	0.4	1.71461e-06
-0.816667	0.3	0	0.4	1.48221e-06
-0.816667	0.34	0	0.4	1.27034e-06
-0.816667	0.38	0	0.4	1.0797e-06
-0.816667	0.42	0	0.4	9.1027e-07
-0.816667	0.46	0	0.4	7.61422e-07
-0.816667	0.5	0	0.4	6.3209e-07
-0.816667	0.54	0	0.4	5.2088e-07
-0.816667	0.58	0	0.4	4.26197e-07
-0.816667	0.62	0	0.4	3.4634e-07
-0.816667	0.66	0	0.4	2.79589e-07
-0.816667	0.7	0	0.4	2.24267e-07
-0.816667	0.74	0	0.4	1.78788e-07
-0.816667	0.78	0	0.4	1.41691e-07
-0.816667	0.82	0	0.4	1.11653e-07
-0.816667	0.86	0	0.4	8.75014e-08
-0.816667	0.9	0	0.4	6.82136e-08
-0.816667	0.94	0	0.4	5.29085e-08
-0.816667	0.98	0	0.4	4.08379e-08
-0.783333	-0.98	0	0.4	1.03535e-05
-0.783333	-0.94	0	0.4	7.10686e-06
-0.783333	-0.9	0	0.4	4.87223e-06
-0.783333	-0.86	0	0.4	3.33639e-06
-0.783333	-0.82	0	0.4	2.28225e-06
-0.783333	-0.78	0	0.4	0.0143176
-0.783333	-0.74	0	0.4	0.0187838
-0.783333	-0.7	0	0.4	0.0242908
-0.783333	-0.66	0	0.4	0.0309065
-0.783333	-0.62	0	0.4	0.0386157
-0.783333	-0.58	0	0.4	0.0472839
-0.783333	-0.54	0	0.4	0.0566276
-0.783333	-0.5	0	0.4	0.0662031
-0.783333	-0.46	0	0.4	0.0754233
-0.783333	-0.42	0	0.4	0.0836096
-0.783333	-0.38	0	0.4	0.0900748
-0.783333	-0.34	0	0.4	0.0942249
-0.783333	-0.3	0	0.4	0.095656
-0.783333	-0.26	0	0.4	0.0942249
-0.783333	-0.22	0	0.4	0.0900748
-0.783333	-0.18	0	0.4	0.0836096
-0.783333	-0.14	0	0.4	0.0754233
-0.783333	-0.1	0	0.4	0.0662031
-0.783333	-0.06	0	0.4	0.0566276
-0.783333	-0.02	0	0.4	0.0472839
-0.783333	0.02	0	0.4	0.0386157
-0.783333	0.06	0	0.4	0.0309065
-0.783333	0.1	0	0.4	0.0242908
-0.783333	0.14	0	0.4	0.0187838
-0.783333	0.18	0	0.4	0.0143176
-0.783333	0.22	0	0.4	0.0107754
-0.783333	0.26	0	0.4	0.00801917
-0.783333	0.3	0	0.4	0.00590945
-0.783333	0.34	0	0.4	0.00431718
-0.783333	0.38	0	0.4	0.00312996
-0.783333	0.42	0	0.4	0.00225399
-0.783333	0.46	0	0.4	0.00161353
-0.783333	0.5	0	0.4	0.00114897
-0.783333	0.54	0	0.4	0.000814323
-0.783333	0.58	0	0.4	0.000574726
-0.783333	0.62	0	0.4	0.000404102
-0.783333	0.66	0	0.4	0.000283175
-0.783333	0.7	0	0.4	0.000197831
-0.783333	0.74	0	0.4	0.000137828
-0.783333	0.78	0	0.4	9.57849e-05
-0.783333	0.82	0	0.4	6.64157e-05
-0.783333	0.86	0	0.4	4.59563e-05
-0.783333	0.9	0	0.4	3.17394e-05
-0.783333	0.94	0	0.4	2.18827e-05
-0.783333	0.98	0	0.4	1.5063e-05
-0.75	-0.98	0	0.4	1.15701e-05
-0.75	-0.94	0	0.4	7.9188e-06
-0.75	-0.9	0	0.4	5.41382e-06
-0.75	-0.86	0	0.4	3.69747e-06
-0.75	-0.82	0	0.4	2.52287e-06
-0.75	-0.78	0	0.4	0.0179997
-0.75	-0.74	0	0.4	0.023825
-0.75	-0.7	0	0.4	0.0310842
-0.75	-0.66	0	0.4	0.0398956
-0.75	-0.62	0	0.4	0.0502648
-0.75	-0.58	0	0.4	0.0620296
-0.75	-0.54	0	0.4	0.0748136
-0.75	-0.5	0	0.4	0.0880046
-0.75	-0.46	0	0.4	0.100777
-0.75	-0.42	0	0.4	0.112164
-0.75	-0.38	0	0.4	0.121184
-0.75	-0.34	0	0.4	0.126985
-0.75	-0.3	0	0.4	0.128988
-0.75	-0.26	0	0.4	0.126985
-0.75	-0.22	0	0.4	0.121184
-0.75	-0.18	0	0.4	0.112164
-0.75	-0.14	0	0.4	0.100777
-0.75	-0.1	0	0.4	0.0880046
-0.75	-0.06	0	0.4	0.0748136
-0.75	-0.02	0	0.4	0.0620296
-0.75	0.02	0	0.4	0.0502648
-0.75	0.06	0	0.4	0.0398956
-0.75	0.1	0	0.4	0.0310842
-0.75	0.14	0	0.4	0.023825
-0.75	0.18	0	0.4	0.0179997
-0.75	0.22	0	0.4	0.0134286
-0.75	0.26	0	0.4	0.00990892
-0.75	0.3	0	0.4	0.00724223
-0.75	0.34	0	0.4	0.00524933
-0.75	0.38	0	0.4	0.00377729
-0.75	0.42	0	0.4	0.00270084
-0.75	0.46	0	0.4	0.00192042
-0.75	0.5	0	0.4	0.00135881
-0.75	0.54	0	0.4	0.000957272
-0.75	0.58	0	0.4	0.000671796
-0.75	0.62	0	0.4	0.000469836
-0.75	0.66	0	0.4	0.000327582
-0.75	0.7	0	0.4	0.000227769
-0.75	0.74	0	0.4	0.000157976
-0.75	0.78	0	0.4	0.000109322
-0.75	0.82	0	0.4	7.5499e-05
-0.75	0.86	0	0.4	5.20438e-05
-0.75	0.9	0	0.4	3.58148e-05
-0.75	0.94	0	0.4	2.46085e-05
-0.75	0.98	0	0.4	1.68847e-05
-0.716667	-0.98	0	0.4	1.28377e-05
-0.716667	-0.94	0	0.4	8.76205e-06
-0.716667	-0.9	0	0.4	5.97455e-06
-0.716667	-0.86	0	0.4	4.07021e-06
-0.716667	-0.82	0	0.4	2.77058e-06
-0.716667	-0.78	0	0.4	0.0224105
-0.716667	-0.74	0	0.4	0.0299282
-0.716667	-0.7	0	0.4	0.0393955
-0.716667	-0.66	0	0.4	0.0510039
-0.716667	-0.62	0	0.4	0.0647946
-0.716667	-0.58	0	0.4	0.0805754
-0.716667	-0.54	0	0.4	0.0978489
-0.716667	-0.5	0	0.4	0.115778
-0.716667	-0.46	0	0.4	0.133215
-0.716667	-0.42	0	0.4	0.148811
-0.716667	-0.38	0	0.4	0.161189
-0.716667	-0.34	0	0.4	0.169158
-0.716667	-0.3	0	0.4	0.17191
-0.716667	-0.26	0	0.4	0.169158
-0.716667	-0.22	0	0.4	0.161189
-0.716667	-0.18	0	0.4	0.148811
-0.716667	-0.14	0	0.4	0.133215
-0.716667	-0.1	0	0.4	0.115778
-0.716667	-0.06	0	0.4	0.0978489
-0.716667	-0.02	0	0.4	0.0805754
-0.716667	0.02	0	0.4	0.0647946
-0.716667	0.06	0	0.4	0.0510039
-0.716667	0.1	0	0.4	0.0393955
-0.716667	0.14	0	0.4	0.0299282
-0.716667	0.18	0	0.4	0.0224105
-0.716667	0.22	0	0.4	0.0165733
-0.716667	0.26	0	0.4	0.0121257
-0.716667	0.3	0	0.4	0.00879004
-0.716667	0.34	0	0.4	0.00632152
-0.716667	0.38	0	0.4	0.00451513
-0.716667	0.42	0	0.4	0.00320579
-0.716667	0.46	0	0.4	0.00226439
-0.716667	0.5	0	0.4	0.00159223
-0.716667	0.54	0	0.4	0.00111515
-0.716667	0.58	0	0.4	0.000778286
-0.716667	0.62	0	0.4	0.000541498
-0.716667	0.66	0	0.4	0.000375711
-0.716667	0.7	0	0.4	0.000260038
-0.716667	0.74	0	0.4	0.000179579
-0.716667	0.78	0	0.4	0.000123767
-0.716667	0.82	0	0.4	8.5147e-05
-0.716667	0.86	0	0.4	5.84819e-05
-0.716667	0.9	0	0.4	4.01075e-05
-0.716667	0.94	0	0.4	2.74687e-05
-0.716667	0.98	0	0.4	1.87893e-05
-0.683333	-0.98	0	0.4	1.41405e-05
-0.683333	-0.94	0	0.4	9.6261e-06
-0.683333	-0.9	0	0.4	6.54746e-06
-0.683333	-0.86	0	0.4	4.45e-06
-0.683333	-0.82	0	0.4	3.02231e-06
-0.683333	-0.78	0	0.4	0.0276042
-0.683333	-0.74	0	0.4	0.0371905
-0.683333	-0.7	0	0.4	0.0493863
-0.683333	-0.66	0	0.4	0.0644862
-0.683333	-0.62	0	0.4	0.082584
-0.683333	-0.58	0	0.4	0.103452
-0.683333	-0.54	0	0.4	0.126435
-0.683333	-0.5	0	0.4	0.150399
-0.683333	-0.46	0	0.4	0.173772
-0.683333	-0.42	0	0.4	0.194708
-0.683333	-0.38	0	0.4	0.211333
-0.683333	-0.34	0	0.4	0.222037
-0.683333	-0.3	0	0.4	0.225732
-0.683333	-0.26	0	0.4	0.222037
-0.683333	-0.22	0	0.4	0.211333
-0.683333	-0.18	0	0.4	0.194708
-0.683333	-0.14	0	0.4	0.173772
-0.683333	-0.1	0	0.4	0.150399
-0.683333	-0.06	0	0.4	0.126435
-0.683333	-0.02	0	0.4	0.103452
-0.683333	0.02	0	0.4	0.082584
-0.683333	0.06	0	0.4	0.0644862
-0.683333	0.1	0	0.4	0.0493863
-0.683333	0.14	0	0.4	0.0371905
-0.683333	0.18	0	0.4	0.0276042
-0.683333	0.22	0	0.4	0.0202377
-0.683333	0.26	0	0.4	0.0146823
-0.683333	0.3	0	0.4	0.0105575
-0.683333	0.34	0	0.4	0.00753431
-0.683333	0.38	0	0.4	0.00534223
-0.683333	0.42	0	0.4	0.00376705
-0.683333	0.46	0	0.4	0.0026437
-0.683333	0.5	0	0.4	0.00184771
-0.683333	0.54	0	0.4	0.00128675
-0.683333	0.58	0	0.4	0.000893285
-0.683333	0.62	0	0.4	0.000618416
-0.683333	0.66	0	0.4	0.000427077
-0.683333	0.7	0	0.4	0.000294294
-0.683333	0.74	0	0.4	0.000202399
-0.683333	0.78	0	0.4	0.000138955
-0.683333	0.82	0	0.4	9.52469e-05
-0.683333	0.86	0	0.4	6.51939e-05
-0.683333	0.9	0	0.4	4.45655e-05
-0.683333	0.94	0	0.4	3.04283e-05
-0.683333	0.98	0	0.4	2.07533e-05
-0.65	-0.98	0	0.4	1.54599e-05
-0.65	-0.94	0	0.4	1.04986e-05
-0.65	-0.9	0	0.4	7.12439e-06
-0.65	-0.86	0	0.4	4.83147e-06
-0.65	-0.82	0	0.4	3.27453e-06
-0.65	-0.78	0	0.4	0.0336012
-0.65	-0.74	0	0.4	0.0456614
-0.65	-0.7	0	0.4	0.0611541
-0.65	-0.66	0	0.4	0.0805094
-0.65	-0.62	0	0.4	0.103891
-0.65	-0.58	0	0.4	0.131025
-0.65	-0.54	0	0.4	0.161045
-0.65	-0.5	0	0.4	0.192426
-0.65	-0.46	0	0.4	0.223057
-0.65	-0.42	0	0.4	0.250476
-0.65	-0.38	0	0.4	0.272218
-0.65	-0.34	0	0.4	0.286196
-0.65	-0.3	0	0.4	0.291017
-0.65	-0.26	0	0.4	0.286196
-0.65	-0.22	0	0.4	0.272218
-0.65	-0.18	0	0.4	0.250476
-0.65	-0.14	0	0.4	0.223057
-0.65	-0.1	0	0.4	0.192426
-0.65	-0.06	0	0.4	0.161045
-0.65	-0.02	0	0.4	0.131025
-0.65	0.02	0	0.4	0.103891
-0.65	0.06	0	0.4	0.0805094
-0.65	0.1	0	0.4	0.0611541
-0.65	0.14	0	0.4	0.0456614
-0.65	0.18	0	0.4	0.0336012
-0.65	0.22	0	0.4	0.0244258
-0.65	0.26	0	0.4	0.0175751
-0.65	0.3	0	0.4	0.0125381
-0.65	0.34	0	0.4	0.00888075
-0.65	0.38	0	0.4	0.00625246
-0.65	0.42	0	0.4	0.00437964
-0.65	0.46	0	0.4	0.00305451
-0.65	0.5	0	0.4	0.00212242
-0.65	0.54	0	0.4	0.00147003
-0.65	0.58	0	0.4	0.00101534
-0.65	0.62	0	0.4	0.000699581
-0.65	0.66	0	0.4	0.000480984
-0.65	0.7	0	0.4	0.000330064
-0.65	0.74	0	0.4	0.000226115
-0.65	0.78	0	0.4	0.000154669
-0.65	0.82	0	0.4	0.000105653
-0.65	0.86	0	0.4	7.20828e-05
-0.65	0.9	0	0.4	4.91244e-05
-0.65	0.94	0	0.4	3.34443e-05
-0.65	0.98	0	0.4	2.27483e-05
-0.616667	-0.98	0	0.4	1.67745e-05
-0.616667	-0.94	0	0.4	1.13656e-05
-0.616667	-0.9	0	0.4	7.69619e-06
-0.616667	-0.86	0	0.4	5.20864e-06
-0.616667	-0.82	0	0.4	3.52335e-06
-0.616667	-0.78	0	0.4	0.040373
-0.616667	-0.74	0	0.4	0.0553192
-0.616667	-0.7	0	0.4	0.0746924
-0.616667	-0.66	0	0.4	0.0990917
-0.616667	-0.62	0	0.4	0.128763
-0.616667	-0.58	0	0.4	0.16336
-0.616667	-0.54	0	0.4	0.201732
-0.616667	-0.5	0	0.4	0.241849
-0.616667	-0.46	0	0.4	0.280935
-0.616667	-0.42	0	0.4	0.315808
-0.616667	-0.38	0	0.4	0.343358
-0.616667	-0.34	0	0.4	0.361012
-0.616667	-0.3	0	0.4	0.36709
-0.616667	-0.26	0	0.4	0.361012
-0.616667	-0.22	0	0.4	0.343358
-0.616667	-0.18	0	0.4	0.315808
-0.616667	-0.14	0	0.4	0.280935
-0.616667	-0.1	0	0.4	0.241849
-0.616667	-0.06	0	0.4	0.201732
-0.616667	-0.02	0	0.4	0.16336
-0.616667	0.02	0	0.4	0.128763
-0.616667	0.06	0	0.4	0.0990917
-0.616667	0.1	0	0.4	0.0746924
-0.616667	0.14	0	0.4	0.0553192
-0.616667	0.18	0	0.4	0.040373
-0.616667	0.22	0	0.4	0.0291089
-0.616667	0.26	0	0.4	0.0207786
-0.616667	0.3	0	0.4	0.0147108
-0.616667	0.34	0	0.4	0.0103446
-0.616667	0.38	0	0.4	0.00723371
-0.616667	0.42	0	0.4	0.0050348
-0.616667	0.46	0	0.4	0.00349062
-0.616667	0.5	0	0.4	0.00241204
-0.616667	0.54	0	0.4	0.00166203
-0.616667	0.58	0	0.4	0.00114244
-0.616667	0.62	0	0.4	0.000783632
-0.616667	0.66	0	0.4	0.000536522
-0.616667	0.7	0	0.4	0.000366738
-0.616667	0.74	0	0.4	0.000250322
-0.616667	0.78	0	0.4	0.000170641
-0.616667	0.82	0	0.4	0.00011619
-0.616667	0.86	0	0.4	7.90327e-05
-0.616667	0.9	0	0.4	5.37078e-05
-0.616667	0.94	0	0.4	3.6467e-05
-0.616667	0.98	0	0.4	2.47416e-05
-0.583333	-0.98	0	0.4	1.80605e-05
-0.583333	-0.94	0	0.4	1.22116e-05
-0.583333	-0.9	0	0.4	8.25289e-06
-0.583333	-0.86	0	0.4	5.57504e-06
-0.583333	-0.82	0	0.4	3.76455e-06
-0.583333	-0.78	0	0.4	0.0478271
-0.583333	-0.74	0	0.4	0.0660449
-0.583333	-0.7	0	0.4	0.0898504
-0.583333	-0.66	0	0.4	0.120039
-0.583333	-0.62	0	0.4	0.156941
-0.583333	-0.58	0	0.4	0.200087
-0.583333	-0.54	0	0.4	0.247946
-0.583333	-0.5	0	0.4	0.297852
-0.583333	-0.46	0	0.4	0.34624
-0.583333	-0.42	0	0.4	0.389149
-0.583333	-0.38	0	0.4	0.422838
-0.583333	-0.34	0	0.4	0.444319
-0.583333	-0.3	0	0.4	0.451695
-0.583333	-0.26	0	0.4	0.444319
-0.583333	-0.22	0	0.4	0.422838
-0.583333	-0.18	0	0.4	0.389149
-0.583333	-0.14	0	0.4	0.34624
-0.583333	-0.1	0	0.4	0.297852
-0.583333	-0.06	0	0.4	0.247946
-0.583333	-0.02	0	0.4	0.200087
-0.583333	0.02	0	0.4	0.156941
-0.583333	0.06	0	0.4	0.120039
-0.583333	0.1	0	0.4	0.0898504
-0.583333	0.14	0	0.4	0.0660449
-0.583333	0.18	0	0.4	0.0478271
-0.583333	0.22	0	0.4	0.0342165
-0.583333	0.26	0	0.4	0.0242404
-0.583333	0.3	0	0.4	0.0170377
-0.583333	0.34	0	0.4	0.0118991
-0.583333	0.38	0	0.4	0.00826731
-0.583333	0.42	0	0.4	0.00571971
-0.583333	0.46	0	0.4	0.00394334
-0.583333	0.5	0	0.4	0.00271073
-0.583333	0.54	0	0.4	0.00185884
-0.583333	0.58	0	0.4	0.001272
-0.583333	0.62	0	0.4	0.000868864
-0.583333	0.66	0	0.4	0.000592569
-0.583333	0.7	0	0.4	0.000403585
-0.583333	0.74	0	0.4	0.000274542
-0.583333	0.78	0	0.4	0.00018656
-0.583333	0.82	0	0.4	0.000126654
-0.583333	0.86	0	0.4	8.59107e-05
-0.583333	0.9	0	0.4	5.82295e-05
-0.583333	0.94	0	0.4	3.944e-05
-0.583333	0.98	0	0.4	2.66967e-05
-0.55	-0.98	0	0.4	1.92927e-05
-0.55	-0.94	0	0.4	1.30204e-05
-0.55	-0.9	0	0.4	8.78398e-06
-0.55	-0.86	0	0.4	5.92388e-06
-0.55	-0.82	0	0.4	3.99376e-06
-0.55	-0.78	0	0.4	0.0557949
-0.55	-0.74	0	0.4	0.0776022
-0.55	-0.7	0	0.4	0.106299
-0.55	-0.66	0	0.4	0.142893
-0.55	-0.62	0	0.4	0.187778
-0.55	-0.58	0	0.4	0.240295
-0.55	-0.54	0	0.4	0.298406
-0.55	-0.5	0	0.4	0.358674
-0.55	-0.46	0	0.4	0.416658
-0.55	-0.42	0	0.4	0.467623
-0.55	-0.38	0	0.4	0.507303
-0.55	-0.34	0	0.4	0.532441
-0.55	-0.3	0	0.4	0.541042
-0.55	-0.26	0	0.4	0.532441
-0.55	-0.22	0	0.4	0.507303
-0.55	-0.18	0	0.4	0.467623
-0.55	-0.14	0	0.4	0.416658
-0.55	-0.1	0	0.4	0.358674
-0.55	-0.06	0	0.4	0.298406
-0.55	-0.02	0	0.4	0.240295
-0.55	0.02	0	0.4	0.187778
-0.55	0.06	0	0.4	0.142893
-0.55	0.1	0	0.4	0.106299
-0.55	0.14	0	0.4	0.0776022
-0.55	0.18	0	0.4	0.0557949
-0.55	0.22	0	0.4	0.0396299
-0.55	0.26	0	0.4	0.0278782
-0.55	0.3	0	0.4	0.0194626
-0.55	0.34	0	0.4	0.013506
-0.55	0.38	0	0.4	0.00932771
-0.55	0.42	0	0.4	0.00641743
-0.55	0.46	0	0.4	0.00440149
-0.55	0.5	0	0.4	0.00301118
-0.55	0.54	0	0.4	0.00205569
-0.55	0.58	0	0.4	0.00140092
-0.55	0.62	0	0.4	0.000953266
-0.55	0.66	0	0.4	0.000647825
-0.55	0.7	0	0.4	0.00043976
-0.55	0.74	0	0.4	0.00029823
-0.55	0.78	0	0.4	0.000202075
-0.55	0.82	0	0.4	0.000136817
-0.55	0.86	0	0.4	9.2571e-05
-0.55	0.9	0	0.4	6.25954e-05
-0.55	0.94	0	0.4	4.23029e-05
-0.55	0.98	0	0.4	2.85746e-05
-0.516667	-0.98	0	0.4	2.04451e-05
-0.516667	-0.94	0	0.4	1.37753e-05
-0.516667	-0.9	0	0.4	9.27873e-06
-0.516667	-0.86	0	0.4	6.24827e-06
-0.516667	-0.82	0	0.4	4.20654e-06
-0.516667	-0.78	0	0.4	0.0640268
-0.516667	-0.74	0	0.4	0.0896266
-0.516667	-0.7	0	0.4	0.123511
-0.516667	-0.66	0	0.4	0.166902
-0.516667	-0.62	0	0.4	0.220213
-0.516667	-0.58	0	0.4	0.282503
-0.516667	-0.54	0	0.4	0.351097
-0.516667	-0.5	0	0.4	0.421673
-0.516667	-0.46	0	0.4	0.488884
-0.516667	-0.42	0	0.4	0.547323
-0.516667	-0.38	0	0.4	0.592384
-0.516667	-0.34	0	0.4	0.620728
-0.516667	-0.3	0	0.4	0.63039
-0.516667	-0.26	0	0.4	0.620728
-0.516667	-0.22	0	0.4	0.592384
-0.516667	-0.18	0	0.4	0.547323
-0.516667	-0.14	0	0.4	0.488884
-0.516667	-0.1	0	0.4	0.421673
-0.516667	-0.06	0	0.4	0.351097
-0.516667	-0.02	0	0.4	0.282503
-0.516667	0.02	0	0.4	0.220213
-0.516667	0.06	0	0.4	0.166902
-0.516667	0.1	0	0.4	0.123511
-0.516667	0.14	0	0.4	0.0896266
-0.516667	0.18	0	0.4	0.0640268
-0.516667	0.22	0	0.4	0.0451803
-0.516667	0.26	0	0.4	0.031579
-0.516667	0.3	0	0.4	0.0219106
-0.516667	0.34	0	0.4	0.0151162
-0.516667	0.38	0	0.4	0.010383
-0.516667	0.42	0	0.4	0.00710726
-0.516667	0.46	0	0.4	0.00485175
-0.516667	0.5	0	0.4	0.0033048
-0.516667	0.54	0	0.4	0.00224709
-0.516667	0.58	0	0.4	0.00152566
-0.516667	0.62	0	0.4	0.00103458
-0.516667	0.66	0	0.4	0.000700845
-0.516667	0.7	0	0.4	0.000474343
-0.516667	0.74	0	0.4	0.000320796
-0.516667	0.78	0	0.4	0.000216807
-0.516667	0.82	0	0.4	0.00014644
-0.516667	0.86	0	0.4	9.88592e-05
-0.516667	0.9	0	0.4	6.67067e-05
-0.516667	0.94	0	0.4	4.49922e-05
-0.516667	0.98	0	0.4	3.03346e-05
-0.483333	-0.98	0	0.4	2.14918e-05
-0.483333	-0.94	0	0.4	1.44598e-05
-0.483333	-0.9	0	0.4	9.72658e-06
-0.483333	-0.86	0	0.4	6.54145e-06
-0.483333	-0.82	0	0.4	4.39856e-06
-0.483333	-0.78	0	0.4	0.0721967
-0.483333	-0.74	0	0.4	0.101631
-0.483333	-0.7	0	0.4	0.140773
-0.483333	-0.66	0	0.4	0.191036
-0.483333	-0.62	0	0.4	0.252799
-0.483333	-0.58	0	0.4	0.324737
-0.483333	-0.54	0	0.4	0.403428
-0.483333	-0.5	0	0.4	0.483602
-0.483333	-0.46	0	0.4	0.559071
-0.483333	-0.42	0	0.4	0.623937
-0.483333	-0.38	0	0.4	0.673483
-0.483333	-0.34	0	0.4	0.704462
-0.483333	-0.3	0	0.4	0.714995
-0.483333	-0.26	0	0.4	0.704462
-0.483333	-0.22	0	0.4	0.673483
-0.483333	-0.18	0	0.4	0.623937
-0.483333	-0.14	0	0.4	0.559071
-0.483333	-0.1	0	0.4	0.483602
-0.483333	-0.06	0	0.4	0.403428
-0.483333	-0.02	0	0.4	0.324737
-0.483333	0.02	0	0.4	0.252799
-0.483333	0.06	0	0.4	0.191036
-0.483333	0.1	0	0.4	0.140773
-0.483333	0.14	0	0.4	0.101631
-0.483333	0.18	0	0.4	0.0721967
-0.483333	0.22	0	0.4	0.0506523
-0.483333	0.26	0	0.4	0.0352022
-0.483333	0.3	0	0.4	0.0242908
-0.483333	0.34	0	0.4	0.0166716
-0.483333	0.38	0	0.4	0.0113959
-0.483333	0.42	0	0.4	0.00776555
-0.483333	0.46	0	0.4	0.0052791
-0.483333	0.5	0	0.4	0.00358209
-0.483333	0.54	0	0.4	0.00242701
-0.483333	0.58	0	0.4	0.00164244
-0.483333	0.62	0	0.4	0.00111041
-0.483333	0.66	0	0.4	0.000750108
-0.483333	0.7	0	0.4	0.000506369
-0.483333	0.74	0	0.4	0.00034163
-0.483333	0.78	0	0.4	0.00023037
-0.483333	0.82	0	0.4	0.000155275
-0.483333	0.86	0	0.4	0.000104619
-0.483333	0.9	0	0.4	7.04636e-05
-0.483333	0.94	0	0.4	4.74445e-05
-0.483333	0.98	0	0.4	3.19363e-05
-0.45	-0.98	0	0.4	2.24082e-05
-0.45	-0.94	0	0.4	1.50581e-05
-0.45	-0.9	0	0.4	1.01175e-05
-0.45	-0.86	0	0.4	6.79699e-06
-0.45	-0.82	0	0.4	4.56572e-06
-0.45	-0.78	0	0.4	0.0799182
-0.45	-0.74	0	0.4	0.113031
-0.45	-0.7	0	0.4	0.15722
-0.45	-0.66	0	0.4	0.214054
-0.45	-0.62	0	0.4	0.283816
-0.45	-0.58	0	0.4	0.364715
-0.45	-0.54	0	0.4	0.452521
-0.45	-0.5	0	0.4	0.541042
-0.45	-0.46	0	0.4	0.623401
-0.45	-0.42	0	0.4	0.693456
-0.45	-0.38	0	0.4	0.746611
-0.45	-0.34	0	0.4	0.779782
-0.45	-0.3	0	0.4	0.791068
-0.45	-0.26	0	0.4	0.779782
-0.45	-0.22	0	0.4	0.746611
-0.45	-0.18	0	0.4	0.693456
-0.45	-0.14	0	0.4	0.623401
-0.45	-0.1	0	0.4	0.541042
-0.45	-0.06	0	0.4	0.452521
-0.45	-0.02	0	0.4	0.364715
-0.45	0.02	0	0.4	0.283816
-0.45	0.06	0	0.4	0.214054
-0.45	0.1	0	0.4	0.15722
-0.45	0.14	0	0.4	0.113031
-0.45	0.18	0	0.4	0.0799182
-0.45	0.22	0	0.4	0.0557949
-0.45	0.26	0	0.4	0.0385872
-0.45	0.3	0	0.4	0.0265012
-0.45	0.34	0	0.4	0.0181077
-0.45	0.38	0	0.4	0.012326
-0.45	0.42	0	0.4	0.00836697
-0.45	0.46	0	0.4	0.00566769
-0.45	0.5	0	0.4	0.00383315
-0.45	0.54	0	0.4	0.00258926
-0.45	0.58	0	0.4	0.00174736
-0.45	0.62	0	0.4	0.0011783
-0.45	0.66	0	0.4	0.000794081
-0.45	0.7	0	0.4	0.000534874
-0.45	0.74	0	0.4	0.000360125
-0.45	0.78	0	0.4	0.00024238
-0.45	0.82	0	0.4	0.000163081
-0.45	0.86	0	0.4	0.000109697
-0.45	0.9	0	0.4	7.37695e-05
-0.45	0.94	0	0.4	4.95984e-05
-0.45	0.98	0	0.4	3.33407e-05
-0.416667	-0.98	0	0.4	2.31715e-05
-0.416667	-0.94	0	0.4	1.55559e-05
-0.416667	-0.9	0	0.4	1.04423e-05
-0.416667	-0.86	0	0.4	7.00911e-06
-0.416667	-0.82	0	0.4	4.70433e-06
-0.416667	-0.78	0	0.4	0.086774
-0.416667	-0.74	0	0.4	0.123191
-0.416667	-0.7	0	0.4	0.17191
-0.416667	-0.66	0	0.4	0.234612
-0.416667	-0.62	0	0.4	0.311436
-0.416667	-0.58	0	0.4	0.40009
-0.416667	-0.54	0	0.4	0.495556
-0.416667	-0.5	0	0.4	0.590837
-0.416667	-0.46	0	0.4	0.678582
-0.416667	-0.42	0	0.4	0.752679
-0.416667	-0.38	0	0.4	0.808873
-0.416667	-0.34	0	0.4	0.844212
-0.416667	-0.3	0	0.4	0.856353
-0.416667	-0.26	0	0.4	0.844212
-0.416667	-0.22	0	0.4	0.808873
-0.416667	-0.18	0	0.4	0.752679
-0.416667	-0.14	0	0.4	0.678582
-0.416667	-0.1	0	0.4	0.590837
-0.416667	-0.06	0	0.4	0.495556
-0.416667	-0.02	0	0.4	0.40009
-0.416667	0.02	0	0.4	0.311436
-0.416667	0.06	0	0.4	0.234612
-0.416667	0.1	0	0.4	0.17191
-0.416667	0.14	0	0.4	0.123191
-0.416667	0.18	0	0.4	0.086774
-0.416667	0.22	0	0.4	0.0603402
-0.416667	0.26	0	0.4	0.0415642
-0.416667	0.3	0	0.4	0.0284356
-0.416667	0.34	0	0.4	0.0193584
-0.416667	0.38	0	0.4	0.0131324
-0.416667	0.42	0	0.4	0.00888611
-0.416667	0.46	0	0.4	0.00600179
-0.416667	0.5	0	0.4	0.00404821
-0.416667	0.54	0	0.4	0.00272778
-0.416667	0.58	0	0.4	0.00183666
-0.416667	0.62	0	0.4	0.00123593
-0.416667	0.66	0	0.4	0.000831308
-0.416667	0.7	0	0.4	0.000558949
-0.416667	0.74	0	0.4	0.000375711
-0.416667	0.78	0	0.4	0.000252481
-0.416667	0.82	0	0.4	0.000169634
-0.416667	0.86	0	0.4	0.000113952
-0.416667	0.9	0	0.4	7.65351e-05
-0.416667	0.94	0	0.4	5.13975e-05
-0.416667	0.98	0	0.4	3.45121e-05
-0.383333	-0.98	0	0.4	2.37623e-05
-0.383333	-0.94	0	0.4	1.59407e-05
-0.383333	-0.9	0	0.4	1.06932e-05
-0.383333	-0.86	0	0.4	7.17284e-06
-0.383333	-0.82	0	0.4	4.81123e-06
-0.383333	-0.78	0	0.4	0.0923543
-0.383333	-0.74	0	0.4	0.131483
-0.383333	-0.7	0	0.4	0.183915
-0.383333	-0.66	0	0.4	0.251403
-0.383333	-0.62	0	0.4	0.333919
-0.383333	-0.58	0	0.4	0.428708
-0.383333	-0.54	0	0.4	0.530072
-0.383333	-0.5	0	0.4	0.63039
-0.383333	-0.46	0	0.4	0.722074
-0.383333	-0.42	0	0.4	0.799295
-0.383333	-0.38	0	0.4	0.858398
-0.383333	-0.34	0	0.4	0.8966
-0.383333	-0.3	0	0.4	0.910175
-0.383333	-0.26	0	0.4	0.8966
-0.383333	-0.22	0	0.4	0.858398
-0.383333	-0.18	0	0.4	0.799295
-0.383333	-0.14	0	0.4	0.722074
-0.383333	-0.1	0	0.4	0.63039
-0.383333	-0.06	0	0.4	0.530072
-0.383333	-0.02	0	0.4	0.428708
-0.383333	0.02	0	0.4	0.333919
-0.383333	0.06	0	0.4	0.251403
-0.383333	0.1	0	0.4	0.183915
-0.383333	0.14	0	0.4	0.131483
-0.383333	0.18	0	0.4	0.0923543
-0.383333	0.22	0	0.4	0.0640268
-0.383333	0.26	0	0.4	0.0439696
-0.383333	0.3	0	0.4	0.0299924
-0.383333	0.34	0	0.4	0.0203611
-0.383333	0.38	0	0.4	0.0137764
-0.383333	0.42	0	0.4	0.00929939
-0.383333	0.46	0	0.4	0.00626693
-0.383333	0.5	0	0.4	0.00421839
-0.383333	0.54	0	0.4	0.00283711
-0.383333	0.58	0	0.4	0.00190696
-0.383333	0.62	0	0.4	0.0012812
-0.383333	0.66	0	0.4	0.000860491
-0.383333	0.7	0	0.4	0.000577786
-0.383333	0.74	0	0.4	0.000387885
-0.383333	0.78	0	0.4	0.000260358
-0.383333	0.82	0	0.4	0.000174737
-0.383333	0.86	0	0.4	0.00011726
-0.383333	0.9	0	0.4	7.8683e-05
-0.383333	0.94	0	0.4	5.27931e-05
-0.383333	0.98	0	0.4	3.54197e-05
-0.35	-0.98	0	0.4	2.41652e-05
-0.35	-0.94	0	0.4	1.6203e-05
-0.35	-0.9	0	0.4	1.08641e-05
-0.35	-0.86	0	0.4	7.28426e-06
-0.35	-0.82	0	0.4	4.88394e-06
-0.35	-0.78	0	0.4	0.0962999
-0.35	-0.74	0	0.4	0.137356
-0.35	-0.7	0	0.4	0.192426
-0.35	-0.66	0	0.4	0.263294
-0.35	-0.62	0	0.4	0.349796
-0.35	-0.58	0	0.4	0.448813
-0.35	-0.54	0	0.4	0.554152
-0.35	-0.5	0	0.4	0.657788
-0.35	-0.46	0	0.4	0.752071
-0.35	-0.42	0	0.4	0.831609
-0.35	-0.38	0	0.4	0.893656
-0.35	-0.34	0	0.4	0.936285
-0.35	-0.3	0	0.4	0.953097
-0.35	-0.26	0	0.4	0.936285
-0.35	-0.22	0	0.4	0.893656
-0.35	-0.18	0	0.4	0.831609
-0.35	-0.14	0	0.4	0.752071
-0.35	-0.1	0	0.4	0.657788
-0.35	-0.06	0	0.4	0.554152
-0.35	-0.02	0	0.4	0.448813
-0.35	0.02	0	0.4	0.349796
-0.35	0.06	0	0.4	0.263294
-0.35	0.1	0	0.4	0.192426
-0.35	0.14	0	0.4	0.137356
-0.35	0.18	0	0.4	0.0962999
-0.35	0.22	0	0.4	0.0666271
-0.35	0.26	0	0.4	0.0456614
-0.35	0.3	0	0.4	0.0310842
-0.35	0.34	0	0.4	0.0210623
-0.35	0.38	0	0.4	0.0142257
-0.35	0.42	0	0.4	0.00958698
-0.35	0.46	0	0.4	0.006451
-0.35	0.5	0	0.4	0.00433629
-0.35	0.54	0	0.4	0.0029127
-0.35	0.58	0	0.4	0.00195549
-0.35	0.62	0	0.4	0.0013124
-0.35	0.66	0	0.4	0.000880574
-0.35	0.7	0	0.4	0.000590732
-0.35	0.74	0	0.4	0.000396241
-0.35	0.78	0	0.4	0.000265758
-0.35	0.82	0	0.4	0.000178231
-0.35	0.86	0	0.4	0.000119524
-0.35	0.9	0	0.4	8.01511e-05
-0.35	0.94	0	0.4	5.37463e-05
-0.35	0.98	0	0.4	3.60391e-05
-0.316667	-0.98	0	0.4	2.43693e-05
-0.316667	-0.94	0	0.4	1.63359e-05
-0.316667	-0.9	0	0.4	1.09506e-05
-0.316667	-0.86	0	0.4	7.34066e-06
-0.316667	-0.82	0	0.4	4.92073e-06
-0.316667	-0.78	0	0.4	0.0983439
-0.316667	-0.74	0	0.4	0.140402
-0.316667	-0.7	0	0.4	0.19684
-0.316667	-0.66	0	0.4	0.269459
-0.316667	-0.62	0	0.4	0.358009
-0.316667	-0.58	0	0.4	0.459179
-0.316667	-0.54	0	0.4	0.566512
-0.316667	-0.5	0	0.4	0.67179
-0.316667	-0.46	0	0.4	0.767379
-0.316667	-0.42	0	0.4	0.848236
-0.316667	-0.38	0	0.4	0.912498
-0.316667	-0.34	0	0.4	0.960481
-0.316667	-0.3	0	0.4	0.986429
-0.316667	-0.26	0	0.4	0.960481
-0.316667	-0.22	0	0.4	0.912498
-0.316667	-0.18	0	0.4	0.848236
-0.316667	-0.14	0	0.4	0.767379
-0.316667	-0.1	0	0.4	0.67179
-0.316667	-0.06	0	0.4	0.566512
-0.316667	-0.02	0	0.4	0.459179
-0.316667	0.02	0	0.4	0.358009
-0.316667	0.06	0	0.4	0.269459
-0.316667	0.1	0	0.4	0.19684
-0.316667	0.14	0	0.4	0.140402
-0.316667	0.18	0	0.4	0.0983439
-0.316667	0.22	0	0.4	0.0679722
-0.316667	0.26	0	0.4	0.0465352
-0.316667	0.3	0	0.4	0.0316471
-0.316667	0.34	0	0.4	0.0214233
-0.316667	0.38	0	0.4	0.0144566
-0.316667	0.42	0	0.4	0.00973453
-0.316667	0.46	0	0.4	0.00654532
-0.316667	0.5	0	0.4	0.00439663
-0.316667	0.54	0	0.4	0.00295134
-0.316667	0.58	0	0.4	0.00198027
-0.316667	0.62	0	0.4	0.00132831
-0.316667	0.66	0	0.4	0.000890809
-0.316667	0.7	0	0.4	0.000597324
-0.316667	0.74	0	0.4	0.000400492
-0.316667	0.78	0	0.4	0.000268504
-0.316667	0.82	0	0.4	0.000180007
-0.316667	0.86	0	0.4	0.000120674
-0.316667	0.9	0	0.4	8.08963e-05
-0.316667	0.94	0	0.4	5.42298e-05
-0.316667	0.98	0	0.4	3.63532e-05
-0.283333	-0.98	0	0.4	2.43693e-05
-0.283333	-0.94	0	0.4	1.63359e-05
-0.283333	-0.9	0	0.4	1.09506e-05
-0.283333	-0.86	0	0.4	7.34066e-06
-0.283333	-0.82	0	0.4	4.92073e-06
-0.283333	-0.78	0	0.4	0.0983439
-0.283333	-0.74	0	0.4	0.140402
-0.283333	-0.7	0	0.4	0.19684
-0.283333	-0.66	0	0.4	0.269459
-0.283333	-0.62	0	0.4	0.358009
-0.283333	-0.58	0	0.4	0.459179
-0.283333	-0.54	0	0.4	0.566512
-0.283333	-0.5	0	0.4	0.67179
-0.283333	-0.46	0	0.4	0.767379
-0.283333	-0.42	0	0.4	0.848236
-0.283333	-0.38	0	0.4	0.912498
-0.283333	-0.34	0	0.4	0.960481
-0.283333	-0.3	0	0.4	0.986429
-0.283333	-0.26	0	0.4	0.960481
-0.283333	-0.22	0	0.4	0.912498
-0.283333	-0.18	0	0.4	0.848236
-0.283333	-0.14	0	0.4	0.767379
-0.283333	-0.1	0	0.4	0.67179
-0.283333	-0.06	0	0.4	0.566512
-0.283333	-0.02	0	0.4	0.459179
-0.283333	0.02	0	0.4	0.358009
-0.283333	0.06	0	0.4	0.269459
-0.283333	0.1	0	0.4	0.19684
-0.283333	0.14	0	0.4	0.140402
-0.283333	0.18	0	0.4	0.0983439
-0.283333	0.22	0	0.4	0.0679722
-0.283333	0.26	0	0.4	0.0465352
-0.283333	0.3	0	0.4	0.0316471
-0.283333	0.34	0	0.4	0.0214233
-0.283333	0.38	0	0.4	0.0144566
-0.283333	0.42	0	0.4	0.00973453
-0.283333	0.46	0	0.4	0.00654532
-0.283333	0.5	0	0.4	0.00439663
-0.283333	0.54	0	0.4	0.00295134
-0.283333	0.58	0	0.4	0.00198027
-0.283333	0.62	0	0.4	0.00132831
-0.283333	0.66	0	0.4	0.000890809
-0.283333	0.7	0	0.4	0.000597324
-0.283333	0.74	0	0.4	0.000400492
-0.283333	0.78	0	0.4	0.000268504
-0.283333	0.82	0	0.4	0.000180007
-0.283333	0.86	0	0.4	0.000120674
-0.283333	0.9	0	0.4	8.08963e-05
-0.283333	0.94	0	0.4	5.42298e-05
-0.283333	0.98	0	0.4	3.63532e-05
-0.25	-0.98	0	0.4	2.41652e-05
-0.25	-0.94	0	0.4	1.6203e-05
-0.25	-0.9	0	0.4	1.08641e-05
-0.25	-0.86	0	0.4	7.28426e-06
-0.25	-0.82	0	0.4	4.88394e-06
-0.25	-0.78	0	0.4	0.0962999
-0.25	-0.74	0	0.4	0.137356
-0.25	-0.7	0	0.4	0.192426
-0.25	-0.66	0	0.4	0.263294
-0.25	-0.62	0	0.4	0.349796
-0.25	-0.58	0	0.4	0.448813
-0.25	-0.54	0	0.4	0.554152
-0.25	-0.5	0	0.4	0.657788
-0.25	-0.46	0	0.4	0.752071
-0.25	-0.42	0	0.4	0.831609
-0.25	-0.38	0	0.4	0.893656
-0.25	-0.34	0	0.4	0.936285
-0.25	-0.3	0	0.4	0.953097
-0.25	-0.26	0	0.4	0.936285
-0.25	-0.22	0	0.4	0.893656
-0.25	-0.18	0	0.4	0.831609
-0.25	-0.14	0	0.4	0.752071
-0.25	-0.1	0	0.4	0.657788
-0.25	-0.06	0	0.4	0.554152
-0.25	-0.02	0	0.4	0.448813
-0.25	0.02	0	0.4	0.349796
-0.25	0.06	0	0.4	0.263294
-0.25	0.1	0	0.4	0.192426
-0.25	0.14	0	0.4	0.137356
-0.25	0.18	0	0.4	0.0962999
-0.25	0.22	0	0.4	0.0666271
-0.25	0.26	0	0.4	0.0456614
-0.25	0.3	0	0.4	0.0310842
-0.25	0.34	0	0.4	0.0210623
-0.25	0.38	0	0.4	0.0142257
-0.25	0.42	0	0.4	0.00958698
-0.25	0.46	0	0.4	0.006451
-0.25	0.5	0	0.4	0.00433629
-0.25	0.54	0	0.4	0.0029127
-0.25	0.58	0	0.4	0.00195549
-0.25	0.62	0	0.4	0.0013124
-0.25	0.66	0	0.4	0.000880574
-0.25	0.7	0	0.4	0.000590732
-0.25	0.74	0	0.4	0.000396241
-0.25	0.78	0	0.4	0.000265758
-0.25	0.82	0	0.4	0.000178231
-0.25	0.86	0	0.4	0.000119524
-0.25	0.9	0	0.4	8.01511e-05
-0.25	0.94	0	0.4	5.37463e-05
-0.25	0.98	0	0.4	3.60391e-05
-0.216667	-0.98	0	0.4	2.37623e-05
-0.216667	-0.94	0	0.4	1.59407e-05
-0.216667	-0.9	0	0.4	1.06932e-05
-0.216667	-0.86	0	0.4	7.17284e-06
-0.216667	-0.82	0	0.4	4.81123e-06
-0.216667	-0.78	0	0.4	0.0923543
-0.216667	-0.74	0	0.4	0.131483
-0.216667	-0.7	0	0.4	0.183915
-0.216667	-0.66	0	0.4	0.251403
-0.216667	-0.62	0	0.4	0.333919
-0.216667	-0.58	0	0.4	0.428708
-0.216667	-0.54	0	0.4	0.530072
-0.216667	-0.5	0	0.4	0.63039
-0.216667	-0.46	0	0.4	0.722074
-0.216667	-0.42	0	0.4	0.799295
-0.216667	-0.38	0	0.4	0.858398
-0.216667	-0.34	0	0.4	0.8966
-0.216667	-0.3	0	0.4	0.910175
-0.216667	-0.26	0	0.4	0.8966
-0.216667	-0.22	0	0.4	0.858398
-0.216667	-0.18	0	0.4	0.799295
-0.216667	-0.14	0	0.4	0.722074
-0.216667	-0.1	0	0.4	0.63039
-0.216667	-0.06	0	0.4	0.530072
-0.216667	-0.02	0	0.4	0.428708
-0.216667	0.02	0	0.4	0.333919
-0.216667	0.06	0	0.4	0.251403
-0.216667	0.1	0	0.4	0.183915
-0.216667	0.14	0	0.4	0.131483
-0.216667	0.18	0	0.4	0.0923543
-0.216667	0.22	0	0.4	0.0640268
-0.216667	0.26	0	0.4	0.0439696
-0.216667	0.3	0	0.4	0.0299924
-0.216667	0.34	0	0.4	0.0203611
-0.216667	0.38	0	0.4	0.0137764
-0.216667	0.42	0	0.4	0.00929939
-0.216667	0.46	0	0.4	0.00626693
-0.216667	0.5	0	0.4	0.00421839
-0.216667	0.54	0	0.4	0.00283711
-0.216667	0.58	0	0.4	0.00190696
-0.216667	0.62	0	0.4	0.0012812
-0.216667	0.66	0	0.4	0.000860491
-0.216667	0.7	0	0.4	0.000577786
-0.216667	0.74	0	0.4	0.000387885
-0.216667	0.78	0	0.4	0.000260358
-0.216667	0.82	0	0.4	0.000174737
-0.216667	0.86	0	0.4	0.00011726
-0.216667	0.9	0	0.4	7.8683e-05
-0.216667	0.94	0	0.4	5.27931e-05
-0.216667	0.98	0	0.4	3.54197e-05
-0.183333	-0.98	0	0.4	2.31715e-05
-0.183333	-0.94	0	0.4	1.55559e-05
-0.183333	-0.9	0	0.4	1.04423e-05
-0.183333	-0.86	0	0.4	7.00911e-06
-0.183333	-0.82	0	0.4	4.70433e-06
-0.183333	-0.78	0	0.4	0.086774
-0.183333	-0.74	0	0.4	0.123191
-0.183333	-0.7	0	0.4	0.17191
-0.183333	-0.66	0	0.4	0.234612
-0.183333	-0.62	0	0.4	0.311436
-0.183333	-0.58	0	0.4	0.40009
-0.183333	-0.54	0	0.4	0.495556
-0.183333	-0.5	0	0.4	0.590837
-0.183333	-0.46	0	0.4	0.678582
-0.183333	-0.42	0	0.4	0.752679
-0.183333	-0.38	0	0.4	0.808873
-0.183333	-0.34	0	0.4	0.844212
-0.183333	-0.3	0	0.4	0.856353
-0.183333	-0.26	0	0.4	0.844212
-0.183333	-0.22	0	0.4	0.808873
-0.183333	-0.18	0	0.4	0.752679
-0.183333	-0.14	0	0.4	0.678582
-0.183333	-0.1	0	0.4	0.590837
-0.183333	-0.06	0	0.4	0.495556
-0.183333	-0.02	0	0.4	0.40009
-0.183333	0.02	0	0.4	0.311436
-0.183333	0.06	0	0.4	0.234612
-0.183333	0.1	0	0.4	0.17191
-0.183333	0.14	0	0.4	0.123191
-0.183333	0.18	0	0.4	0.086774
-0.183333	0.22	0	0.4	0.0603402
-0.183333	0.26	0	0.4	0.0415642
-0.183333	0.3	0	0.4	0.0284356
-0.183333	0.34	0	0.4	0.0193584
-0.183333	0.38	0	0.4	0.0131324
-0.183333	0.42	0	0.4	0.00888611
-0.183333	0.46	0	0.4	0.00600179
-0.183333	0.5	0	0.4	0.00404821
-0.183333	0.54	0	0.4	0.00272778
-0.183333	0.58	0	0.4	0.00183666
-0.183333	0.62	0	0.4	0.00123593
-0.183333	0.66	0	0.4	0.000831308
-0.183333	0.7	0	0.4	0.000558949
-0.183333	0.74	0	0.4	0.000375711
-0.183333	0.78	0	0.4	0.000252481
-0.183333	0.82	0	0.4	0.000169634
-0.183333	0.86	0	0.4	0.000113952
-0.183333	0.9	0	0.4	7.65351e-05
-0.183333	0.94	0	0.4	5.13975e-05
-0.183333	0.98	0	0.4	3.45121e-05
-0.15	-0.98	0	0.4	2.24082e-05
-0.15	-0.94	0	0.4	1.50581e-05
-0.15	-0.9	0	0.4	1.01175e-05
-0.15	-0.86	0	0.4	6.79699e-06
-0.15	-0.82	0	0.4	4.56572e-06
-0.15	-0.78	0	0.4	0.0799182
-0.15	-0.74	0	0.4	0.113031
-0.15	-0.7	0	0.4	0.15722
-0.15	-0.66	0	0.4	0.214054
-0.15	-0.62	0	0.4	0.283816
-0.15	-0.58	0	0.4	0.364715
-0.15	-0.54	0	0.4	0.452521
-0.15	-0.5	0	0.4	0.541042
-0.15	-0.46	0	0.4	0.623401
-0.15	-0.42	0	0.4	0.693456
-0.15	-0.38	0	0.4	0.746611
-0.15	-0.34	0	0.4	0.779782
-0.15	-0.3	0	0.4	0.791068
-0.15	-0.26	0	0.4	0.779782
-0.15	-0.22	0	0.4	0.746611
-0.15	-0.18	0	0.4	0.693456
-0.15	-0.14	0	0.4	0.623401
-0.15	-0.1	0	0.4	0.541042
-0.15	-0.06	0	0.4	0.452521
-0.15	-0.02	0	0.4	0.364715
-0.15	0.02	0	0.4	0.283816
-0.15	0.06	0	0.4	0.214054
-0.15	0.1	0	0.4	0.15722
-0.15	0.14	0	0.4	0.113031
-0.15	0.18	0	0.4	0.0799182
-0.15	0.22	0	0.4	0.0557949
-0.15	0.26	0	0.4	0.0385872
-0.15	0.3	0	0.4	0.0265012
-0.15	0.34	0	0.4	0.0181077
-0.15	0.38	0	0.4	0.012326
-0.15	0.42	0	0.4	0.00836697
-0.15	0.46	0	0.4	0.00566769
-0.15	0.5	0	0.4	0.00383315
-0.15	0.54	0	0.4	0.00258926
-0.15	0.58	0	0.4	0.00174736
-0.15	0.62	0	0.4	0.0011783
-0.15	0.66	0	0.4	0.000794081
-0.15	0.7	0	0.4	0.000534874
-0.15	0.74	0	0.4	0.000360125
-0.15	0.78	0	0.4	0.00024238
-0.15	0.82	0	0.4	0.000163081
-0.15	0.86	0	0.4	0.000109697
-0.15	0.9	0	0.4	7.37695e-05
-0.15	0.94	0	0.4	4.95984e-05
-0.15	0.98	0	0.4	3.33407e-05
-0.116667	-0.98	0	0.4	2.14918e-05
-0.116667	-0.94	0	0.4	1.44598e-05
-0.116667	-0.9	0	0.4	9.72658e-06
-0.116667	-0.86	0	0.4	6.54145e-06
-0.116667	-0.82	0	0.4	4.39856e-06
-0.116667	-0.78	0	0.4	0.0721967
-0.116667	-0.74	0	0.4	0.101631
-0.116667	-0.7	0	0.4	0.140773
-0.116667	-0.66	0	0.4	0.191036
-0.116667	-0.62	0	0.4	0.252799
-0.116667	-0.58	0	0.4	0.324737
-0.116667	-0.54	0	0.4	0.403428
-0.116667	-0.5	0	0.4	0.483602
-0.116667	-0.46	0	0.4	0.559071
-0.116667	-0.42	0	0.4	0.623937
-0.116667	-0.38	0	0.4	0.673483
-0.116667	-0.34	0	0.4	0.704462
-0.116667	-0.3	0	0.4	0.714995
-0.116667	-0.26	0	0.4	0.704462
-0.116667	-0.22	0	0.4	0.673483
-0.116667	-0.18	0	0.4	0.623937
-0.116667	-0.14	0	0.4	0.559071
-0.116667	-0.1	0	0.4	0.483602
-0.116667	-0.06	0	0.4	0.403428
-0.116667	-0.02	0	0.4	0.324737
-0.116667	0.02	0	0.4	0.252799
-0.116667	0.06	0	0.4	0.191036
-0.116667	0.1	0	0.4	0.140773
-0.116667	0.14	0	0.4	0.101631
-0.116667	0.18	0	0.4	0.0721967
-0.116667	0.22	0	0.4	0.0506523
-0.116667	0.26	0	0.4	0.0352022
-0.116667	0.3	0	0.4	0.0242908
-0.116667	0.34	0	0.4	0.0166716
-0.116667	0.38	0	0.4	0.0113959
-0.116667	0.42	0	0.4	0.00776555
-0.116667	0.46	0	0.4	0.0052791
-0.116667	0.5	0	0.4	0.00358209
-0.116667	0.54	0	0.4	0.00242701
-0.116667	0.58	0	0.4	0.00164244
-0.116667	0.62	0	0.4	0.00111041
-0.116667	0.66	0	0.4	0.000750108
-0.116667	0.7	0	0.4	0.000506369
-0.116667	0.74	0	0.4	0.00034163
-0.116667	0.78	0	0.4	0.00023037
-0.116667	0.82	0	0.4	0.000155275
-0.116667	0.86	0	0.4	0.000104619
-0.116667	0.9	0	0.4	7.04636e-05
-0.116667	0.94	0	0.4	4.74445e-05
-0.116667	0.98	0	0.4	3.19363e-05
-0.0833333	-0.98	0	0.4	2.04451e-05
-0.0833333	-0.94	0	0.4	1.37753e-05
-0.0833333	-0.9	0	0.4	9.27873e-06
-0.0833333	-0.86	0	0.4	6.24827e-06
-0.0833333	-0.82	0	0.4	4.20654e-06
-0.0833333	-0.78	0	0.4	0.0640268
-0.0833333	-0.74	0	0.4	0.0896266
-0.0833333	-0.7	0	0.4	0.123511
-0.0833333	-0.66	0	0.4	0.166902
-0.0833333	-0.62	0	0.4	0.220213
-0.0833333	-0.58	0	0.4	0.282503
-0.0833333	-0.54	0	0.4	0.351097
-0.0833333	-0.5	0	0.4	0.421673
-0.0833333	-0.46	0	0.4	0.488884
-0.0833333	-0.42	0	0.4	0.547323
-0.0833333	-0.38	0	0.4	0.592384
-0.0833333	-0.34	0	0.4	0.620728
-0.0833333	-0.3	0	0.4	0.63039
-0.0833333	-0.26	0	0.4	0.620728
-0.0833333	-0.22	0	0.4	0.592384
-0.0833333	-0.18	0	0.4	0.547323
-0.0833333	-0.14	0	0.4	0.488884
-0.0833333	-0.1	0	0.4	0.421673
-0.0833333	-0.06	0	0.4	0.351097
-0.0833333	-0.02	0	0.4	0.282503
-0.0833333	0.02	0	0.4	0.220213
-0.0833333	0.06	0	0.4	0.166902
-0.0833333	0.1	0	0.4	0.123511
-0.0833333	0.14	0	0.4	0.0896266
-0.0833333	0.18	0	0.4	0.0640268
-0.0833333	0.22	0	0.4	0.0451803
-0.0833333	0.26	0	0.4	0.031579
-0.0833333	0.3	0	0.4	0.0219106
-0.0833333	0.34	0	0.4	0.0151162
-0.0833333	0.38	0	0.4	0.010383
-0.0833333	0.42	0	0.4	0.00710726
-0.0833333	0.46	0	0.4	0.00485175
-0.0833333	0.5	0	0.4	0.0033048
-0.0833333	0.54	0	0.4	0.00224709
-0.0833333	0.58	0	0.4	0.00152566
-0.0833333	0.62	0	0.4	0.00103458
-0.0833333	0.66	0	0.4	0.000700845
-0.0833333	0.7	0	0.4	0.000474343
-0.0833333	0.74	0	0.4	0.000320796
-0.0833333	0.78	0	0.4	0.000216807
-0.0833333	0.82	0	0.4	0.00014644
-0.0833333	0.86	0	0.4	9.88592e-05
-0.0833333	0.9	0	0.4	6.67067e-05
-0.0833333	0.94	0	0.4	4.49922e-05
-0.0833333	0.98	0	0.4	3.03346e-05
-0.05	-0.98	0	0.4	1.92927e-05
-0.05	-0.94	0	0.4	1.30204e-05
-0.05	-0.9	0	0.4	8.78398e-06
-0.05	-0.86	0	0.4	5.92388e-06
-0.05	-0.82	0	0.4	3.99376e-06
-0.05	-0.78	0	0.4	0.0557949
-0.05	-0.74	0	0.4	0.0776022
-0.05	-0.7	0	0.4	0.106299
-0.05	-0.66	0	0.4	0.142893
-0.05	-0.62	0	0.4	0.187778
-0.05	-0.58	0	0.4	0.240295
-0.05	-0.54	0	0.4	0.298406
-0.05	-0.5	0	0.4	0.358674
-0.05	-0.46	0	0.4	0.416658
-0.05	-0.42	0	0.4	0.467623
-0.05	-0.38	0	0.4	0.507303
-0.05	-0.34	0	0.4	0.532441
-0.05	-0.3	0	0.4	0.541042
-0.05	-0.26	0	0.4	0.532441
-0.05	-0.22	0	0.4	0.507303
-0.05	-0.18	0	0.4	0.467623
-0.05	-0.14	0	0.4	0.416658
-0.05	-0.1	0	0.4	0.358674
-0.05	-0.06	0	0.4	0.298406
-0.05	-0.02	0	0.4	0.240295
-0.05	0.02	0	0.4	0.187778
-0.05	0.06	0	0.4	0.142893
-0.05	0.1	0	0.4	0.106299
-0.05	0.14	0	0.4	0.0776022
-0.05	0.18	0	0.4	0.0557949
-0.05	0.22	0	0.4	0.0396299
-0.05	0.26	0	0.4	0.0278782
-0.05	0.3	0	0.4	0.0194626
-0.05	0.34	0	0.4	0.013506
-0.05	0.38	0	0.4	0.00932771
-0.05	0.42	0	0.4	0.00641743
-0.05	0.46	0	0.4	0.00440149
-0.05	0.5	0	0.4	0.00301118
-0.05	0.54	0	0.4	0.00205569
-0.05	0.58	0	0.4	0.00140092
-0.05	0.62	0	0.4	0.000953266
-0.05	0.66	0	0.4	0.000647825
-0.05	0.7	0	0.4	0.00043976
-0.05	0.74	0	0.4	0.00029823
-0.05	0.78	0	0.4	0.000202075
-0.05	0.82	0	0.4	0.000136817
-0.05	0.86	0	0.4	9.2571e-05
-0.05	0.9	0	0.4	6.25954e-05
-0.05	0.94	0	0.4	4.23029e-05
-0.05	0.98	0	0.4	2.85746e-05
-0.0166667	-0.98	0	0.4	1.80605e-05
-0.0166667	-0.94	0	0.4	1.22116e-05
-0.0166667	-0.9	0	0.4	8.25289e-06
-0.0166667	-0.86	0	0.4	5.57504e-06
-0.0166667	-0.82	0	0.4	3.76455e-06
-0.0166667	-0.78	0	0.4	0.0478271
-0.0166667	-0.74	0	0.4	0.0660449
-0.0166667	-0.7	0	0.4	0.0898504
-0.0166667	-0.66	0	0.4	0.120039
-0.0166667	-0.62	0	0.4	0.156941
-0.0166667	-0.58	0	0.4	0.200087
-0.0166667	-0.54	0	0.4	0.247946
-0.0166667	-0.5	0	0.4	0.297852
-0.0166667	-0.46	0	0.4	0.34624
-0.0166667	-0.42	0	0.4	0.389149
-0.0166667	-0.38	0	0.4	0.422838
-0.0166667	-0.34	0	0.4	0.444319
-0.0166667	-0.3	0	0.4	0.451695
-0.0166667	-0.26	0	0.4	0.444319
-0.0166667	-0.22	0	0.4	0.422838
-0.0166667	-0.18	0	0.4	0.389149
-0.0166667	-0.14	0	0.4	0.34624
-0.0166667	-0.1	0	0.4	0.297852
-0.0166667	-0.06	0	0.4	0.247946
-0.0166667	-0.02	0	0.4	0.200087
-0.0166667	0.02	0	0.4	0.156941
-0.0166667	0.06	0	0.4	0.120039
-0.0166667	0.1	0	0.4	0.0898504
-0.0166667	0.14	0	0.4	0.0660449
-0.0166667	0.18	0	0.4	0.0478271
-0.0166667	0.22	0	0.4	0.0342165
-0.0166667	0.26	0	0.4	0.0242404
-0.0166667	0.3	0	0.4	0.0170377
-0.0166667	0.34	0	0.4	0.0118991
-0.0166667	0.38	0	0.4	0.00826731
-0.0166667	0.42	0	0.4	0.00571971
-0.0166667	0.46	0	0.4	0.00394334
-0.0166667	0.5	0	0.4	0.00271073
-0.0166667	0.54	0	0.4	0.00185884
-0.0166667	0.58	0	0.4	0.001272
-0.0166667	0.62	0	0.4	0.000868864
-0.0166667	0.66	0	0.4	0.000592569
-0.0166667	0.7	0	0.4	0.000403585
-0.0166667	0.74	0	0.4	0.000274542
-0.0166667	0.78	0	0.4	0.00018656
-0.0166667	0.82	0	0.4	0.000126654
-0.0166667	0.86	0	0.4	8.59107e-05
-0.0166667	0.9	0	0.4	5.82295e-05
-0.0166667	0.94	0	0.4	3.944e-05
-0.0166667	0.98	0	0.4	2.66967e-05
0.0166667	-0.98	0	0.4	1.67745e-05
0.0166667	-0.94	0	0.4	1.13656e-05
0.0166667	-0.9	0	0.4	7.69619e-06
0.0166667	-0.86	0	0.4	5.20864e-06
0.0166667	-0.82	0	0.4	3.52335e-06
0.0166667	-0.78	0	0.4	0.040373
0.0166667	-0.74	0	0.4	0.0553192
0.0166667	-0.7	0	0.4	0.0746924
0.0166667	-0.66	0	0.4	0.0990917
0.0166667	-0.62	0	0.4	0.128763
0.0166667	-0.58	0	0.4	0.16336
0.0166667	-0.54	0	0.4	0.201732
0.0166667	-0.5	0	0.4	0.241849
0.0166667	-0.46	0	0.4	0.280935
0.0166667	-0.42	0	0.4	0.315808
0.0166667	-0.38	0	0.4	0.343358
0.0166667	-0.34	0	0.4	0.361012
0.0166667	-0.3	0	0.4	0.36709
0.0166667	-0.26	0	0.4	0.361012
0.0166667	-0.22	0	0.4	0.343358
0.0166667	-0.18	0	0.4	0.315808
0.0166667	-0.14	0	0.4	0.280935
0.0166667	-0.1	0	0.4	0.241849
0.0166667	-0.06	0	0.4	0.201732
0.0166667	-0.02	0	0.4	0.16336
0.0166667	0.02	0	0.4	0.128763
0.0166667	0.06	0	0.4	0.0990917
0.0166667	0.1	0	0.4	0.0746924
0.0166667	0.14	0	0.4	0.0553192
0.0166667	0.18	0	0.4	0.040373
0.0166667	0.22	0	0.4	0.0291089
0.0166667	0.26	0	0.4	0.0207786
0.0166667	0.3	0	0.4	0.0147108
0.0166667	0.34	0	0.4	0.0103446
0.0166667	0.38	0	0.4	0.00723371
0.0166667	0.42	0	0.4	0.0050348
0.0166667	0.46	0	0.4	0.00349062
0.0166667	0.5	0	0.4	0.00241204
0.0166667	0.54	0	0.4	0.00166203
0.0166667	0.58	0	0.4	0.00114244
0.0166667	0.62	0	0.4	0.000783632
0.0166667	0.66	0	0.4	0.000536522
0.0166667	0.7	0	0.4	0.000366738
0.0166667	0.74	0	0.4	0.000250322
0.0166667	0.78	0	0.4	0.000170641
0.0166667	0.82	0	0.4	0.00011619
0.0166667	0.86	0	0.4	7.90327e-05
0.0166667	0.9	0	0.4	5.37078e-05
0.0166667	0.94	0	0.4	3.6467e-05
0.0166667	0.98	0	0.4	2.47416e-05
0.05	-0.98	0	0.4	1.54599e-05
0.05	-0.94	0	0.4	1.04986e-05
0.05	-0.9	0	0.4	7.12439e-06
0.05	-0.86	0	0.4	4.83147e-06
0.05	-0.82	0	0.4	3.27453e-06
0.05	-0.78	0	0.4	0.0336012
0.05	-0.74	0	0.4	0.0456614
0.05	-0.7	0	0.4	0.0611541
0.05	-0.66	0	0.4	0.0805094
0.05	-0.62	0	0.4	0.103891
0.05	-0.58	0	0.4	0.131025
0.05	-0.54	0	0.4	0.161045
0.05	-0.5	0	0.4	0.192426
0.05	-0.46	0	0.4	0.223057
0.05	-0.42	0	0.4	0.250476
0.05	-0.38	0	0.4	0.272218
0.05	-0.34	0	0.4	0.286196
0.05	-0.3	0	0.4	0.291017
0.05	-0.26	0	0.4	0.286196
0.05	-0.22	0	0.4	0.272218
0.05	-0.18	0	0.4	0.250476
0.05	-0.14	0	0.4	0.223057
0.05	-0.1	0	0.4	0.192426
0.05	-0.06	0	0.4	0.161045
0.05	-0.02	0	0.4	0.131025
0.05	0.02	0	0.4	0.103891
0.05	0.06	0	0.4	0.0805094
0.05	0.1	0	0.4	0.0611541
0.05	0.14	0	0.4	0.0456614
0.05	0.18	0	0.4	0.0336012
0.05	0.22	0	0.4	0.0244258
0.05	0.26	0	0.4	0.0175751
0.05	0.3	0	0.4	0.0125381
0.05	0.34	0	0.4	0.00888075
0.05	0.38	0	0.4	0.00625246
0.05	0.42	0	0.4	0.00437964
0.05	0.46	0	0.4	0.00305451
0.05	0.5	0	0.4	0.00212242
0.05	0.54	0	0.4	0.00147003
0.05	0.58	0	0.4	0.00101534
0.05	0.62	0	0.4	0.000699581
0.05	0.66	0	0.4	0.000480984
0.05	0.7	0	0.4	0.000330064
0.05	0.74	0	0.4	0.000226115
0.05	0.78	0	0.4	0.000154669
0.05	0.82	0	0.4	0.000105653
0.05	0.86	0	0.4	7.20828e-05
0.05	0.9	0	0.4	4.91244e-05
0.05	0.94	0	0.4	3.34443e-05
0.05	0.98	0	0.4	2.27483e-05
0.0833333	-0.98	0	0.4	1.41405e-05
0.0833333	-0.94	0	0.4	9.6261e-06
0.0833333	-0.9	0	0.4	6.54746e-06
0.0833333	-0.86	0	0.4	4.45e-06
0.0833333	-0.82	0	0.4	3.02231e-06
0.0833333	-0.78	0	0.4	0.0276042
0.0833333	-0.74	0	0.4	0.0371905
0.0833333	-0.7	0	0.4	0.0493863
0.0833333	-0.66	0	0.4	0.0644862
0.0833333	-0.62	0	0.4	0.082584
0.0833333	-0.58	0	0.4	0.103452
0.0833333	-0.54	0	0.4	0.126435
0.0833333	-0.5	0	0.4	0.150399
0.0833333	-0.46	0	0.4	0.173772
0.0833333	-0.42	0	0.4	0.194708
0.0833333	-0.38	0	0.4	0.211333
0.0833333	-0.34	0	0.4	0.222037
0.0833333	-0.3	0	0.4	0.225732
0.0833333	-0.26	0	0.4	0.222037
0.0833333	-0.22	0	0.4	0.211333
0.0833333	-0.18	0	0.4	0.194708
0.0833333	-0.14	0	0.4	0.173772
0.0833333	-0.1	0	0.4	0.150399
0.0833333	-0.06	0	0.4	0.126435
0.0833333	-0.02	0	0.4	0.103452
0.0833333	0.02	0	0.4	0.082584
0.0833333	0.06	0	0.4	0.0644862
0.0833333	0.1	0	0.4	0.0493863
0.0833333	0.14	0	0.4	0.0371905
0.0833333	0.18	0	0.4	0.0276042
0.0833333	0.22	0	0.4	0.0202377
0.0833333	0.26	0	0.4	0.0146823
0.0833333	0.3	0	0.4	0.0105575
0.0833333	0.34	0	0.4	0.00753431
0.0833333	0.38	0	0.4	0.00534223
0.0833333	0.42	0	0.4	0.00376705
0.0833333	0.46	0	0.4	0.0026437
0.0833333	0.5	0	0.4	0.00184771
0.0833333	0.54	0	0.4	0.00128675
0.0833333	0.58	0	0.4	0.000893285
0.0833333	0.62	0	0.4	0.000618416
0.0833333	0.66	0	0.4	0.000427077
0.0833333	0.7	0	0.4	0.000294294
0.0833333	0.74	0	0.4	0.000202399
0.0833333	0.78	0	0.4	0.000138955
0.0833333	0.82	0	0.4	9.52469e-05
0.0833333	0.86	0	0.4	6.51939e-05
0.0833333	0.9	0	0.4	4.45655e-05
0.0833333	0.94	0	0.4	3.04283e-05
0.0833333	0.98	0	0.4	2.07533e-05
0.116667	-0.98	0	0.4	1.28377e-05
0.116667	-0.94	0	0.4	8.76205e-06
0.116667	-0.9	0	0.4	5.97455e-06
0.116667	-0.86	0	0.4	4.07021e-06
0.116667	-0.82	0	0.4	2.77058e-06
0.116667	-0.78	0	0.4	0.0224105
0.116667	-0.74	0	0.4	0.0299282
0.116667	-0.7	0	0.4	0.0393955
0.116667	-0.66	0	0.4	0.0510039
0.116667	-0.62	0	0.4	0.0647946
0.116667	-0.58	0	0.4	0.0805754
0.116667	-0.54	0	0.4	0.0978489
0.116667	-0.5	0	0.4	0.115778
0.116667	-0.46	0	0.4	0.133215
0.116667	-0.42	0	0.4	0.148811
0.116667	-0.38	0	0.4	0.161189
0.116667	-0.34	0	0.4	0.169158
0.116667	-0.3	0	0.4	0.17191
0.116667	-0.26	0	0.4	0.169158
0.116667	-0.22	0	0.4	0.161189
0.116667	-0.18	0	0.4	0.148811
0.116667	-0.14	0	0.4	0.133215
0.116667	-0.1	0	0.4	0.115778
0.116667	-0.06	0	0.4	0.0978489
0.116667	-0.02	0	0.4	0.0805754
0.116667	0.02	0	0.4	0.0647946
0.116667	0.06	0	0.4	0.0510039
0.116667	0.1	0	0.4	0.0393955
0.116667	0.14	0	0.4	0.0299282
0.116667	0.18	0	0.4	0.0224105
0.116667	0.22	0	0.4	0.0165733
0.116667	0.26	0	0.4	0.0121257
0.116667	0.3	0	0.4	0.00879004
0.116667	0.34	0	0.4	0.00632152
0.116667	0.38	0	0.4	0.00451513
0.116667	0.42	0	0.4	0.00320579
0.116667	0.46	0	0.4	0.00226439
0.116667	0.5	0	0.4	0.00159223
0.116667	0.54	0	0.4	0.00111515
0.116667	0.58	0	0.4	0.000778286
0.116667	0.62	0	0.4	0.000541498
0.116667	0.66	0	0.4	0.000375711
0.116667	0.7	0	0.4	0.000260038
0.116667	0.74	0	0.4	0.000179579
0.116667	0.78	0	0.4	0.000123767
0.116667	0.82	0	0.4	8.5147e-05
0.116667	0.86	0	0.4	5.84819e-05
0.116667	0.9	0	0.4	4.01075e-05
0.116667	0.94	0	0.4	2.74687e-05
0.116667	0.98	0	0.4	1.87893e-05
0.15	-0.98	0	0.4	1.15701e-05
0.15	-0.94	0	0.4	7.9188e-06
0.15	-0.9	0	0.4	5.41382e-06
0.15	-0.86	0	0.4	3.69747e-06
0.15	-0.82	0	0.4	2.52287e-06
0.15	-0.78	0	0.4	0.0179997
0.15	-0.74	0	0.4	0.023825
0.15	-0.7	0	0.4	0.0310842
0.15	-0.66	0	0.4	0.0398956
0.15	-0.62	0	0.4	0.0502648
0.15	-0.58	0	0.4	0.0620296
0.15	-0.54	0	0.4	0.0748136
0.15	-0.5	0	0.4	0.0880046
0.15	-0.46	0	0.4	0.100777
0.15	-0.42	0	0.4	0.112164
0.15	-0.38	0	0.4	0.121184
0.15	-0.34	0	0.4	0.126985
0.15	-0.3	0	0.4	0.128988
0.15	-0.26	0	0.4	0.126985
0.15	-0.22	0	0.4	0.121184
0.15	-0.18	0	0.4	0.112164
0.15	-0.14	0	0.4	0.100777
0.15	-0.1	0	0.4	0.0880046
0.15	-0.06	0	0.4	0.0748136
0.15	-0.02	0	0.4	0.0620296
0.15	0.02	0	0.4	0.0502648
0.15	0.06	0	0.4	0.0398956
0.15	0.1	0	0.4	0.0310842
0.15	0.14	0	0.4	0.023825
0.15	0.18	0	0.4	0.0179997
0.15	0.22	0	0.4	0.0134286
0.15	0.26	0	0.4	0.00990892
0.15	0.3	0	0.4	0.00724223
0.15	0.34	0	0.4	0.00524933
0.15	0.38	0	0.4	0.00377729
0.15	0.42	0	0.4	0.00270084
0.15	0.46	0	0.4	0.00192042
0.15	0.5	0	0.4	0.00135881
0.15	0.54	0	0.4	0.000957272
0.15	0.58	0	0.4	0.000671796
0.15	0.62	0	0.4	0.000469836
0.15	0.66	0	0.4	0.000327582
0.15	0.7	0	0.4	0.000227769
0.15	0.74	0	0.4	0.000157976
0.15	0.78	0	0.4	0.000109322
0.15	0.82	0	0.4	7.5499e-05
0.15	0.86	0	0.4	5.20438e-05
0.15	0.9	0	0.4	3.58148e-05
0.15	0.94	0	0.4	2.46085e-05
0.15	0.98	0	0.4	1.68847e-05
0.183333	-0.98	0	0.4	1.03535e-05
0.183333	-0.94	0	0.4	7.10686e-06
0.183333	-0.9	0	0.4	4.87223e-06
0.183333	-0.86	0	0.4	3.33639e-06
0.183333	-0.82	0	0.4	2.28225e-06
0.183333	-0.78	0	0.4	0.0143176
0.183333	-0.74	0	0.4	0.0187838
0.183333	-0.7	0	0.4	0.0242908
0.183333	-0.66	0	0.4	0.0309065
0.183333	-0.62	0	0.4	0.0386157
0.183333	-0.58	0	0.4	0.0472839
0.183333	-0.54	0	0.4	0.0566276
0.183333	-0.5	0	0.4	0.0662031
0.183333	-0.46	0	0.4	0.0754233
0.183333	-0.42	0	0.4	0.0836096
0.183333	-0.38	0	0.4	0.0900748
0.183333	-0.34	0	0.4	0.0942249
0.183333	-0.3	0	0.4	0.095656
0.183333	-0.26	0	0.4	0.0942249
0.183333	-0.22	0	0.4	0.0900748
0.183333	-0.18	0	0.4	0.0836096
0.183333	-0.14	0	0.4	0.0754233
0.183333	-0.1	0	0.4	0.0662031
0.183333	-0.06	0	0.4	0.0566276
0.183333	-0.02	0	0.4	0.0472839
0.183333	0.02	0	0.4	0.0386157
0.183333	0.06	0	0.4	0.0309065
0.183333	0.1	0	0.4	0.0242908
0.183333	0.14	0	0.4	0.0187838
0.183333	0.18	0	0.4	0.0143176
0.183333	0.22	0	0.4	0.0107754
0.183333	0.26	0	0.4	0.00801917
0.183333	0.3	0	0.4	0.00590945
0.183333	0.34	0	0.4	0.00431718
0.183333	0.38	0	0.4	0.00312996
0.183333	0.42	0	0.4	0.00225399
0.183333	0.46	0	0.4	0.00161353
0.183333	0.5	0	0.4	0.00114897
0.183333	0.54	0	0.4	0.000814323
0.183333	0.58	0	0.4	0.000574726
0.183333	0.62	0	0.4	0.000404102
0.183333	0.66	0	0.4	0.000283175
0.183333	0.7	0	0.4	0.000197831
0.183333	0.74	0	0.4	0.000137828
0.183333	0.78	0	0.4	9.57849e-05
0.183333	0.82	0	0.4	6.64157e-05
0.183333	0.86	0	0.4	4.59563e-05
0.183333	0.9	0	0.4	3.17394e-05
0.183333	0.94	0	0.4	2.18827e-05
0.183333	0.98	0	0.4	1.5063e-05
0.216667	-0.98	0	0.4	9.20049e-06
0.216667	-0.94	0	0.4	6.33472e-06
0.216667	-0.9	0	0.4	4.35553e-06
0.216667	-0.86	0	0.4	2.99086e-06
0.216667	-0.82	0	0.4	2.05131e-06
0.216667	-0.78	0	0.4	0.0112897
0.216667	-0.74	0	0.4	0.0146823
0.216667	-0.7	0	0.4	0.0188215
0.216667	-0.66	0	0.4	0.0237429
0.216667	-0.62	0	0.4	0.029421
0.216667	-0.58	0	0.4	0.0357464
0.216667	-0.54	0	0.4	0.0425079
0.216667	-0.5	0	0.4	0.0493863
0.216667	-0.46	0	0.4	0.055969
0.216667	-0.42	0	0.4	0.061785
0.216667	-0.38	0	0.4	0.0663618
0.216667	-0.34	0	0.4	0.0692927
0.216667	-0.3	0	0.4	0.0703022
0.216667	-0.26	0	0.4	0.0692927
0.216667	-0.22	0	0.4	0.0663618
0.216667	-0.18	0	0.4	0.061785
0.216667	-0.14	0	0.4	0.055969
0.216667	-0.1	0	0.4	0.0493863
0.216667	-0.06	0	0.4	0.0425079
0.216667	-0.02	0	0.4	0.0357464
0.216667	0.02	0	0.4	0.029421
0.216667	0.06	0	0.4	0.0237429
0.216667	0.1	0	0.4	0.0188215
0.216667	0.14	0	0.4	0.0146823
0.216667	0.18	0	0.4	0.0112897
0.216667	0.22	0	0.4	0.00857041
0.216667	0.26	0	0.4	0.00643233
0.216667	0.3	0	0.4	0.00477902
0.216667	0.34	0	0.4	0.00351893
0.216667	0.38	0	0.4	0.0025705
0.216667	0.42	0	0.4	0.00186443
0.216667	0.46	0	0.4	0.00134379
0.216667	0.5	0	0.4	0.00096309
0.216667	0.54	0	0.4	0.000686769
0.216667	0.58	0	0.4	0.000487515
0.216667	0.62	0	0.4	0.000344663
0.216667	0.66	0	0.4	0.000242776
0.216667	0.7	0	0.4	0.000170439
0.216667	0.74	0	0.4	0.000119296
0.216667	0.78	0	0.4	8.32699e-05
0.216667	0.82	0	0.4	5.79782e-05
0.216667	0.86	0	0.4	4.02763e-05
0.216667	0.9	0	0.4	2.79206e-05
0.216667	0.94	0	0.4	1.93182e-05
0.216667	0.98	0	0.4	1.33427e-05
0.25	-0.98	0	0.4	8.12051e-06
0.25	-0.94	0	0.4	5.60892e-06
0.25	-0.9	0	0.4	3.86819e-06
0.25	-0.86	0	0.4	2.66391e-06
0.25	-0.82	0	0.4	1.83213e-06
0.25	-0.78	0	0.4	0.0088326
0.25	-0.74	0	0.4	0.0113888
0.25	-0.7	0	0.4	0.0144753
0.25	-0.66	0	0.4	0.0181077
0.25	-0.62	0	0.4	0.0222577
0.25	-0.58	0	0.4	0.026838
0.25	-0.54	0	0.4	0.0316927
0.25	-0.5	0	0.4	0.0365943
0.25	-0.46	0	0.4	0.041255
0.25	-0.42	0	0.4	0.0453515
0.25	-0.38	0	0.4	0.0485625
0.25	-0.34	0	0.4	0.0506134
0.25	-0.3	0	0.4	0.0513188
0.25	-0.26	0	0.4	0.0506134
0.25	-0.22	0	0.4	0.0485625
0.25	-0.18	0	0.4	0.0453515
0.25	-0.14	0	0.4	0.041255
0.25	-0.1	0	0.4	0.0365943
0.25	-0.06	0	0.4	0.0316927
0.25	-0.02	0	0.4	0.026838
0.25	0.02	0	0.4	0.0222577
0.25	0.06	0	0.4	0.0181077
0.25	0.1	0	0.4	0.0144753
0.25	0.14	0	0.4	0.0113888
0.25	0.18	0	0.4	0.0088326
0.25	0.22	0	0.4	0.00676228
0.25	0.26	0	0.4	0.00511768
0.25	0.3	0	0.4	0.00383315
0.25	0.34	0	0.4	0.00284457
0.25	0.38	0	0.4	0.00209353
0.25	0.42	0	0.4	0.0015294
0.25	0.46	0	0.4	0.00110988
0.25	0.5	0	0.4	0.000800644
0.25	0.54	0	0.4	0.000574472
0.25	0.58	0	0.4	0.000410199
0.25	0.62	0	0.4	0.000291621
0.25	0.66	0	0.4	0.000206501
0.25	0.7	0	0.4	0.000145701
0.25	0.74	0	0.4	0.000102466
0.25	0.78	0	0.4	7.18453e-05
0.25	0.82	0	0.4	5.02381e-05
0.25	0.86	0	0.4	3.50415e-05
0.25	0.9	0	0.4	2.43858e-05
0.25	0.94	0	0.4	1.69346e-05
0.25	0.98	0	0.4	1.17373e-05
0.283333	-0.98	0	0.4	7.12e-06
0.283333	-0.94	0	0.4	4.93405e-06
0.283333	-0.9	0	0.4	3.41347e-06
0.283333	-0.86	0	0.4	2.35782e-06
0.283333	-0.82	0	0.4	1.62628e-06
0.283333	-0.78	0	0.4	0.00686175
0.283333	-0.74	0	0.4	0.00877415
0.283333	-0.7	0	0.4	0.0110601
0.283333	-0.66	0	0.4	0.0137236
0.283333	-0.62	0	0.4	0.0167375
0.283333	-0.58	0	0.4	0.0200339
0.283333	-0.54	0	0.4	0.0234985
0.283333	-0.5	0	0.4	0.0269703
0.283333	-0.46	0	0.4	0.0302504
0.283333	-0.42	0	0.4	0.033118
0.283333	-0.38	0	0.4	0.0353568
0.283333	-0.34	0	0.4	0.0367828
0.283333	-0.3	0	0.4	0.0372726
0.283333	-0.26	0	0.4	0.0367828
0.283333	-0.22	0	0.4	0.0353568
0.283333	-0.18	0	0.4	0.033118
0.283333	-0.14	0	0.4	0.0302504
0.283333	-0.1	0	0.4	0.0269703
0.283333	-0.06	0	0.4	0.0234985
0.283333	-0.02	0	0.4	0.0200339
0.283333	0.02	0	0.4	0.0167375
0.283333	0.06	0	0.4	0.0137236
0.283333	0.1	0	0.4	0.0110601
0.283333	0.14	0	0.4	0.00877415
0.283333	0.18	0	0.4	0.00686175
0.283333	0.22	0	0.4	0.00529705
0.283333	0.26	0	0.4	0.00404157
0.283333	0.3	0	0.4	0.00305128
0.283333	0.34	0	0.4	0.00228185
0.283333	0.38	0	0.4	0.0016919
0.283333	0.42	0	0.4	0.00124484
0.283333	0.46	0	0.4	0.000909564
0.283333	0.5	0	0.4	0.000660431
0.283333	0.54	0	0.4	0.000476822
0.283333	0.58	0	0.4	0.000342494
0.283333	0.62	0	0.4	0.000244863
0.283333	0.66	0	0.4	0.000174322
0.283333	0.7	0	0.4	0.000123625
0.283333	0.74	0	0.4	8.73627e-05
0.283333	0.78	0	0.4	6.15385e-05
0.283333	0.82	0	0.4	4.32201e-05
0.283333	0.86	0	0.4	3.02724e-05
0.283333	0.9	0	0.4	2.11508e-05
0.283333	0.94	0	0.4	1.47437e-05
0.283333	0.98	0	0.4	1.02558e-05
0.316667	-0.98	0	0.4	6.20268e-06
0.316667	-0.94	0	0.4	4.31295e-06
0.316667	-0.9	0	0.4	2.99346e-06
0.316667	-0.86	0	0.4	2.07413e-06
0.316667	-0.82	0	0.4	1.43486e-06
0.316667	-0.78	0	0.4	0.00529705
0.316667	-0.74	0	0.4	0.00671903
0.316667	-0.7	0	0.4	0.00840218
0.316667	-0.66	0	0.4	0.0103446
0.316667	-0.62	0	0.4	0.0125222
0.316667	-0.58	0	0.4	0.014883
0.316667	-0.54	0	0.4	0.0173441
0.316667	-0.5	0	0.4	0.0197925
0.316667	-0.46	0	0.4	0.0220909
0.316667	-0.42	0	0.4	0.0240899
0.316667	-0.38	0	0.4	0.0256442
0.316667	-0.34	0	0.4	0.0266316
0.316667	-0.3	0	0.4	0.0269703
0.316667	-0.26	0	0.4	0.0266316
0.316667	-0.22	0	0.4	0.0256442
0.316667	-0.18	0	0.4	0.0240899
0.316667	-0.14	0	0.4	0.0220909
0.316667	-0.1	0	0.4	0.0197925
0.316667	-0.06	0	0.4	0.0173441
0.316667	-0.02	0	0.4	0.014883
0.316667	0.02	0	0.4	0.0125222
0.316667	0.06	0	0.4	0.0103446
0.316667	0.1	0	0.4	0.00840218
0.316667	0.14	0	0.4	0.00671903
0.316667	0.18	0	0.4	0.00529705
0.316667	0.22	0	0.4	0.00412212
0.316667	0.26	0	0.4	0.00317015
0.316667	0.3	0	0.4	0.00241204
0.316667	0.34	0	0.4	0.00181749
0.316667	0.38	0	0.4	0.0013575
0.316667	0.42	0	0.4	0.00100587
0.316667	0.46	0	0.4	0.000739958
0.316667	0.5	0	0.4	0.000540784
0.316667	0.54	0	0.4	0.000392875
0.316667	0.58	0	0.4	0.000283878
0.316667	0.62	0	0.4	0.000204111
0.316667	0.66	0	0.4	0.000146098
0.316667	0.7	0	0.4	0.000104145
0.316667	0.74	0	0.4	7.39595e-05
0.316667	0.78	0	0.4	5.23421e-05
0.316667	0.82	0	0.4	3.69259e-05
0.316667	0.86	0	0.4	2.59744e-05
0.316667	0.9	0	0.4	1.82218e-05
0.316667	0.94	0	0.4	1.27514e-05
0.316667	0.98	0	0.4	8.90287e-06
0.35	-0.98	0	0.4	5.36983e-06
0.35	-0.94	0	0.4	3.74683e-06
0.35	-0.9	0	0.4	2.60921e-06
0.35	-0.86	0	0.4	1.81366e-06
0.35	-0.82	0	0.4	1.25851e-06
0.35	-0.78	0	0.4	0.00406599
0.35	-0.74	0	0.4	0.00511768
0.35	-0.7	0	0.4	0.00635086
0.35	-0.66	0	0.4	0.00776094
0.35	-0.62	0	0.4	0.00932771
0.35	-0.58	0	0.4	0.011012
0.35	-0.54	0	0.4	0.0127542
0.35	-0.5	0	0.4	0.0144753
0.35	-0.46	0	0.4	0.0160811
0.35	-0.42	0	0.4	0.0174707
0.35	-0.38	0	0.4	0.018547
0.35	-0.34	0	0.4	0.019229
0.35	-0.3	0	0.4	0.0194626
0.35	-0.26	0	0.4	0.019229
0.35	-0.22	0	0.4	0.018547
0.35	-0.18	0	0.4	0.0174707
0.35	-0.14	0	0.4	0.0160811
0.35	-0.1	0	0.4	0.0144753
0.35	-0.06	0	0.4	0.0127542
0.35	-0.02	0	0.4	0.011012
0.35	0.02	0	0.4	0.00932771
0.35	0.06	0	0.4	0.00776094
0.35	0.1	0	0.4	0.00635086
0.35	0.14	0	0.4	0.00511768
0.35	0.18	0	0.4	0.00406599
0.35	0.22	0	0.4	0.00318876
0.35	0.26	0	0.4	0.00247127
0.35	0.3	0	0.4	0.00189457
0.35	0.34	0	0.4	0.00143816
0.35	0.38	0	0.4	0.00108191
0.35	0.42	0	0.4	0.000807267
0.35	0.46	0	0.4	0.000597855
0.35	0.5	0	0.4	0.00043976
0.35	0.54	0	0.4	0.000321468
0.35	0.58	0	0.4	0.000233666
0.35	0.62	0	0.4	0.000168966
0.35	0.66	0	0.4	0.000121602
0.35	0.7	0	0.4	8.71351e-05
0.35	0.74	0	0.4	6.21883e-05
0.35	0.78	0	0.4	4.42211e-05
0.35	0.82	0	0.4	3.13387e-05
0.35	0.86	0	0.4	2.214e-05
0.35	0.9	0	0.4	1.55964e-05
0.35	0.94	0	0.4	1.09576e-05
0.35	0.98	0	0.4	7.67953e-06
0.383333	-0.98	0	0.4	4.62064e-06
0.383333	-0.94	0	0.4	3.23555e-06
0.383333	-0.9	0	0.4	2.26086e-06
0.383333	-0.86	0	0.4	1.57667e-06
0.383333	-0.82	0	0.4	1.0975e-06
0.383333	-0.78	0	0.4	0.00310513
0.383333	-0.74	0	0.4	0.00387934
0.383333	-0.7	0	0.4	0.00477902
0.383333	-0.66	0	0.4	0.00579875
0.383333	-0.62	0	0.4	0.00692221
0.383333	-0.58	0	0.4	0.00812031
0.383333	-0.54	0	0.4	0.00935043
0.383333	-0.5	0	0.4	0.0105575
0.383333	-0.46	0	0.4	0.0116773
0.383333	-0.42	0	0.4	0.0126416
0.383333	-0.38	0	0.4	0.0133858
0.383333	-0.34	0	0.4	0.0138561
0.383333	-0.3	0	0.4	0.014017
0.383333	-0.26	0	0.4	0.0138561
0.383333	-0.22	0	0.4	0.0133858
0.383333	-0.18	0	0.4	0.0126416
0.383333	-0.14	0	0.4	0.0116773
0.383333	-0.1	0	0.4	0.0105575
0.383333	-0.06	0	0.4	0.00935043
0.383333	-0.02	0	0.4	0.00812031
0.383333	0.02	0	0.4	0.00692221
0.383333	0.06	0	0.4	0.00579875
0.383333	0.1	0	0.4	0.00477902
0.383333	0.14	0	0.4	0.00387934
0.383333	0.18	0	0.4	0.00310513
0.383333	0.22	0	0.4	0.00245346
0.383333	0.26	0	0.4	0.0019156
0.383333	0.3	0	0.4	0.00147939
0.383333	0.34	0	0.4	0.00113112
0.383333	0.38	0	0.4	0.00085693
0.383333	0.42	0	0.4	0.000643778
0.383333	0.46	0	0.4	0.00047994
0.383333	0.5	0	0.4	0.000355288
0.383333	0.54	0	0.4	0.000261321
0.383333	0.58	0	0.4	0.000191074
0.383333	0.62	0	0.4	0.000138955
0.383333	0.66	0	0.4	0.00010055
0.383333	0.7	0	0.4	7.24274e-05
0.383333	0.74	0	0.4	5.19509e-05
0.383333	0.78	0	0.4	3.7119e-05
0.383333	0.82	0	0.4	2.64267e-05
0.383333	0.86	0	0.4	1.87521e-05
0.383333	0.9	0	0.4	1.32656e-05
0.383333	0.94	0	0.4	9.35769e-06
0.383333	0.98	0	0.4	6.58365e-06
0.416667	-0.98	0	0.4	3.9526e-06
0.416667	-0.94	0	0.4	2.7778e-06
0.416667	-0.9	0	0.4	1.94776e-06
0.416667	-0.86	0	0.4	1.36286e-06
0.416667	-0.82	0	0.4	9.51726e-07
0.416667	-0.78	0	0.4	0.00236045
0.416667	-0.74	0	0.4	0.00292809
0.416667	-0.7	0	0.4	0.00358209
0.416667	-0.66	0	0.4	0.00431718
0.416667	-0.62	0	0.4	0.00512056
0.416667	-0.58	0	0.4	0.00597083
0.416667	-0.54	0	0.4	0.00683772
0.416667	-0.5	0	0.4	0.00768304
0.416667	-0.46	0	0.4	0.00846292
0.416667	-0.42	0	0.4	0.00913153
0.416667	-0.38	0	0.4	0.00964569
0.416667	-0.34	0	0.4	0.00996987
0.416667	-0.3	0	0.4	0.0100807
0.416667	-0.26	0	0.4	0.00996987
0.416667	-0.22	0	0.4	0.00964569
0.416667	-0.18	0	0.4	0.00913153
0.416667	-0.14	0	0.4	0.00846292
0.416667	-0.1	0	0.4	0.00768304
0.416667	-0.06	0	0.4	0.00683772
0.416667	-0.02	0	0.4	0.00597083
0.416667	0.02	0	0.4	0.00512056
0.416667	0.06	0	0.4	0.00431718
0.416667	0.1	0	0.4	0.00358209
0.416667	0.14	0	0.4	0.00292809
0.416667	0.18	0	0.4	0.00236045
0.416667	0.22	0	0.4	0.00187849
0.416667	0.26	0	0.4	0.00147722
0.416667	0.3	0	0.4	0.00114897
0.416667	0.34	0	0.4	0.000884652
0.416667	0.38	0	0.4	0.000674822
0.416667	0.42	0	0.4	0.000510369
0.416667	0.46	0	0.4	0.000382964
0.416667	0.5	0	0.4	0.00028529
0.416667	0.54	0	0.4	0.000211118
0.416667	0.58	0	0.4	0.000155275
0.416667	0.62	0	0.4	0.000113561
0.416667	0.66	0	0.4	8.26235e-05
0.416667	0.7	0	0.4	5.98269e-05
0.416667	0.74	0	0.4	4.31289e-05
0.416667	0.78	0	0.4	3.09647e-05
0.416667	0.82	0	0.4	2.21474e-05
0.416667	0.86	0	0.4	1.57856e-05
0.416667	0.9	0	0.4	1.12147e-05
0.416667	0.94	0	0.4	7.94341e-06
0.416667	0.98	0	0.4	5.61062e-06
0.45	-0.98	0	0.4	3.36188e-06
0.45	-0.94	0	0.4	2.37135e-06
0.45	-0.9	0	0.4	1.66866e-06
0.45	-0.86	0	0.4	1.17155e-06
0.45	-0.82	0	0.4	8.20808e-07
0.45	-0.78	0	0.4	0.00178693
0.45	-0.74	0	0.4	0.00220165
0.45	-0.7	0	0.4	0.00267559
0.45	-0.66	0	0.4	0.00320408
0.45	-0.62	0	0.4	0.00377729
0.45	-0.58	0	0.4	0.00437964
0.45	-0.54	0	0.4	0.00498972
0.45	-0.5	0	0.4	0.0055811
0.45	-0.46	0	0.4	0.00612392
0.45	-0.42	0	0.4	0.00658731
0.45	-0.38	0	0.4	0.0069425
0.45	-0.34	0	0.4	0.00716596
0.45	-0.3	0	0.4	0.00724223
0.45	-0.26	0	0.4	0.00716596
0.45	-0.22	0	0.4	0.0069425
0.45	-0.18	0	0.4	0.00658731
0.45	-0.14	0	0.4	0.00612392
0.45	-0.1	0	0.4	0.0055811
0.45	-0.06	0	0.4	0.00498972
0.45	-0.02	0	0.4	0.00437964
0.45	0.02	0	0.4	0.00377729
0.45	0.06	0	0.4	0.00320408
0.45	0.1	0	0.4	0.00267559
0.45	0.14	0	0.4	0.00220165
0.45	0.18	0	0.4	0.00178693
0.45	0.22	0	0.4	0.00143188
0.45	0.26	0	0.4	0.0011338
0.45	0.3	0	0.4	0.00088793
0.45	0.34	0	0.4	0.000688318
0.45	0.38	0	0.4	0.000528571
0.45	0.42	0	0.4	0.000402379
0.45	0.46	0	0.4	0.000303862
0.45	0.5	0	0.4	0.000227769
0.45	0.54	0	0.4	0.000169567
0.45	0.58	0	0.4	0.000125442
0.45	0.62	0	0.4	9.22595e-05
0.45	0.66	0	0.4	6.74896e-05
0.45	0.7	0	0.4	4.91244e-05
0.45	0.74	0	0.4	3.5592e-05
0.45	0.78	0	0.4	2.56774e-05
0.45	0.82	0	0.4	1.84514e-05
0.45	0.86	0	0.4	1.32102e-05
0.45	0.9	0	0.4	9.42551e-06
0.45	0.94	0	0.4	6.70379e-06
0.45	0.98	0	0.4	4.7539e-06
0.483333	-0.98	0	0.4	2.84367e-06
0.483333	-0.94	0	0.4	2.01331e-06
0.483333	-0.9	0	0.4	1.4218e-06
0.483333	-0.86	0	0.4	1.00169e-06
0.483333	-0.82	0	0.4	7.04137e-07
0.483333	-0.78	0	0.4	0.00134769
0.483333	-0.74	0	0.4	0.00164975
0.483333	-0.7	0	0.4	0.00199229
0.483333	-0.66	0	0.4	0.0023714
0.483333	-0.62	0	0.4	0.00277966
0.483333	-0.58	0	0.4	0.00320579
0.483333	-0.54	0	0.4	0.00363472
0.483333	-0.5	0	0.4	0.00404821
0.483333	-0.46	0	0.4	0.00442592
0.483333	-0.42	0	0.4	0.0047471
0.483333	-0.38	0	0.4	0.00499253
0.483333	-0.34	0	0.4	0.00514661
0.483333	-0.3	0	0.4	0.00519915
0.483333	-0.26	0	0.4	0.00514661
0.483333	-0.22	0	0.4	0.00499253
0.483333	-0.18	0	0.4	0.0047471
0.483333	-0.14	0	0.4	0.00442592
0.483333	-0.1	0	0.4	0.00404821
0.483333	-0.06	0	0.4	0.00363472
0.483333	-0.02	0	0.4	0.00320579
0.483333	0.02	0	0.4	0.00277966
0.483333	0.06	0	0.4	0.0023714
0.483333	0.1	0	0.4	0.00199229
0.483333	0.14	0	0.4	0.00164975
0.483333	0.18	0	0.4	0.00134769
0.483333	0.22	0	0.4	0.00108703
0.483333	0.26	0	0.4	0.000866463
0.483333	0.3	0	0.4	0.000683069
0.483333	0.34	0	0.4	0.000532998
0.483333	0.38	0	0.4	0.000411959
0.483333	0.42	0	0.4	0.00031561
0.483333	0.46	0	0.4	0.000239827
0.483333	0.5	0	0.4	0.000180866
0.483333	0.54	0	0.4	0.000135447
0.483333	0.58	0	0.4	0.000100778
0.483333	0.62	0	0.4	7.45328e-05
0.483333	0.66	0	0.4	5.48162e-05
0.483333	0.7	0	0.4	4.01075e-05
0.483333	0.74	0	0.4	2.92052e-05
0.483333	0.78	0	0.4	2.11719e-05
0.483333	0.82	0	0.4	1.52849e-05
0.483333	0.86	0	0.4	1.09924e-05
0.483333	0.9	0	0.4	7.87716e-06
0.483333	0.94	0	0.4	5.62594e-06
0.483333	0.98	0	0.4	4.0056e-06
0.516667	-0.98	0	0.4	2.39249e-06
0.516667	-0.94	0	0.4	1.70026e-06
0.516667	-0.9	0	0.4	1.20508e-06
0.516667	-0.86	0	0.4	8.51982e-07
0.516667	-0.82	0	0.4	6.00927e-07
0.516667	-0.78	0	0.4	0.00101297
0.516667	-0.74	0	0.4	0.00123239
0.516667	-0.7	0	0.4	0.00147939
0.516667	-0.66	0	0.4	0.00175083
0.516667	-0.62	0	0.4	0.00204118
0.516667	-0.58	0	0.4	0.00234233
0.516667	-0.54	0	0.4	0.0026437
0.516667	-0.5	0	0.4	0.00293273
0.516667	-0.46	0	0.4	0.00319556
0.516667	-0.42	0	0.4	0.00341823
0.516667	-0.38	0	0.4	0.0035879
0.516667	-0.34	0	0.4	0.00369422
0.516667	-0.3	0	0.4	0.00373044
0.516667	-0.26	0	0.4	0.00369422
0.516667	-0.22	0	0.4	0.0035879
0.516667	-0.18	0	0.4	0.00341823
0.516667	-0.14	0	0.4	0.00319556
0.516667	-0.1	0	0.4	0.00293273
0.516667	-0.06	0	0.4	0.0026437
0.516667	-0.02	0	0.4	0.00234233
0.516667	0.02	0	0.4	0.00204118
0.516667	0.06	0	0.4	0.00175083
0.516667	0.1	0	0.4	0.00147939
0.516667	0.14	0	0.4	0.00123239
0.516667	0.18	0	0.4	0.00101297
0.516667	0.22	0	0.4	0.000822201
0.516667	0.26	0	0.4	0.000659542
0.516667	0.3	0	0.4	0.000523266
0.516667	0.34	0	0.4	0.000410902
0.516667	0.38	0	0.4	0.000319591
0.516667	0.42	0	0.4	0.000246366
0.516667	0.46	0	0.4	0.000188352
0.516667	0.5	0	0.4	0.000142894
0.516667	0.54	0	0.4	0.000107634
0.516667	0.58	0	0.4	8.05377e-05
0.516667	0.62	0	0.4	5.98917e-05
0.516667	0.66	0	0.4	4.42835e-05
0.516667	0.7	0	0.4	3.25686e-05
0.516667	0.74	0	0.4	2.38343e-05
0.516667	0.78	0	0.4	1.73619e-05
0.516667	0.82	0	0.4	1.25929e-05
0.516667	0.86	0	0.4	9.09727e-06
0.516667	0.9	0	0.4	6.54746e-06
0.516667	0.94	0	0.4	4.69589e-06
0.516667	0.98	0	0.4	3.35696e-06
0.55	-0.98	0	0.4	2.0025e-06
0.55	-0.94	0	0.4	1.42851e-06
0.55	-0.9	0	0.4	1.01619e-06
0.55	-0.86	0	0.4	7.2098e-07
0.55	-0.82	0	0.4	5.10267e-07
0.55	-0.78	0	0.4	0.000759028
0.55	-0.74	0	0.4	0.000918039
0.55	-0.7	0	0.4	0.0010958
0.55	-0.66	0	0.4	0.00128985
0.55	-0.62	0	0.4	0.0014961
0.55	-0.58	0	0.4	0.00170875
0.55	-0.54	0	0.4	0.00192042
0.55	-0.5	0	0.4	0.00212242
0.55	-0.46	0	0.4	0.00230536
0.55	-0.42	0	0.4	0.0024598
0.55	-0.38	0	0.4	0.00257718
0.55	-0.34	0	0.4	0.0026506
0.55	-0.3	0	0.4	0.00267559
0.55	-0.26	0	0.4	0.0026506
0.55	-0.22	0	0.4	0.00257718
0.55	-0.18	0	0.4	0.0024598
0.55	-0.14	0	0.4	0.00230536
0.55	-0.1	0	0.4	0.00212242
0.55	-0.06	0	0.4	0.00192042
0.55	-0.02	0	0.4	0.00170875
0.55	0.02	0	0.4	0.0014961
0.55	0.06	0	0.4	0.00128985
0.55	0.1	0	0.4	0.0010958
0.55	0.14	0	0.4	0.000918039
0.55	0.18	0	0.4	0.000759028
0.55	0.22	0	0.4	0.000619796
0.55	0.26	0	0.4	0.000500215
0.55	0.3	0	0.4	0.000399297
0.55	0.34	0	0.4	0.000315478
0.55	0.38	0	0.4	0.00024687
0.55	0.42	0	0.4	0.000191455
0.55	0.46	0	0.4	0.000147241
0.55	0.5	0	0.4	0.000112357
0.55	0.54	0	0.4	8.51154e-05
0.55	0.58	0	0.4	6.4043e-05
0.55	0.62	0	0.4	4.7884e-05
0.55	0.66	0	0.4	3.5592e-05
0.55	0.7	0	0.4	2.63106e-05
0.55	0.74	0	0.4	1.93502e-05
0.55	0.78	0	0.4	1.41634e-05
0.55	0.82	0	0.4	1.03208e-05
0.55	0.86	0	0.4	7.48951e-06
0.55	0.9	0	0.4	5.41382e-06
0.55	0.94	0	0.4	3.89919e-06
0.55	0.98	0	0.4	2.79876e-06
0.583333	-0.98	0	0.4	1.66772e-06
0.583333	-0.94	0	0.4	1.19423e-06
0.583333	-0.9	0	0.4	8.52668e-07
0.583333	-0.86	0	0.4	6.07123e-07
0.583333	-0.82	0	0.4	4.31169e-07
0.583333	-0.78	0	0.4	0.000567153
0.583333	-0.74	0	0.4	0.000682147
0.583333	-0.7	0	0.4	0.000809858
0.583333	-0.66	0	0.4	0.000948396
0.583333	-0.62	0	0.4	0.00109476
0.583333	-0.58	0	0.4	0.00124484
0.583333	-0.54	0	0.4	0.00139346
0.583333	-0.5	0	0.4	0.00153466
0.583333	-0.46	0	0.4	0.00166203
0.583333	-0.42	0	0.4	0.00176922
0.583333	-0.38	0	0.4	0.00185048
0.583333	-0.34	0	0.4	0.00190123
0.583333	-0.3	0	0.4	0.00191849
0.583333	-0.26	0	0.4	0.00190123
0.583333	-0.22	0	0.4	0.00185048
0.583333	-0.18	0	0.4	0.00176922
0.583333	-0.14	0	0.4	0.00166203
0.583333	-0.1	0	0.4	0.00153466
0.583333	-0.06	0	0.4	0.00139346
0.583333	-0.02	0	0.4	0.00124484
0.583333	0.02	0	0.4	0.00109476
0.583333	0.06	0	0.4	0.000948396
0.583333	0.1	0	0.4	0.000809858
0.583333	0.14	0	0.4	0.000682147
0.583333	0.18	0	0.4	0.000567153
0.583333	0.22	0	0.4	0.000465779
0.583333	0.26	0	0.4	0.000378112
0.583333	0.3	0	0.4	0.000303609
0.583333	0.34	0	0.4	0.000241296
0.583333	0.38	0	0.4	0.000189934
0.583333	0.42	0	0.4	0.000148162
0.583333	0.46	0	0.4	0.000114605
0.583333	0.5	0	0.4	8.79509e-05
0.583333	0.54	0	0.4	6.69991e-05
0.583333	0.58	0	0.4	5.06876e-05
0.583333	0.62	0	0.4	3.81009e-05
0.583333	0.66	0	0.4	2.84677e-05
0.583333	0.7	0	0.4	2.11508e-05
0.583333	0.74	0	0.4	1.5632e-05
0.583333	0.78	0	0.4	1.14966e-05
0.583333	0.82	0	0.4	8.41638e-06
0.583333	0.86	0	0.4	6.13497e-06
0.583333	0.9	0	0.4	4.45399e-06
0.583333	0.94	0	0.4	3.22141e-06
0.583333	0.98	0	0.4	2.3217e-06
0.616667	-0.98	0	0.4	1.38221e-06
0.616667	-0.94	0	0.4	9.93573e-07
0.616667	-0.9	0	0.4	7.12033e-07
0.616667	-0.86	0	0.4	5.08808e-07
0.616667	-0.82	0	0.4	3.62605e-07
0.616667	-0.78	0	0.4	0.000422696
0.616667	-0.74	0	0.4	0.000505706
0.616667	-0.7	0	0.4	0.000597324
0.616667	-0.66	0	0.4	0.000696118
0.616667	-0.62	0	0.4	0.000799912
0.616667	-0.58	0	0.4	0.000905779
0.616667	-0.54	0	0.4	0.00101012
0.616667	-0.5	0	0.4	0.00110883
0.616667	-0.46	0	0.4	0.00119756
0.616667	-0.42	0	0.4	0.001272
0.616667	-0.38	0	0.4	0.00132831
0.616667	-0.34	0	0.4	0.00136342
0.616667	-0.3	0	0.4	0.00137535
0.616667	-0.26	0	0.4	0.00136342
0.616667	-0.22	0	0.4	0.00132831
0.616667	-0.18	0	0.4	0.001272
0.616667	-0.14	0	0.4	0.00119756
0.616667	-0.1	0	0.4	0.00110883
0.616667	-0.06	0	0.4	0.00101012
0.616667	-0.02	0	0.4	0.000905779
0.616667	0.02	0	0.4	0.000799912
0.616667	0.06	0	0.4	0.000696118
0.616667	0.1	0	0.4	0.000597324
0.616667	0.14	0	0.4	0.000505706
0.616667	0.18	0	0.4	0.000422696
0.616667	0.22	0	0.4	0.000349047
0.616667	0.26	0	0.4	0.000284937
0.616667	0.3	0	0.4	0.00023009
0.616667	0.34	0	0.4	0.000183908
0.616667	0.38	0	0.4	0.000145587
0.616667	0.42	0	0.4	0.000114213
0.616667	0.46	0	0.4	8.88412e-05
0.616667	0.5	0	0.4	6.85573e-05
0.616667	0.54	0	0.4	5.25108e-05
0.616667	0.58	0	0.4	3.99395e-05
0.616667	0.62	0	0.4	3.01793e-05
0.616667	0.66	0	0.4	2.26646e-05
0.616667	0.7	0	0.4	1.69235e-05
0.616667	0.74	0	0.4	1.25687e-05
0.616667	0.78	0	0.4	9.28747e-06
0.616667	0.82	0	0.4	6.83046e-06
0.616667	0.86	0	0.4	5.00122e-06
0.616667	0.9	0	0.4	3.64665e-06
0.616667	0.94	0	0.4	2.64859e-06
0.616667	0.98	0	0.4	1.91665e-06
0.65	-0.98	0	0.4	1.14025e-06
0.65	-0.94	0	0.4	8.22789e-07
0.65	-0.9	0	0.4	5.91837e-07
0.65	-0.86	0	0.4	4.24443e-07
0.65	-0.82	0	0.4	3.0354e-07
0.65	-0.78	0	0.4	0.000314295
0.65	-0.74	0	0.4	0.000374119
0.65	-0.7	0	0.4	0.00043976
0.65	-0.66	0	0.4	0.000510146
0.65	-0.62	0	0.4	0.000583702
0.65	-0.58	0	0.4	0.00065836
0.65	-0.54	0	0.4	0.000731615
0.65	-0.5	0	0.4	0.000800644
0.65	-0.46	0	0.4	0.000862477
0.65	-0.42	0	0.4	0.000914215
0.65	-0.38	0	0.4	0.000953266
0.65	-0.34	0	0.4	0.000977579
0.65	-0.3	0	0.4	0.000985835
0.65	-0.26	0	0.4	0.000977579
0.65	-0.22	0	0.4	0.000953266
0.65	-0.18	0	0.4	0.000914215
0.65	-0.14	0	0.4	0.000862477
0.65	-0.1	0	0.4	0.000800644
0.65	-0.06	0	0.4	0.000731615
0.65	-0.02	0	0.4	0.00065836
0.65	0.02	0	0.4	0.000583702
0.65	0.06	0	0.4	0.000510146
0.65	0.1	0	0.4	0.00043976
0.65	0.14	0	0.4	0.000374119
0.65	0.18	0	0.4	0.000314295
0.65	0.22	0	0.4	0.000260892
0.65	0.26	0	0.4	0.000214114
0.65	0.3	0	0.4	0.00017384
0.65	0.34	0	0.4	0.000139711
0.65	0.38	0	0.4	0.000111208
0.65	0.42	0	0.4	8.77216e-05
0.65	0.46	0	0.4	6.86074e-05
0.65	0.5	0	0.4	5.32293e-05
0.65	0.54	0	0.4	4.09878e-05
0.65	0.58	0	0.4	3.13387e-05
0.65	0.62	0	0.4	2.38022e-05
0.65	0.66	0	0.4	1.79656e-05
0.65	0.7	0	0.4	1.34809e-05
0.65	0.74	0	0.4	1.00602e-05
0.65	0.78	0	0.4	7.46871e-06
0.65	0.82	0	0.4	5.51795e-06
0.65	0.86	0	0.4	4.05817e-06
0.65	0.9	0	0.4	2.97181e-06
0.65	0.94	0	0.4	2.16751e-06
0.65	0.98	0	0.4	1.57491e-06
0.683333	-0.98	0	0.4	9.36424e-07
0.683333	-0.94	0	0.4	6.78301e-07
0.683333	-0.9	0	0.4	4.89723e-07
0.683333	-0.86	0	0.4	3.52482e-07
0.683333	-0.82	0	0.4	2.52962e-07
0.683333	-0.78	0	0.4	0.000233192
0.683333	-0.74	0	0.4	0.000276245
0.683333	-0.7	0	0.4	0.000323221
0.683333	-0.66	0	0.4	0.000373327
0.683333	-0.62	0	0.4	0.000425428
0.683333	-0.58	0	0.4	0.000478066
0.683333	-0.54	0	0.4	0.0005295
0.683333	-0.5	0	0.4	0.000577786
0.683333	-0.46	0	0.4	0.000620902
0.683333	-0.42	0	0.4	0.000656886
0.683333	-0.38	0	0.4	0.000683992
0.683333	-0.34	0	0.4	0.000700845
0.683333	-0.3	0	0.4	0.000706564
0.683333	-0.26	0	0.4	0.000700845
0.683333	-0.22	0	0.4	0.000683992
0.683333	-0.18	0	0.4	0.000656886
0.683333	-0.14	0	0.4	0.000620902
0.683333	-0.1	0	0.4	0.000577786
0.683333	-0.06	0	0.4	0.0005295
0.683333	-0.02	0	0.4	0.000478066
0.683333	0.02	0	0.4	0.000425428
0.683333	0.06	0	0.4	0.000373327
0.683333	0.1	0	0.4	0.000323221
0.683333	0.14	0	0.4	0.000276245
0.683333	0.18	0	0.4	0.000233192
0.683333	0.22	0	0.4	0.000194537
0.683333	0.26	0	0.4	0.000160475
0.683333	0.3	0	0.4	0.00013097
0.683333	0.34	0	0.4	0.000105814
0.683333	0.38	0	0.4	8.46735e-05
0.683333	0.42	0	0.4	6.71459e-05
0.683333	0.46	0	0.4	5.27931e-05
0.683333	0.5	0	0.4	4.1175e-05
0.683333	0.54	0	0.4	3.18705e-05
0.683333	0.58	0	0.4	2.44927e-05
0.683333	0.62	0	0.4	1.86965e-05
0.683333	0.66	0	0.4	1.41817e-05
0.683333	0.7	0	0.4	1.06932e-05
0.683333	0.74	0	0.4	8.01773e-06
0.683333	0.78	0	0.4	5.98001e-06
0.683333	0.82	0	0.4	4.43808e-06
0.683333	0.86	0	0.4	3.27836e-06
0.683333	0.9	0	0.4	2.41106e-06
0.683333	0.94	0	0.4	1.76587e-06
0.683333	0.98	0	0.4	1.2883e-06
0.716667	-0.98	0	0.4	7.65699e-07
0.716667	-0.94	0	0.4	5.5676e-07
0.716667	-0.9	0	0.4	4.03469e-07
0.716667	-0.86	0	0.4	2.91451e-07
0.716667	-0.82	0	0.4	2.09898e-07
0.716667	-0.78	0	0.4	0.000172676
0.716667	-0.74	0	0.4	0.00020362
0.716667	-0.7	0	0.4	0.000237206
0.716667	-0.66	0	0.4	0.00027285
0.716667	-0.62	0	0.4	0.00030974
0.716667	-0.58	0	0.4	0.000346848
0.716667	-0.54	0	0.4	0.000382964
0.716667	-0.5	0	0.4	0.000416753
0.716667	-0.46	0	0.4	0.000446835
0.716667	-0.42	0	0.4	0.000471879
0.716667	-0.38	0	0.4	0.00049071
0.716667	-0.34	0	0.4	0.000502403
0.716667	-0.3	0	0.4	0.000506369
0.716667	-0.26	0	0.4	0.000502403
0.716667	-0.22	0	0.4	0.00049071
0.716667	-0.18	0	0.4	0.000471879
0.716667	-0.14	0	0.4	0.000446835
0.716667	-0.1	0	0.4	0.000416753
0.716667	-0.06	0	0.4	0.000382964
0.716667	-0.02	0	0.4	0.000346848
0.716667	0.02	0	0.4	0.00030974
0.716667	0.06	0	0.4	0.00027285
0.716667	0.1	0	0.4	0.000237206
0.716667	0.14	0	0.4	0.00020362
0.716667	0.18	0	0.4	0.000172676
0.716667	0.22	0	0.4	0.00014474
0.716667	0.26	0	0.4	0.000119983
0.716667	0.3	0	0.4	9.84136e-05
0.716667	0.34	0	0.4	7.99143e-05
0.716667	0.38	0	0.4	6.42761e-05
0.716667	0.42	0	0.4	5.12328e-05
0.716667	0.46	0	0.4	4.04883e-05
0.716667	0.5	0	0.4	3.17394e-05
0.716667	0.54	0	0.4	2.46916e-05
0.716667	0.58	0	0.4	1.90707e-05
0.716667	0.62	0	0.4	1.46295e-05
0.716667	0.66	0	0.4	1.11507e-05
0.716667	0.7	0	0.4	8.44791e-06
0.716667	0.74	0	0.4	6.36382e-06
0.716667	0.78	0	0.4	4.76816e-06
0.716667	0.82	0	0.4	3.55453e-06
0.716667	0.86	0	0.4	2.63717e-06
0.716667	0.9	0	0.4	1.94776e-06
0.716667	0.94	0	0.4	1.43247e-06
0.716667	0.98	0	0.4	1.04929e-06
0.75	-0.98	0	0.4	6.23484e-07
0.75	-0.94	0	0.4	4.55083e-07
0.75	-0.9	0	0.4	3.31012e-07
0.75	-0.86	0	0.4	2.39976e-07
0.75	-0.82	0	0.4	1.73436e-07
0.75	-0.78	0	0.4	0.000127632
0.75	-0.74	0	0.4	0.000149848
0.75	-0.7	0	0.4	0.00017384
0.75	-0.66	0	0.4	0.000199181
0.75	-0.62	0	0.4	0.000225292
0.75	-0.58	0	0.4	0.00025145
0.75	-0.54	0	0.4	0.000276815
0.75	-0.5	0	0.4	0.000300469
0.75	-0.46	0	0.4	0.000321468
0.75	-0.42	0	0.4	0.000338911
0.75	-0.38	0	0.4	0.000352004
0.75	-0.34	0	0.4	0.000360125
0.75	-0.3	0	0.4	0.000362877
0.75	-0.26	0	0.4	0.000360125
0.75	-0.22	0	0.4	0.000352004
0.75	-0.18	0	0.4	0.000338911
0.75	-0.14	0	0.4	0.000321468
0.75	-0.1	0	0.4	0.000300469
0.75	-0.06	0	0.4	0.000276815
0.75	-0.02	0	0.4	0.00025145
0.75	0.02	0	0.4	0.000225292
0.75	0.06	0	0.4	0.000199181
0.75	0.1	0	0.4	0.00017384
0.75	0.14	0	0.4	0.000149848
0.75	0.18	0	0.4	0.000127632
0.75	0.22	0	0.4	0.000107471
0.75	0.26	0	0.4	8.95071e-05
0.75	0.3	0	0.4	7.37695e-05
0.75	0.34	0	0.4	6.01955e-05
0.75	0.38	0	0.4	4.86552e-05
0.75	0.42	0	0.4	3.89745e-05
0.75	0.46	0	0.4	3.09541e-05
0.75	0.5	0	0.4	2.43858e-05
0.75	0.54	0	0.4	1.90644e-05
0.75	0.58	0	0.4	1.47964e-05
0.75	0.62	0	0.4	1.14054e-05
0.75	0.66	0	0.4	8.73472e-06
0.75	0.7	0	0.4	6.64852e-06
0.75	0.74	0	0.4	5.03138e-06
0.75	0.78	0	0.4	3.78683e-06
0.75	0.82	0	0.4	2.83545e-06
0.75	0.86	0	0.4	2.11276e-06
0.75	0.9	0	0.4	1.56703e-06
0.75	0.94	0	0.4	1.15721e-06
0.75	0.98	0	0.4	8.51067e-07
0.783333	-0.98	0	0.4	5.05639e-07
0.783333	-0.94	0	0.4	3.7047e-07
0.783333	-0.9	0	0.4	2.70466e-07
0.783333	-0.86	0	0.4	1.9679e-07
0.783333	-0.82	0	0.4	1.42724e-07
0.783333	-0.78	0	0.4	9.41807e-05
0.783333	-0.74	0	0.4	0.000110114
0.783333	-0.7	0	0.4	0.00012724
0.783333	-0.66	0	0.4	0.000145247
0.783333	-0.62	0	0.4	0.000163724
0.783333	-0.58	0	0.4	0.000182163
0.783333	-0.54	0	0.4	0.000199981
0.783333	-0.5	0	0.4	0.000216545
0.783333	-0.46	0	0.4	0.000231212
0.783333	-0.42	0	0.4	0.00024337
0.783333	-0.38	0	0.4	0.000252481
0.783333	-0.34	0	0.4	0.000258126
0.783333	-0.3	0	0.4	0.000260038
0.783333	-0.26	0	0.4	0.000258126
0.783333	-0.22	0	0.4	0.000252481
0.783333	-0.18	0	0.4	0.00024337
0.783333	-0.14	0	0.4	0.000231212
0.783333	-0.1	0	0.4	0.000216545
0.783333	-0.06	0	0.4	0.000199981
0.783333	-0.02	0	0.4	0.000182163
0.783333	0.02	0	0.4	0.000163724
0.783333	0.06	0	0.4	0.000145247
0.783333	0.1	0	0.4	0.00012724
0.783333	0.14	0	0.4	0.000110114
0.783333	0.18	0	0.4	9.41807e-05
0.783333	0.22	0	0.4	7.96487e-05
0.783333	0.26	0	0.4	6.66338e-05
0.783333	0.3	0	0.4	5.51714e-05
0.783333	0.34	0	0.4	4.52312e-05
0.783333	0.38	0	0.4	3.67339e-05
0.783333	0.42	0	0.4	2.95664e-05
0.783333	0.46	0	0.4	2.35952e-05
0.783333	0.5	0	0.4	1.8678e-05
0.783333	0.54	0	0.4	1.46722e-05
0.783333	0.58	0	0.4	1.14418e-05
0.783333	0.62	0	0.4	8.8612e-06
0.783333	0.66	0	0.4	6.81789e-06
0.783333	0.7	0	0.4	5.21336e-06
0.783333	0.74	0	0.4	3.96314e-06
0.783333	0.78	0	0.4	2.99607e-06
0.783333	0.82	0	0.4	2.25313e-06
0.783333	0.86	0	0.4	1.68603e-06
0.783333	0.9	0	0.4	1.25575e-06
0.783333	0.94	0	0.4	9.3113e-07
0.783333	0.98	0	0.4	6.87528e-07
0.816667	-0.98	0	0.4	4.08477e-07
0.816667	-0.94	0	0.4	3.00412e-07
0.816667	-0.9	0	0.4	2.20129e-07
0.816667	-0.86	0	0.4	1.60741e-07
0.816667	-0.82	0	0.4	1.16989e-07
0.816667	-0.78	0	0.4	6.93891e-05
0.816667	-0.74	0	0.4	8.08065e-05
0.816667	-0.7	0	0.4	9.30229e-05
0.816667	-0.66	0	0.4	0.000105814
0.816667	-0.62	0	0.4	0.000118886
0.816667	-0.58	0	0.4	0.000131883
0.816667	-0.54	0	0.4	0.000144402
0.816667	-0.5	0	0.4	0.000156007
0.816667	-0.46	0	0.4	0.000166257
0.816667	-0.42	0	0.4	0.000174737
0.816667	-0.38	0	0.4	0.000181081
0.816667	-0.34	0	0.4	0.000185008
0.816667	-0.3	0	0.4	0.000186338
0.816667	-0.26	0	0.4	0.000185008
0.816667	-0.22	0	0.4	0.000181081
0.816667	-0.18	0	0.4	0.000174737
0.816667	-0.14	0	0.4	0.000166257
0.816667	-0.1	0	0.4	0.000156007
0.816667	-0.06	0	0.4	0.000144402
0.816667	-0.02	0	0.4	0.000131883
0.816667	0.02	0	0.4	0.000118886
0.816667	0.06	0	0.4	0.000105814
0.816667	0.1	0	0.4	9.30229e-05
0.816667	0.14	0	0.4	8.08065e-05
0.816667	0.18	0	0.4	6.93891e-05
0.816667	0.22	0	0.4	5.89266e-05
0.816667	0.26	0	0.4	4.95102e-05
0.816667	0.3	0	0.4	4.1175e-05
0.816667	0.34	0	0.4	3.39092e-05
0.816667	0.38	0	0.4	2.76655e-05
0.816667	0.42	0	0.4	2.23707e-05
0.816667	0.46	0	0.4	1.79361e-05
0.816667	0.5	0	0.4	1.42646e-05
0.816667	0.54	0	0.4	1.12576e-05
0.816667	0.58	0	0.4	8.81974e-06
0.816667	0.62	0	0.4	6.862e-06
0.816667	0.66	0	0.4	5.30376e-06
0.816667	0.7	0	0.4	4.07384e-06
0.816667	0.74	0	0.4	3.11064e-06
0.816667	0.78	0	0.4	2.36187e-06
0.816667	0.82	0	0.4	1.78382e-06
0.816667	0.86	0	0.4	1.34047e-06
0.816667	0.9	0	0.4	1.0025e-06
0.816667	0.94	0	0.4	7.46354e-07
0.816667	0.98	0	0.4	5.53274e-07
0.85	-0.98	0	0.4	3.28751e-07
0.85	-0.94	0	0.4	2.42685e-07
0.85	-0.9	0	0.4	1.78481e-07
0.85	-0.86	0	0.4	1.30797e-07
0.85	-0.82	0	0.4	9.55284e-08
0.85	-0.78	0	0.4	5.10503e-05
0.85	-0.74	0	0.4	5.9225e-05
0.85	-0.7	0	0.4	6.79344e-05
0.85	-0.66	0	0.4	7.70164e-05
0.85	-0.62	0	0.4	8.62632e-05
0.85	-0.58	0	0.4	9.54259e-05
0.85	-0.54	0	0.4	0.000104224
0.85	-0.5	0	0.4	0.000112357
0.85	-0.46	0	0.4	0.000119524
0.85	-0.42	0	0.4	0.000125442
0.85	-0.38	0	0.4	0.000129864
0.85	-0.34	0	0.4	0.000132598
0.85	-0.3	0	0.4	0.000133523
0.85	-0.26	0	0.4	0.000132598
0.85	-0.22	0	0.4	0.000129864
0.85	-0.18	0	0.4	0.000125442
0.85	-0.14	0	0.4	0.000119524
0.85	-0.1	0	0.4	0.000112357
0.85	-0.06	0	0.4	0.000104224
0.85	-0.02	0	0.4	9.54259e-05
0.85	0.02	0	0.4	8.62632e-05
0.85	0.06	0	0.4	7.70164e-05
0.85	0.1	0	0.4	6.79344e-05
0.85	0.14	0	0.4	5.9225e-05
0.85	0.18	0	0.4	5.10503e-05
0.85	0.22	0	0.4	4.35255e-05
0.85	0.26	0	0.4	3.67212e-05
0.85	0.3	0	0.4	3.06689e-05
0.85	0.34	0	0.4	2.5367e-05
0.85	0.38	0	0.4	2.07878e-05
0.85	0.42	0	0.4	1.68847e-05
0.85	0.46	0	0.4	1.35987e-05
0.85	0.5	0	0.4	1.08641e-05
0.85	0.54	0	0.4	8.61285e-06
0.85	0.58	0	0.4	6.77824e-06
0.85	0.62	0	0.4	5.29737e-06
0.85	0.66	0	0.4	4.11268e-06
0.85	0.7	0	0.4	3.1729e-06
0.85	0.74	0	0.4	2.43327e-06
0.85	0.78	0	0.4	1.85549e-06
0.85	0.82	0	0.4	1.4073e-06
0.85	0.86	0	0.4	1.06192e-06
0.85	0.9	0	0.4	7.97423e-07
0.85	0.94	0	0.4	5.9605e-07
0.85	0.98	0	0.4	4.43585e-07
0.883333	-0.98	0	0.4	2.63632e-07
0.883333	-0.94	0	0.4	1.95339e-07
0.883333	-0.9	0	0.4	1.44185e-07
0.883333	-0.86	0	0.4	1.0604e-07
0.883333	-0.82	0	0.4	7.77168e-08
0.883333	-0.78	0	0.4	3.75084e-05
0.883333	-0.74	0	0.4	4.33572e-05
0.883333	-0.7	0	0.4	4.95631e-05
0.883333	-0.66	0	0.4	5.60097e-05
0.883333	-0.62	0	0.4	6.255e-05
0.883333	-0.58	0	0.4	6.90097e-05
0.883333	-0.54	0	0.4	7.51939e-05
0.883333	-0.5	0	0.4	8.08963e-05
0.883333	-0.46	0	0.4	8.59107e-05
0.883333	-0.42	0	0.4	9.00436e-05
0.883333	-0.38	0	0.4	9.31275e-05
0.883333	-0.34	0	0.4	9.50326e-05
0.883333	-0.3	0	0.4	9.56771e-05
0.883333	-0.26	0	0.4	9.50326e-05
0.883333	-0.22	0	0.4	9.31275e-05
0.883333	-0.18	0	0.4	9.00436e-05
0.883333	-0.14	0	0.4	8.59107e-05
0.883333	-0.1	0	0.4	8.08963e-05
0.883333	-0.06	0	0.4	7.51939e-05
0.883333	-0.02	0	0.4	6.90097e-05
0.883333	0.02	0	0.4	6.255e-05
0.883333	0.06	0	0.4	5.60097e-05
0.883333	0.1	0	0.4	4.95631e-05
0.883333	0.14	0	0.4	4.33572e-05
0.883333	0.18	0	0.4	3.75084e-05
0.883333	0.22	0	0.4	3.21014e-05
0.883333	0.26	0	0.4	2.71903e-05
0.883333	0.3	0	0.4	2.28017e-05
0.883333	0.34	0	0.4	1.89388e-05
0.883333	0.38	0	0.4	1.55863e-05
0.883333	0.42	0	0.4	1.27146e-05
0.883333	0.46	0	0.4	1.0285e-05
0.883333	0.5	0	0.4	8.25289e-06
0.883333	0.54	0	0.4	6.57156e-06
0.883333	0.58	0	0.4	5.19453e-06
0.883333	0.62	0	0.4	4.07746e-06
0.883333	0.66	0	0.4	3.17939e-06
0.883333	0.7	0	0.4	2.46346e-06
0.883333	0.74	0	0.4	1.89728e-06
0.883333	0.78	0	0.4	1.45288e-06
0.883333	0.82	0	0.4	1.10652e-06
0.883333	0.86	0	0.4	8.38374e-07
0.883333	0.9	0	0.4	6.3209e-07
0.883333	0.94	0	0.4	4.74336e-07
0.883333	0.98	0	0.4	3.54374e-07
0.916667	-0.98	0	0.4	2.10679e-07
0.916667	-0.94	0	0.4	1.5668e-07
0.916667	-0.9	0	0.4	1.16067e-07
0.916667	-0.86	0	0.4	8.56633e-08
0.916667	-0.82	0	0.4	6.30005e-08
0.916667	-0.78	0	0.4	2.75248e-05
0.916667	-0.74	0	0.4	3.17067e-05
0.916667	-0.7	0	0.4	3.61268e-05
0.916667	-0.66	0	0.4	4.07016e-05
0.916667	-0.62	0	0.4	4.53272e-05
0.916667	-0.58	0	0.4	4.98816e-05
0.916667	-0.54	0	0.4	5.42298e-05
0.916667	-0.5	0	0.4	5.82295e-05
0.916667	-0.46	0	0.4	6.17394e-05
0.916667	-0.42	0	0.4	6.46274e-05
0.916667	-0.38	0	0.4	6.67797e-05
0.916667	-0.34	0	0.4	6.81082e-05
0.916667	-0.3	0	0.4	6.85573e-05
0.916667	-0.26	0	0.4	6.81082e-05
0.916667	-0.22	0	0.4	6.67797e-05
0.916667	-0.18	0	0.4	6.46274e-05
0.916667	-0.14	0	0.4	6.17394e-05
0.916667	-0.1	0	0.4	5.82295e-05
0.916667	-0.06	0	0.4	5.42298e-05
0.916667	-0.02	0	0.4	4.98816e-05
0.916667	0.02	0	0.4	4.53272e-05
0.916667	0.06	0	0.4	4.07016e-05
0.916667	0.1	0	0.4	3.61268e-05
0.916667	0.14	0	0.4	3.17067e-05
0.916667	0.18	0	0.4	2.75248e-05
0.916667	0.22	0	0.4	2.36428e-05
0.916667	0.26	0	0.4	2.01018e-05
0.916667	0.3	0	0.4	1.69235e-05
0.916667	0.34	0	0.4	1.41131e-05
0.916667	0.38	0	0.4	1.16627e-05
0.916667	0.42	0	0.4	9.55373e-06
0.916667	0.46	0	0.4	7.76082e-06
0.916667	0.5	0	0.4	6.254e-06
0.916667	0.54	0	0.4	5.00122e-06
0.916667	0.58	0	0.4	3.97018e-06
0.916667	0.62	0	0.4	3.12973e-06
0.916667	0.66	0	0.4	2.45078e-06
0.916667	0.7	0	0.4	1.90694e-06
0.916667	0.74	0	0.4	1.47481e-06
0.916667	0.78	0	0.4	1.13404e-06
0.916667	0.82	0	0.4	8.67221e-07
0.916667	0.86	0	0.4	6.59715e-07
0.916667	0.9	0	0.4	4.99364e-07
0.916667	0.94	0	0.4	3.76198e-07
0.916667	0.98	0	0.4	2.82132e-07
0.95	-0.98	0	0.4	1.678e-07
0.95	-0.94	0	0.4	1.25247e-07
0.95	-0.9	0	0.4	9.31146e-08
0.95	-0.86	0	0.4	6.89647e-08
0.95	-0.82	0	0.4	5.08944e-08
0.95	-0.78	0	0.4	2.01753e-05
0.95	-0.74	0	0.4	2.31637e-05
0.95	-0.7	0	0.4	2.63106e-05
0.95	-0.66	0	0.4	2.95563e-05
0.95	-0.62	0	0.4	3.28276e-05
0.95	-0.58	0	0.4	3.60391e-05
0.95	-0.54	0	0.4	3.90971e-05
0.95	-0.5	0	0.4	4.19036e-05
0.95	-0.46	0	0.4	4.43616e-05
0.95	-0.42	0	0.4	4.6381e-05
0.95	-0.38	0	0.4	4.7884e-05
0.95	-0.34	0	0.4	4.88111e-05
0.95	-0.3	0	0.4	4.91244e-05
0.95	-0.26	0	0.4	4.88111e-05
0.95	-0.22	0	0.4	4.7884e-05
0.95	-0.18	0	0.4	4.6381e-05
0.95	-0.14	0	0.4	4.43616e-05
0.95	-0.1	0	0.4	4.19036e-05
0.95	-0.06	0	0.4	3.90971e-05
0.95	-0.02	0	0.4	3.60391e-05
0.95	0.02	0	0.4	3.28276e-05
0.95	0.06	0	0.4	2.95563e-05
0.95	0.1	0	0.4	2.63106e-05
0.95	0.14	0	0.4	2.31637e-05
0.95	0.18	0	0.4	2.01753e-05
0.95	0.22	0	0.4	1.73904e-05
0.95	0.26	0	0.4	1.48397e-05
0.95	0.3	0	0.4	1.25405e-05
0.95	0.34	0	0.4	1.04986e-05
0.95	0.38	0	0.4	8.71019e-06
0.95	0.42	0	0.4	7.164e-06
0.95	0.46	0	0.4	5.84341e-06
0.95	0.5	0	0.4	4.72834e-06
0.95	0.54	0	0.4	3.7969e-06
0.95	0.58	0	0.4	3.02671e-06
0.95	0.62	0	0.4	2.39592e-06
0.95	0.66	0	0.4	1.88395e-06
0.95	0.7	0	0.4	1.47195e-06
0.95	0.74	0	0.4	1.14306e-06
0.95	0.78	0	0.4	8.82512e-07
0.95	0.82	0	0.4	6.77583e-07
0.95	0.86	0	0.4	5.17497e-07
0.95	0.9	0	0.4	3.93245e-07
0.95	0.94	0	0.4	2.97393e-07
0.95	0.98	0	0.4	2.23877e-07
0.983333	-0.98	0	0.4	1.33218e-07
0.983333	-0.94	0	0.4	9.97938e-08
0.983333	-0.9	0	0.4	7.44552e-08
0.983333	-0.86	0	0.4	5.5337e-08
0.983333	-0.82	0	0.4	4.09771e-08
0.983333	-0.78	0	0.4	1.47725e-05
0.983333	-0.74	0	0.4	1.69068e-05
0.983333	-0.7	0	0.4	1.91465e-05
0.983333	-0.66	0	0.4	2.14489e-05
0.983333	-0.62	0	0.4	2.37623e-05
0.983333	-0.58	0	0.4	2.60271e-05
0.983333	-0.54	0	0.4	2.81783e-05
0.983333	-0.5	0	0.4	3.01483e-05
0.983333	-0.46	0	0.4	3.18705e-05
0.983333	-0.42	0	0.4	3.32833e-05
0.983333	-0.38	0	0.4	3.43336e-05
0.983333	-0.34	0	0.4	3.49809e-05
0.983333	-0.3	0	0.4	3.51996e-05
0.983333	-0.26	0	0.4	3.49809e-05
0.983333	-0.22	0	0.4	3.43336e-05
0.983333	-0.18	0	0.4	3.32833e-05
0.983333	-0.14	0	0.4	3.18705e-05
0.983333	-0.1	0	0.4	3.01483e-05
0.983333	-0.06	0	0.4	2.81783e-05
0.983333	-0.02	0	0.4	2.60271e-05
0.983333	0.02	0	0.4	2.37623e-05
0.983333	0.06	0	0.4	2.14489e-05
0.983333	0.1	0	0.4	1.91465e-05
0.983333	0.14	0	0.4	1.69068e-05
0.983333	0.18	0	0.4	1.47725e-05
0.983333	0.22	0	0.4	1.2776e-05
0.983333	0.26	0	0.4	1.09402e-05
0.983333	0.3	0	0.4	9.27873e-06
0.983333	0.34	0	0.4	7.79698e-06
0.983333	0.38	0	0.4	6.49357e-06
0.983333	0.42	0	0.4	5.36173e-06
0.983333	0.46	0	0.4	4.3907e-06
0.983333	0.5	0	0.4	3.56709e-06
0.983333	0.54	0	0.4	2.87597e-06
0.983333	0.58	0	0.4	2.30189e-06
0.983333	0.62	0	0.4	1.82955e-06
0.983333	0.66	0	0.4	1.44444e-06
0.983333	0.7	0	0.4	1.13311e-06
0.983333	0.74	0	0.4	8.83462e-07
0.983333	0.78	0	0.4	6.84801e-07
0.983333	0.82	0	0.4	5.27855e-07
0.983333	0.86	0	0.4	4.04715e-07
0.983333	0.9	0	0.4	3.08726e-07
0.983333	0.94	0	0.4	2.34361e-07
0.983333	0.98	0	0.4	1.77086e-07
