-0.983333	-0.98	0	1.8	0.00209619
-0.983333	-0.94	0	1.8	0.00157239
-0.983333	-0.9	0	1.8	0.00116964
-0.983333	-0.86	0	1.8	0.000863471
-0.983333	-0.82	0	1.8	0.000633074
-0.983333	-0.78	0	1.8	0.000461262
-0.983333	-0.74	0	1.8	0.000334175
-0.983333	-0.7	0	1.8	0.000240854
-0.983333	-0.66	0	1.8	0.000172778
-0.983333	-0.62	0	1.8	0.000123411
-0.983333	-0.58	0	1.8	8.78034e-05
-0.983333	-0.54	0	1.8	6.22447e-05
-0.983333	-0.5	0	1.8	4.39801e-05
-0.983333	-0.46	0	1.8	3.09806e-05
-0.983333	-0.42	0	1.8	2.17624e-05
-0.983333	-0.38	0	1.8	1.52477e-05
-0.983333	-0.34	0	1.8	1.06577e-05
-0.983333	-0.3	0	1.8	7.43303e-06
-0.983333	-0.26	0	1.8	5.17344e-06
-0.983333	-0.22	0	1.8	3.59393e-06
-0.983333	-0.18	0	1.8	2.49226e-06
-0.983333	-0.14	0	1.8	1.72546e-06
-0.983333	-0.1	0	1.8	0.00468004
-0.983333	-0.06	0	1.8	0.00597598
-0.983333	-0.02	0	1.8	0.00752763
-0.983333	0.02	0	1.8	0.0093419
-0.983333	0.06	0	1.8	0.0114066
-0.983333	0.1	0	1.8	0.0136841
-0.983333	0.14	0	1.8	0.0161074
-0.983333	0.18	0	1.8	0.018578
-0.983333	0.22	0	1.8	0.0209696
-0.983333	0.26	0	1.8	0.0231372
-0.983333	0.3	0	1.8	0.0249311
-0.983333	0.34	0	1.8	0.026215
-0.983333	0.38	0	1.8	0.0268852
-0.983333	0.42	0	1.8	0.0268852
-0.983333	0.46	0	1.8	0.026215
-0.983333	0.5	0	1.8	0.0249311
-0.983333	0.54	0	1.8	0.0231372
-0.983333	0.58	0	1.8	0.0209696
-0.983333	0.62	0	1.8	0.018578
-0.983333	0.66	0	1.8	0.0161074
-0.983333	0.7	0	1.8	0.0136841
-0.983333	0.74	0	1.8	0.0114066
-0.983333	0.78	0	1.8	0.0093419
-0.983333	0.82	0	1.8	0.00752763
-0.983333	0.86	0	1.8	0.00597598
-0.983333	0.9	0	1.8	0.00468004
-0.983333	0.94	0	1.8	0.00362002
-0.983333	0.98	0	1.8	0.00276876
-0.95	-0.98	0	1.8	0.00165261
-0.95	-0.94	0	1.8	0.00124872
-0.95	-0.9	0	1.8	0.00093547
-0.95	-0.86	0	1.8	0.000695334
-0.95	-0.82	0	1.8	0.000513167
-0.95	-0.78	0	1.8	0.000376269
-0.95	-0.74	0	1.8	0.000274259
-0.95	-0.7	0	1.8	0.000198823
-0.95	-0.66	0	1.8	0.000143422
-0.95	-0.62	0	1.8	0.00010299
-0.95	-0.58	0	1.8	7.36476e-05
-0.95	-0.54	0	1.8	5.24639e-05
-0.95	-0.5	0	1.8	3.72419e-05
-0.95	-0.46	0	1.8	2.63507e-05
-0.95	-0.42	0	1.8	1.85888e-05
-0.95	-0.38	0	1.8	1.3077e-05
-0.95	-0.34	0	1.8	9.17601e-06
-0.95	-0.3	0	1.8	6.42343e-06
-0.95	-0.26	0	1.8	4.48666e-06
-0.95	-0.22	0	1.8	3.12745e-06
-0.95	-0.18	0	1.8	2.17585e-06
-0.95	-0.14	0	1.8	1.51111e-06
-0.95	-0.1	0	1.8	0.00360635
-0.95	-0.06	0	1.8	0.00456936
-0.95	-0.02	0	1.8	0.00571155
-0.95	0.02	0	1.8	0.00703464
-0.95	0.06	0	1.8	0.00852671
-0.95	0.1	0	1.8	0.0101584
-0.95	0.14	0	1.8	0.0118804
-0.95	0.18	0	1.8	0.013623
-0.95	0.22	0	1.8	0.0152989
-0.95	0.26	0	1.8	0.0168092
-0.95	0.3	0	1.8	0.0180536
-0.95	0.34	0	1.8	0.0189414
-0.95	0.38	0	1.8	0.0194039
-0.95	0.42	0	1.8	0.0194039
-0.95	0.46	0	1.8	0.0189414
-0.95	0.5	0	1.8	0.0180536
-0.95	0.54	0	1.8	0.0168092
-0.95	0.58	0	1.8	0.0152989
-0.95	0.62	0	1.8	0.013623
-0.95	0.66	0	1.8	0.0118804
-0.95	0.7	0	1.8	0.0101584
-0.95	0.74	0	1.8	0.00852671
-0.95	0.78	0	1.8	0.00703464
-0.95	0.82	0	1.8	0.00571155
-0.95	0.86	0	1.8	0.00456936
-0.95	0.9	0	1.8	0.00360635
-0.95	0.94	0	1.8	0.00281117
-0.95	0.98	0	1.8	0.00216659
-0.916667	-0.98	0	1.8	0.00129513
-0.916667	-0.94	0	1.8	0.000985604
-0.916667	-0.9	0	1.8	0.000743493
-0.916667	-0.86	0	1.8	0.000556366
-0.916667	-0.82	0	1.8	0.000413285
-0.916667	-0.78	0	1.8	0.000304939
-0.916667	-0.74	0	1.8	0.000223612
-0.916667	-0.7	0	1.8	0.000163049
-0.916667	-0.66	0	1.8	0.000118273
-0.916667	-0.62	0	1.8	8.53849e-05
-0.916667	-0.58	0	1.8	6.13716e-05
-0.916667	-0.54	0	1.8	4.39337e-05
-0.916667	-0.5	0	1.8	3.13333e-05
-0.916667	-0.46	0	1.8	2.22699e-05
-0.916667	-0.42	0	1.8	1.57779e-05
-0.916667	-0.38	0	1.8	1.11454e-05
-0.916667	-0.34	0	1.8	7.85155e-06
-0.916667	-0.3	0	1.8	5.51712e-06
-0.916667	-0.26	0	1.8	3.86762e-06
-0.916667	-0.22	0	1.8	2.70534e-06
-0.916667	-0.18	0	1.8	1.88847e-06
-0.916667	-0.14	0	1.8	1.31574e-06
-0.916667	-0.1	0	1.8	0.00276442
-0.916667	-0.06	0	1.8	0.00347657
-0.916667	-0.02	0	1.8	0.00431361
-0.916667	0.02	0	1.8	0.00527462
-0.916667	0.06	0	1.8	0.00634902
-0.916667	0.1	0	1.8	0.00751428
-0.916667	0.14	0	1.8	0.00873454
-0.916667	0.18	0	1.8	0.0099607
-0.916667	0.22	0	1.8	0.0111325
-0.916667	0.26	0	1.8	0.0121831
-0.916667	0.3	0	1.8	0.0130449
-0.916667	0.34	0	1.8	0.0136579
-0.916667	0.38	0	1.8	0.0139766
-0.916667	0.42	0	1.8	0.0139766
-0.916667	0.46	0	1.8	0.0136579
-0.916667	0.5	0	1.8	0.0130449
-0.916667	0.54	0	1.8	0.0121831
-0.916667	0.58	0	1.8	0.0111325
-0.916667	0.62	0	1.8	0.0099607
-0.916667	0.66	0	1.8	0.00873454
-0.916667	0.7	0	1.8	0.00751428
-0.916667	0.74	0	1.8	0.00634902
-0.916667	0.78	0	1.8	0.00527462
-0.916667	0.82	0	1.8	0.00431361
-0.916667	0.86	0	1.8	0.00347657
-0.916667	0.9	0	1.8	0.00276442
-0.916667	0.94	0	1.8	0.00217101
-0.916667	0.98	0	1.8	0.00168563
-0.883333	-0.98	0	1.8	0.00100941
-0.883333	-0.94	0	1.8	0.00077351
-0.883333	-0.9	0	1.8	0.000587466
-0.883333	-0.86	0	1.8	0.000442518
-0.883333	-0.82	0	1.8	0.000330826
-0.883333	-0.78	0	1.8	0.000245614
-0.883333	-0.74	0	1.8	0.000181189
-0.883333	-0.7	0	1.8	0.00013288
-0.883333	-0.66	0	1.8	9.69255e-05
-0.883333	-0.62	0	1.8	7.03476e-05
-0.883333	-0.58	0	1.8	5.08233e-05
-0.883333	-0.54	0	1.8	3.65621e-05
-0.883333	-0.5	0	1.8	2.61995e-05
-0.883333	-0.46	0	1.8	1.87057e-05
-0.883333	-0.42	0	1.8	1.33105e-05
-0.883333	-0.38	0	1.8	9.44181e-06
-0.883333	-0.34	0	1.8	6.67814e-06
-0.883333	-0.3	0	1.8	4.71067e-06
-0.883333	-0.26	0	1.8	3.31451e-06
-0.883333	-0.22	0	1.8	2.32668e-06
-0.883333	-0.18	0	1.8	1.62969e-06
-0.883333	-0.14	0	1.8	1.13916e-06
-0.883333	-0.1	0	1.8	0.00210899
-0.883333	-0.06	0	1.8	0.0026334
-0.883333	-0.02	0	1.8	0.00324447
-0.883333	0.02	0	1.8	0.00394011
-0.883333	0.06	0	1.8	0.00471146
-0.883333	0.1	0	1.8	0.00554152
-0.883333	0.14	0	1.8	0.00640442
-0.883333	0.18	0	1.8	0.00726572
-0.883333	0.22	0	1.8	0.00808402
-0.883333	0.26	0	1.8	0.00881395
-0.883333	0.3	0	1.8	0.00941037
-0.883333	0.34	0	1.8	0.00983332
-0.883333	0.38	0	1.8	0.0100528
-0.883333	0.42	0	1.8	0.0100528
-0.883333	0.46	0	1.8	0.00983332
-0.883333	0.5	0	1.8	0.00941037
-0.883333	0.54	0	1.8	0.00881395
-0.883333	0.58	0	1.8	0.00808402
-0.883333	0.62	0	1.8	0.00726572
-0.883333	0.66	0	1.8	0.00640442
-0.883333	0.7	0	1.8	0.00554152
-0.883333	0.74	0	1.8	0.00471146
-0.883333	0.78	0	1.8	0.00394011
-0.883333	0.82	0	1.8	0.00324447
-0.883333	0.86	0	1.8	0.0026334
-0.883333	0.9	0	1.8	0.00210899
-0.883333	0.94	0	1.8	0.0016682
-0.883333	0.98	0	1.8	0.00130452
-0.85	-0.98	0	1.8	0.000782738
-0.85	-0.94	0	1.8	0.000603863
-0.85	-0.9	0	1.8	0.000461661
-0.85	-0.86	0	1.8	0.000350005
-0.85	-0.82	0	1.8	0.000263313
-0.85	-0.78	0	1.8	0.000196687
-0.85	-0.74	0	1.8	0.000145956
-0.85	-0.7	0	1.8	0.000107654
-0.85	-0.66	0	1.8	7.89597e-05
-0.85	-0.62	0	1.8	5.76139e-05
-0.85	-0.58	0	1.8	4.18375e-05
-0.85	-0.54	0	1.8	3.02465e-05
-0.85	-0.5	0	1.8	2.1777e-05
-0.85	-0.46	0	1.8	1.56193e-05
-0.85	-0.42	0	1.8	1.11631e-05
-0.85	-0.38	0	1.8	7.95205e-06
-0.85	-0.34	0	1.8	5.64729e-06
-0.85	-0.3	0	1.8	3.99908e-06
-0.85	-0.26	0	1.8	2.82439e-06
-0.85	-0.22	0	1.8	1.98979e-06
-0.85	-0.18	0	1.8	1.39856e-06
-0.85	-0.14	0	1.8	9.80871e-07
-0.85	-0.1	0	1.8	0.00160205
-0.85	-0.06	0	1.8	0.00198677
-0.85	-0.02	0	1.8	0.0024314
-0.85	0.02	0	1.8	0.0029335
-0.85	0.06	0	1.8	0.00348593
-0.85	0.1	0	1.8	0.00407603
-0.85	0.14	0	1.8	0.00468526
-0.85	0.18	0	1.8	0.00528956
-0.85	0.22	0	1.8	0.00586052
-0.85	0.26	0	1.8	0.00636743
-0.85	0.3	0	1.8	0.00678006
-0.85	0.34	0	1.8	0.00707188
-0.85	0.38	0	1.8	0.00722308
-0.85	0.42	0	1.8	0.00722308
-0.85	0.46	0	1.8	0.00707188
-0.85	0.5	0	1.8	0.00678006
-0.85	0.54	0	1.8	0.00636743
-0.85	0.58	0	1.8	0.00586052
-0.85	0.62	0	1.8	0.00528956
-0.85	0.66	0	1.8	0.00468526
-0.85	0.7	0	1.8	0.00407603
-0.85	0.74	0	1.8	0.00348593
-0.85	0.78	0	1.8	0.0029335
-0.85	0.82	0	1.8	0.0024314
-0.85	0.86	0	1.8	0.00198677
-0.85	0.9	0	1.8	0.00160205
-0.85	0.94	0	1.8	0.00127598
-0.85	0.98	0	1.8	0.00100469
-0.816667	-0.98	0	1.8	0.000604131
-0.816667	-0.94	0	1.8	0.000469123
-0.816667	-0.9	0	1.8	0.000360964
-0.816667	-0.86	0	1.8	0.000275392
-0.816667	-0.82	0	1.8	0.00020846
-0.816667	-0.78	0	1.8	0.00015665
-0.816667	-0.74	0	1.8	0.000116925
-0.816667	-0.7	0	1.8	8.67302e-05
-0.816667	-0.66	0	1.8	6.39616e-05
-0.816667	-0.62	0	1.8	4.69178e-05
-0.816667	-0.58	0	1.8	3.42447e-05
-0.816667	-0.54	0	1.8	2.48796e-05
-0.816667	-0.5	0	1.8	1.79982e-05
-0.816667	-0.46	0	1.8	1.29682e-05
-0.816667	-0.42	0	1.8	9.30935e-06
-0.816667	-0.38	0	1.8	6.65974e-06
-0.816667	-0.34	0	1.8	4.74892e-06
-0.816667	-0.3	0	1.8	3.37618e-06
-0.816667	-0.26	0	1.8	2.39352e-06
-0.816667	-0.22	0	1.8	1.69242e-06
-0.816667	-0.18	0	1.8	1.19374e-06
-0.816667	-0.14	0	1.8	8.40062e-07
-0.816667	-0.1	0	1.8	0.00121222
-0.816667	-0.06	0	1.8	0.00149354
-0.816667	-0.02	0	1.8	0.00181613
-0.816667	0.02	0	1.8	0.00217765
-0.816667	0.06	0	1.8	0.0025725
-0.816667	0.1	0	1.8	0.00299135
-0.816667	0.14	0	1.8	0.00342098
-0.816667	0.18	0	1.8	0.00384464
-0.816667	0.22	0	1.8	0.00424285
-0.816667	0.26	0	1.8	0.00459484
-0.816667	0.3	0	1.8	0.00488036
-0.816667	0.34	0	1.8	0.00508177
-0.816667	0.38	0	1.8	0.00518596
-0.816667	0.42	0	1.8	0.00518596
-0.816667	0.46	0	1.8	0.00508177
-0.816667	0.5	0	1.8	0.00488036
-0.816667	0.54	0	1.8	0.00459484
-0.816667	0.58	0	1.8	0.00424285
-0.816667	0.62	0	1.8	0.00384464
-0.816667	0.66	0	1.8	0.00342098
-0.816667	0.7	0	1.8	0.00299135
-0.816667	0.74	0	1.8	0.0025725
-0.816667	0.78	0	1.8	0.00217765
-0.816667	0.82	0	1.8	0.00181613
-0.816667	0.86	0	1.8	0.00149354
-0.816667	0.9	0	1.8	0.00121222
-0.816667	0.94	0	1.8	0.000971891
-0.816667	0.98	0	1.8	0.000770344
-0.783333	-0.98	0	1.8	0.000464268
-0.783333	-0.94	0	1.8	0.000362801
-0.783333	-0.9	0	1.8	0.000280902
-0.783333	-0.86	0	1.8	0.00021563
-0.783333	-0.82	0	1.8	0.000164208
-0.783333	-0.78	0	1.8	0.000124124
-0.783333	-0.74	0	1.8	9.31799e-05
-0.783333	-0.7	0	1.8	6.95034e-05
-0.783333	-0.66	0	1.8	5.15353e-05
-0.783333	-0.62	0	1.8	3.80014e-05
-0.783333	-0.58	0	1.8	2.78779e-05
-0.783333	-0.54	0	1.8	2.03536e-05
-0.783333	-0.5	0	1.8	1.4794e-05
-0.783333	-0.46	0	1.8	1.07085e-05
-0.783333	-0.42	0	1.8	7.72126e-06
-0.783333	-0.38	0	1.8	5.54726e-06
-0.783333	-0.34	0	1.8	3.97195e-06
-0.783333	-0.3	0	1.8	2.83504e-06
-0.783333	-0.26	0	1.8	2.01759e-06
-0.783333	-0.22	0	1.8	1.43188e-06
-0.783333	-0.18	0	1.8	1.01357e-06
-0.783333	-0.14	0	1.8	7.15731e-07
-0.783333	-0.1	0	1.8	0.000914003
-0.783333	-0.06	0	1.8	0.00111912
-0.783333	-0.02	0	1.8	0.00135258
-0.783333	0.02	0	1.8	0.00161234
-0.783333	0.06	0	1.8	0.00189409
-0.783333	0.1	0	1.8	0.00219101
-0.783333	0.14	0	1.8	0.00249373
-0.783333	0.18	0	1.8	0.00279061
-0.783333	0.22	0	1.8	0.0030683
-0.783333	0.26	0	1.8	0.00331276
-0.783333	0.3	0	1.8	0.00351041
-0.783333	0.34	0	1.8	0.0036495
-0.783333	0.38	0	1.8	0.00372134
-0.783333	0.42	0	1.8	0.00372134
-0.783333	0.46	0	1.8	0.0036495
-0.783333	0.5	0	1.8	0.00351041
-0.783333	0.54	0	1.8	0.00331276
-0.783333	0.58	0	1.8	0.0030683
-0.783333	0.62	0	1.8	0.00279061
-0.783333	0.66	0	1.8	0.00249373
-0.783333	0.7	0	1.8	0.00219101
-0.783333	0.74	0	1.8	0.00189409
-0.783333	0.78	0	1.8	0.00161234
-0.783333	0.82	0	1.8	0.00135258
-0.783333	0.86	0	1.8	0.00111912
-0.783333	0.9	0	1.8	0.000914003
-0.783333	0.94	0	1.8	0.000737444
-0.783333	0.98	0	1.8	0.000588248
-0.75	-0.98	0	1.8	0.000355363
-0.75	-0.94	0	1.8	0.000279398
-0.75	-0.9	0	1.8	0.00021764
-0.75	-0.86	0	1.8	0.000168069
-0.75	-0.82	0	1.8	0.000128743
-0.75	-0.78	0	1.8	9.7878e-05
-0.75	-0.74	0	1.8	7.38916e-05
-0.75	-0.7	0	1.8	5.54195e-05
-0.75	-0.66	0	1.8	4.13124e-05
-0.75	-0.62	0	1.8	3.06217e-05
-0.75	-0.58	0	1.8	2.25775e-05
-0.75	-0.54	0	1.8	1.65644e-05
-0.75	-0.5	0	1.8	1.20969e-05
-0.75	-0.46	0	1.8	8.79634e-06
-0.75	-0.42	0	1.8	6.37063e-06
-0.75	-0.38	0	1.8	4.59652e-06
-0.75	-0.34	0	1.8	3.30483e-06
-0.75	-0.3	0	1.8	2.3683e-06
-0.75	-0.26	0	1.8	1.69194e-06
-0.75	-0.22	0	1.8	1.20525e-06
-0.75	-0.18	0	1.8	8.56224e-07
-0.75	-0.14	0	1.8	6.06724e-07
-0.75	-0.1	0	1.8	0.000686924
-0.75	-0.06	0	1.8	0.000836095
-0.75	-0.02	0	1.8	0.00100469
-0.75	0.02	0	1.8	0.001191
-0.75	0.06	0	1.8	0.00139177
-0.75	0.1	0	1.8	0.00160205
-0.75	0.14	0	1.8	0.00181522
-0.75	0.18	0	1.8	0.0020232
-0.75	0.22	0	1.8	0.00221687
-0.75	0.26	0	1.8	0.00238671
-0.75	0.3	0	1.8	0.00252361
-0.75	0.34	0	1.8	0.00261973
-0.75	0.38	0	1.8	0.00266932
-0.75	0.42	0	1.8	0.00266932
-0.75	0.46	0	1.8	0.00261973
-0.75	0.5	0	1.8	0.00252361
-0.75	0.54	0	1.8	0.00238671
-0.75	0.58	0	1.8	0.00221687
-0.75	0.62	0	1.8	0.0020232
-0.75	0.66	0	1.8	0.00181522
-0.75	0.7	0	1.8	0.00160205
-0.75	0.74	0	1.8	0.00139177
-0.75	0.78	0	1.8	0.001191
-0.75	0.82	0	1.8	0.00100469
-0.75	0.86	0	1.8	0.000836095
-0.75	0.9	0	1.8	0.000686924
-0.75	0.94	0	1.8	0.000557594
-0.75	0.98	0	1.8	0.00044751
-0.716667	-0.98	0	1.8	0.000271002
-0.716667	-0.94	0	1.8	0.00021433
-0.716667	-0.9	0	1.8	0.000167936
-0.716667	-0.86	0	1.8	0.000130441
-0.716667	-0.82	0	1.8	0.000100493
-0.716667	-0.78	0	1.8	7.6832e-05
-0.716667	-0.74	0	1.8	5.8324e-05
-0.716667	-0.7	0	1.8	4.39801e-05
-0.716667	-0.66	0	1.8	3.29579e-05
-0.716667	-0.62	0	1.8	2.45547e-05
-0.716667	-0.58	0	1.8	1.81948e-05
-0.716667	-0.54	0	1.8	1.34137e-05
-0.716667	-0.5	0	1.8	9.84212e-06
-0.716667	-0.46	0	1.8	7.18943e-06
-0.716667	-0.42	0	1.8	5.22989e-06
-0.716667	-0.38	0	1.8	3.78962e-06
-0.716667	-0.34	0	1.8	2.73597e-06
-0.716667	-0.3	0	1.8	1.96852e-06
-0.716667	-0.26	0	1.8	1.41179e-06
-0.716667	-0.22	0	1.8	1.00946e-06
-0.716667	-0.18	0	1.8	7.19736e-07
-0.716667	-0.14	0	1.8	5.11798e-07
-0.716667	-0.1	0	1.8	0.000514741
-0.716667	-0.06	0	1.8	0.000622982
-0.716667	-0.02	0	1.8	0.000744506
-0.716667	0.02	0	1.8	0.000877934
-0.716667	0.06	0	1.8	0.00102083
-0.716667	0.1	0	1.8	0.00116964
-0.716667	0.14	0	1.8	0.00131969
-0.716667	0.18	0	1.8	0.00146538
-0.716667	0.22	0	1.8	0.00160048
-0.716667	0.26	0	1.8	0.00171853
-0.716667	0.3	0	1.8	0.00181341
-0.716667	0.34	0	1.8	0.0018799
-0.716667	0.38	0	1.8	0.00191416
-0.716667	0.42	0	1.8	0.00191416
-0.716667	0.46	0	1.8	0.0018799
-0.716667	0.5	0	1.8	0.00181341
-0.716667	0.54	0	1.8	0.00171853
-0.716667	0.58	0	1.8	0.00160048
-0.716667	0.62	0	1.8	0.00146538
-0.716667	0.66	0	1.8	0.00131969
-0.716667	0.7	0	1.8	0.00116964
-0.716667	0.74	0	1.8	0.00102083
-0.716667	0.78	0	1.8	0.000877934
-0.716667	0.82	0	1.8	0.000744506
-0.716667	0.86	0	1.8	0.000622982
-0.716667	0.9	0	1.8	0.000514741
-0.716667	0.94	0	1.8	0.000420254
-0.716667	0.98	0	1.8	0.000339268
-0.683333	-0.98	0	1.8	0.000205962
-0.683333	-0.94	0	1.8	0.000163821
-0.683333	-0.9	0	1.8	0.000129091
-0.683333	-0.86	0	1.8	0.000100835
-0.683333	-0.82	0	1.8	7.81184e-05
-0.683333	-0.78	0	1.8	6.00542e-05
-0.683333	-0.74	0	1.8	4.58346e-05
-0.683333	-0.7	0	1.8	3.47457e-05
-0.683333	-0.66	0	1.8	2.61729e-05
-0.683333	-0.62	0	1.8	1.95984e-05
-0.683333	-0.58	0	1.8	1.45939e-05
-0.683333	-0.54	0	1.8	1.08108e-05
-0.683333	-0.5	0	1.8	7.96934e-06
-0.683333	-0.46	0	1.8	5.84785e-06
-0.683333	-0.42	0	1.8	4.27271e-06
-0.683333	-0.38	0	1.8	3.10928e-06
-0.683333	-0.34	0	1.8	2.2541e-06
-0.683333	-0.3	0	1.8	1.62833e-06
-0.683333	-0.26	0	1.8	1.17235e-06
-0.683333	-0.22	0	1.8	8.41416e-07
-0.683333	-0.18	0	1.8	6.02113e-07
-0.683333	-0.14	0	1.8	4.29671e-07
-0.683333	-0.1	0	1.8	0.000384679
-0.683333	-0.06	0	1.8	0.000463063
-0.683333	-0.02	0	1.8	0.000550511
-0.683333	0.02	0	1.8	0.000645942
-0.683333	0.06	0	1.8	0.000747556
-0.683333	0.1	0	1.8	0.000852797
-0.683333	0.14	0	1.8	0.000958387
-0.683333	0.18	0	1.8	0.00106045
-0.683333	0.22	0	1.8	0.00115472
-0.683333	0.26	0	1.8	0.00123682
-0.683333	0.3	0	1.8	0.00130264
-0.683333	0.34	0	1.8	0.00134867
-0.683333	0.38	0	1.8	0.00137235
-0.683333	0.42	0	1.8	0.00137235
-0.683333	0.46	0	1.8	0.00134867
-0.683333	0.5	0	1.8	0.00130264
-0.683333	0.54	0	1.8	0.00123682
-0.683333	0.58	0	1.8	0.00115472
-0.683333	0.62	0	1.8	0.00106045
-0.683333	0.66	0	1.8	0.000958387
-0.683333	0.7	0	1.8	0.000852797
-0.683333	0.74	0	1.8	0.000747556
-0.683333	0.78	0	1.8	0.000645942
-0.683333	0.82	0	1.8	0.000550511
-0.683333	0.86	0	1.8	0.000463063
-0.683333	0.9	0	1.8	0.000384679
-0.683333	0.94	0	1.8	0.000315808
-0.683333	0.98	0	1.8	0.000256386
-0.65	-0.98	0	1.8	0.000156037
-0.65	-0.94	0	1.8	0.000124793
-0.65	-0.9	0	1.8	9.88778e-05
-0.65	-0.86	0	1.8	7.76583e-05
-0.65	-0.82	0	1.8	6.04899e-05
-0.65	-0.78	0	1.8	4.67519e-05
-0.65	-0.74	0	1.8	3.58707e-05
-0.65	-0.7	0	1.8	2.73338e-05
-0.65	-0.66	0	1.8	2.06947e-05
-0.65	-0.62	0	1.8	1.55736e-05
-0.65	-0.58	0	1.8	1.16534e-05
-0.65	-0.54	0	1.8	8.67355e-06
-0.65	-0.5	0	1.8	6.42343e-06
-0.65	-0.46	0	1.8	4.73471e-06
-0.65	-0.42	0	1.8	3.47457e-06
-0.65	-0.38	0	1.8	2.53923e-06
-0.65	-0.34	0	1.8	1.84845e-06
-0.65	-0.3	0	1.8	1.34065e-06
-0.65	-0.26	0	1.8	9.68996e-07
-0.65	-0.22	0	1.8	6.98091e-07
-0.65	-0.18	0	1.8	5.01381e-07
-0.65	-0.14	0	1.8	3.59059e-07
-0.65	-0.1	0	1.8	0.00028677
-0.65	-0.06	0	1.8	0.000343432
-0.65	-0.02	0	1.8	0.000406268
-0.65	0.02	0	1.8	0.000474446
-0.65	0.06	0	1.8	0.000546646
-0.65	0.1	0	1.8	0.000621041
-0.65	0.14	0	1.8	0.000695334
-0.65	0.18	0	1.8	0.000766842
-0.65	0.22	0	1.8	0.000832645
-0.65	0.26	0	1.8	0.00088978
-0.65	0.3	0	1.8	0.00093547
-0.65	0.34	0	1.8	0.000967366
-0.65	0.38	0	1.8	0.000983764
-0.65	0.42	0	1.8	0.000983764
-0.65	0.46	0	1.8	0.000967366
-0.65	0.5	0	1.8	0.00093547
-0.65	0.54	0	1.8	0.00088978
-0.65	0.58	0	1.8	0.000832645
-0.65	0.62	0	1.8	0.000766842
-0.65	0.66	0	1.8	0.000695334
-0.65	0.7	0	1.8	0.000621041
-0.65	0.74	0	1.8	0.000546646
-0.65	0.78	0	1.8	0.000474446
-0.65	0.82	0	1.8	0.000406268
-0.65	0.86	0	1.8	0.000343432
-0.65	0.9	0	1.8	0.00028677
-0.65	0.94	0	1.8	0.000236676
-0.65	0.98	0	1.8	0.000193182
-0.616667	-0.98	0	1.8	0.000117867
-0.616667	-0.94	0	1.8	9.47655e-05
-0.616667	-0.9	0	1.8	7.54851e-05
-0.616667	-0.86	0	1.8	5.96004e-05
-0.616667	-0.82	0	1.8	4.66692e-05
-0.616667	-0.78	0	1.8	3.62587e-05
-0.616667	-0.74	0	1.8	2.79634e-05
-0.616667	-0.7	0	1.8	2.14167e-05
-0.616667	-0.66	0	1.8	1.62959e-05
-0.616667	-0.62	0	1.8	1.23235e-05
-0.616667	-0.58	0	1.8	9.26564e-06
-0.616667	-0.54	0	1.8	6.92875e-06
-0.616667	-0.5	0	1.8	5.15478e-06
-0.616667	-0.46	0	1.8	3.81656e-06
-0.616667	-0.42	0	1.8	2.81297e-06
-0.616667	-0.38	0	1.8	2.06444e-06
-0.616667	-0.34	0	1.8	1.50901e-06
-0.616667	-0.3	0	1.8	1.09885e-06
-0.616667	-0.26	0	1.8	7.97316e-07
-0.616667	-0.22	0	1.8	5.76579e-07
-0.616667	-0.18	0	1.8	4.1563e-07
-0.616667	-0.14	0	1.8	2.9871e-07
-0.616667	-0.1	0	1.8	0.000213296
-0.616667	-0.06	0	1.8	0.000254191
-0.616667	-0.02	0	1.8	0.000299285
-0.616667	0.02	0	1.8	0.000347946
-0.616667	0.06	0	1.8	0.000399212
-0.616667	0.1	0	1.8	0.000451783
-0.616667	0.14	0	1.8	0.000504052
-0.616667	0.18	0	1.8	0.000554162
-0.616667	0.22	0	1.8	0.000600117
-0.616667	0.26	0	1.8	0.000639902
-0.616667	0.3	0	1.8	0.000671645
-0.616667	0.34	0	1.8	0.000693768
-0.616667	0.38	0	1.8	0.000705129
-0.616667	0.42	0	1.8	0.000705129
-0.616667	0.46	0	1.8	0.000693768
-0.616667	0.5	0	1.8	0.000671645
-0.616667	0.54	0	1.8	0.000639902
-0.616667	0.58	0	1.8	0.000600117
-0.616667	0.62	0	1.8	0.000554162
-0.616667	0.66	0	1.8	0.000504052
-0.616667	0.7	0	1.8	0.000451783
-0.616667	0.74	0	1.8	0.000399212
-0.616667	0.78	0	1.8	0.000347946
-0.616667	0.82	0	1.8	0.000299285
-0.616667	0.86	0	1.8	0.000254191
-0.616667	0.9	0	1.8	0.000213296
-0.616667	0.94	0	1.8	0.000176929
-0.616667	0.98	0	1.8	0.000145163
-0.583333	-0.98	0	1.8	8.87915e-05
-0.583333	-0.94	0	1.8	7.17532e-05
-0.583333	-0.9	0	1.8	5.74482e-05
-0.583333	-0.86	0	1.8	4.55922e-05
-0.583333	-0.82	0	1.8	3.58832e-05
-0.583333	-0.78	0	1.8	2.80206e-05
-0.583333	-0.74	0	1.8	2.17189e-05
-0.583333	-0.7	0	1.8	1.67169e-05
-0.583333	-0.66	0	1.8	1.27821e-05
-0.583333	-0.62	0	1.8	9.71281e-06
-0.583333	-0.58	0	1.8	7.33726e-06
-0.583333	-0.54	0	1.8	5.51211e-06
-0.583333	-0.5	0	1.8	4.1194e-06
-0.583333	-0.46	0	1.8	3.06346e-06
-0.583333	-0.42	0	1.8	2.26764e-06
-0.583333	-0.38	0	1.8	1.67123e-06
-0.583333	-0.34	0	1.8	1.2266e-06
-0.583333	-0.3	0	1.8	8.9676e-07
-0.583333	-0.26	0	1.8	6.53208e-07
-0.583333	-0.22	0	1.8	4.74152e-07
-0.583333	-0.18	0	1.8	3.43049e-07
-0.583333	-0.14	0	1.8	2.47427e-07
-0.583333	-0.1	0	1.8	0.000158317
-0.583333	-0.06	0	1.8	0.00018779
-0.583333	-0.02	0	1.8	0.000220114
-0.583333	0.02	0	1.8	0.000254816
-0.583333	0.06	0	1.8	0.000291198
-0.583333	0.1	0	1.8	0.000328338
-0.583333	0.14	0	1.8	0.000365111
-0.583333	0.18	0	1.8	0.000400236
-0.583333	0.22	0	1.8	0.000432343
-0.583333	0.26	0	1.8	0.000460065
-0.583333	0.3	0	1.8	0.000482136
-0.583333	0.34	0	1.8	0.000497494
-0.583333	0.38	0	1.8	0.000505374
-0.583333	0.42	0	1.8	0.000505374
-0.583333	0.46	0	1.8	0.000497494
-0.583333	0.5	0	1.8	0.000482136
-0.583333	0.54	0	1.8	0.000460065
-0.583333	0.58	0	1.8	0.000432343
-0.583333	0.62	0	1.8	0.000400236
-0.583333	0.66	0	1.8	0.000365111
-0.583333	0.7	0	1.8	0.000328338
-0.583333	0.74	0	1.8	0.000291198
-0.583333	0.78	0	1.8	0.000254816
-0.583333	0.82	0	1.8	0.000220114
-0.583333	0.86	0	1.8	0.00018779
-0.583333	0.9	0	1.8	0.000158317
-0.583333	0.94	0	1.8	0.00013196
-0.583333	0.98	0	1.8	0.000108804
-0.55	-0.98	0	1.8	6.67189e-05
-0.55	-0.94	0	1.8	5.41812e-05
-0.55	-0.9	0	1.8	4.35945e-05
-0.55	-0.86	0	1.8	3.47697e-05
-0.55	-0.82	0	1.8	2.75014e-05
-0.55	-0.78	0	1.8	2.15816e-05
-0.55	-0.74	0	1.8	1.68102e-05
-0.55	-0.7	0	1.8	1.30016e-05
-0.55	-0.66	0	1.8	9.98901e-06
-0.55	-0.62	0	1.8	7.62623e-06
-0.55	-0.58	0	1.8	5.78777e-06
-0.55	-0.54	0	1.8	4.36787e-06
-0.55	-0.5	0	1.8	3.27884e-06
-0.55	-0.46	0	1.8	2.44902e-06
-0.55	-0.42	0	1.8	1.82056e-06
-0.55	-0.38	0	1.8	1.34733e-06
-0.55	-0.34	0	1.8	9.929e-07
-0.55	-0.3	0	1.8	7.28786e-07
-0.55	-0.26	0	1.8	5.32908e-07
-0.55	-0.22	0	1.8	3.88285e-07
-0.55	-0.18	0	1.8	2.81955e-07
-0.55	-0.14	0	1.8	2.04088e-07
-0.55	-0.1	0	1.8	0.000117283
-0.55	-0.06	0	1.8	0.000138497
-0.55	-0.02	0	1.8	0.000161645
-0.55	0.02	0	1.8	0.000186375
-0.55	0.06	0	1.8	0.000212183
-0.55	0.1	0	1.8	0.000238416
-0.55	0.14	0	1.8	0.000264288
-0.55	0.18	0	1.8	0.000288915
-0.55	0.22	0	1.8	0.000311358
-0.55	0.26	0	1.8	0.000330687
-0.55	0.3	0	1.8	0.000346045
-0.55	0.34	0	1.8	0.000356717
-0.55	0.38	0	1.8	0.000362187
-0.55	0.42	0	1.8	0.000362187
-0.55	0.46	0	1.8	0.000356717
-0.55	0.5	0	1.8	0.000346045
-0.55	0.54	0	1.8	0.000330687
-0.55	0.58	0	1.8	0.000311358
-0.55	0.62	0	1.8	0.000288915
-0.55	0.66	0	1.8	0.000264288
-0.55	0.7	0	1.8	0.000238416
-0.55	0.74	0	1.8	0.000212183
-0.55	0.78	0	1.8	0.000186375
-0.55	0.82	0	1.8	0.000161645
-0.55	0.86	0	1.8	0.000138497
-0.55	0.9	0	1.8	0.000117283
-0.55	0.94	0	1.8	9.821e-05
-0.55	0.98	0	1.8	8.13621e-05
-0.516667	-0.98	0	1.8	5.0015e-05
-0.516667	-0.94	0	1.8	4.08087e-05
-0.516667	-0.9	0	1.8	3.2992e-05
-0.516667	-0.86	0	1.8	2.64401e-05
-0.516667	-0.82	0	1.8	2.10139e-05
-0.516667	-0.78	0	1.8	1.65699e-05
-0.516667	-0.74	0	1.8	1.29682e-05
-0.516667	-0.7	0	1.8	1.00776e-05
-0.516667	-0.66	0	1.8	7.77888e-06
-0.516667	-0.62	0	1.8	5.96638e-06
-0.516667	-0.58	0	1.8	4.54871e-06
-0.516667	-0.54	0	1.8	3.44817e-06
-0.516667	-0.5	0	1.8	2.59984e-06
-0.516667	-0.46	0	1.8	1.95024e-06
-0.516667	-0.42	0	1.8	1.4559e-06
-0.516667	-0.38	0	1.8	1.08191e-06
-0.516667	-0.34	0	1.8	8.00521e-07
-0.516667	-0.3	0	1.8	5.89897e-07
-0.516667	-0.26	0	1.8	4.33008e-07
-0.516667	-0.22	0	1.8	3.16681e-07
-0.516667	-0.18	0	1.8	2.308e-07
-0.516667	-0.14	0	1.8	1.67656e-07
-0.516667	-0.1	0	1.8	8.67302e-05
-0.516667	-0.06	0	1.8	0.000101983
-0.516667	-0.02	0	1.8	0.000118545
-0.516667	0.02	0	1.8	0.000136157
-0.516667	0.06	0	1.8	0.000154457
-0.516667	0.1	0	1.8	0.000172983
-0.516667	0.14	0	1.8	0.000191188
-0.516667	0.18	0	1.8	0.00020846
-0.516667	0.22	0	1.8	0.000224155
-0.516667	0.26	0	1.8	0.000237641
-0.516667	0.3	0	1.8	0.000248336
-0.516667	0.34	0	1.8	0.000255757
-0.516667	0.38	0	1.8	0.000259558
-0.516667	0.42	0	1.8	0.000259558
-0.516667	0.46	0	1.8	0.000255757
-0.516667	0.5	0	1.8	0.000248336
-0.516667	0.54	0	1.8	0.000237641
-0.516667	0.58	0	1.8	0.000224155
-0.516667	0.62	0	1.8	0.00020846
-0.516667	0.66	0	1.8	0.000191188
-0.516667	0.7	0	1.8	0.000172983
-0.516667	0.74	0	1.8	0.000154457
-0.516667	0.78	0	1.8	0.000136157
-0.516667	0.82	0	1.8	0.000118545
-0.516667	0.86	0	1.8	0.000101983
-0.516667	0.9	0	1.8	8.67302e-05
-0.516667	0.94	0	1.8	7.29477e-05
-0.516667	0.98	0	1.8	6.07091e-05
-0.483333	-0.98	0	1.8	3.74107e-05
-0.483333	-0.94	0	1.8	3.06637e-05
-0.483333	-0.9	0	1.8	2.49047e-05
-0.483333	-0.86	0	1.8	2.00518e-05
-0.483333	-0.82	0	1.8	1.60111e-05
-0.483333	-0.78	0	1.8	1.26841e-05
-0.483333	-0.74	0	1.8	9.97327e-06
-0.483333	-0.7	0	1.8	7.78611e-06
-0.483333	-0.66	0	1.8	6.03762e-06
-0.483333	-0.62	0	1.8	4.65183e-06
-0.483333	-0.58	0	1.8	3.56238e-06
-0.483333	-0.54	0	1.8	2.71238e-06
-0.483333	-0.5	0	1.8	2.05393e-06
-0.483333	-0.46	0	1.8	1.54729e-06
-0.483333	-0.42	0	1.8	1.15991e-06
-0.483333	-0.38	0	1.8	8.65475e-07
-0.483333	-0.34	0	1.8	6.42939e-07
-0.483333	-0.3	0	1.8	4.7563e-07
-0.483333	-0.26	0	1.8	3.50466e-07
-0.483333	-0.22	0	1.8	2.57271e-07
-0.483333	-0.18	0	1.8	1.88185e-07
-0.483333	-0.14	0	1.8	1.37186e-07
-0.483333	-0.1	0	1.8	6.40314e-05
-0.483333	-0.06	0	1.8	7.49866e-05
-0.483333	-0.02	0	1.8	8.68272e-05
-0.483333	0.02	0	1.8	9.93632e-05
-0.483333	0.06	0	1.8	0.000112335
-0.483333	0.1	0	1.8	0.000125418
-0.483333	0.14	0	1.8	0.000138229
-0.483333	0.18	0	1.8	0.000150346
-0.483333	0.22	0	1.8	0.000161328
-0.483333	0.26	0	1.8	0.000170743
-0.483333	0.3	0	1.8	0.000178196
-0.483333	0.34	0	1.8	0.000183361
-0.483333	0.38	0	1.8	0.000186004
-0.483333	0.42	0	1.8	0.000186004
-0.483333	0.46	0	1.8	0.000183361
-0.483333	0.5	0	1.8	0.000178196
-0.483333	0.54	0	1.8	0.000170743
-0.483333	0.58	0	1.8	0.000161328
-0.483333	0.62	0	1.8	0.000150346
-0.483333	0.66	0	1.8	0.000138229
-0.483333	0.7	0	1.8	0.000125418
-0.483333	0.74	0	1.8	0.000112335
-0.483333	0.78	0	1.8	9.93632e-05
-0.483333	0.82	0	1.8	8.68272e-05
-0.483333	0.86	0	1.8	7.49866e-05
-0.483333	0.9	0	1.8	6.40314e-05
-0.483333	0.94	0	1.8	5.40842e-05
-0.483333	0.98	0	1.8	4.52072e-05
-0.45	-0.98	0	1.8	2.79254e-05
-0.45	-0.94	0	1.8	2.29896e-05
-0.45	-0.9	0	1.8	1.87552e-05
-0.45	-0.86	0	1.8	1.51686e-05
-0.45	-0.82	0	1.8	1.21667e-05
-0.45	-0.78	0	1.8	9.68229e-06
-0.45	-0.74	0	1.8	7.6475e-06
-0.45	-0.7	0	1.8	5.99732e-06
-0.45	-0.66	0	1.8	4.67136e-06
-0.45	-0.62	0	1.8	3.61513e-06
-0.45	-0.58	0	1.8	2.78061e-06
-0.45	-0.54	0	1.8	2.1263e-06
-0.45	-0.5	0	1.8	1.61699e-06
-0.45	-0.46	0	1.8	1.22324e-06
-0.45	-0.42	0	1.8	9.20762e-07
-0.45	-0.38	0	1.8	6.8981e-07
-0.45	-0.34	0	1.8	5.14471e-07
-0.45	-0.3	0	1.8	3.82069e-07
-0.45	-0.26	0	1.8	2.82594e-07
-0.45	-0.22	0	1.8	2.08217e-07
-0.45	-0.18	0	1.8	1.52856e-07
-0.45	-0.14	0	1.8	1.11826e-07
-0.45	-0.1	0	1.8	4.72013e-05
-0.45	-0.06	0	1.8	5.50626e-05
-0.45	-0.02	0	1.8	6.35219e-05
-0.45	0.02	0	1.8	7.24407e-05
-0.45	0.06	0	1.8	8.16339e-05
-0.45	0.1	0	1.8	9.0872e-05
-0.45	0.14	0	1.8	9.98888e-05
-0.45	0.18	0	1.8	0.000108392
-0.45	0.22	0	1.8	0.00011608
-0.45	0.26	0	1.8	0.000122656
-0.45	0.3	0	1.8	0.000127854
-0.45	0.34	0	1.8	0.000131451
-0.45	0.38	0	1.8	0.000133291
-0.45	0.42	0	1.8	0.000133291
-0.45	0.46	0	1.8	0.000131451
-0.45	0.5	0	1.8	0.000127854
-0.45	0.54	0	1.8	0.000122656
-0.45	0.58	0	1.8	0.00011608
-0.45	0.62	0	1.8	0.000108392
-0.45	0.66	0	1.8	9.98888e-05
-0.45	0.7	0	1.8	9.0872e-05
-0.45	0.74	0	1.8	8.16339e-05
-0.45	0.78	0	1.8	7.24407e-05
-0.45	0.82	0	1.8	6.35219e-05
-0.45	0.86	0	1.8	5.50626e-05
-0.45	0.9	0	1.8	4.72013e-05
-0.45	0.94	0	1.8	4.00304e-05
-0.45	0.98	0	1.8	3.36005e-05
-0.416667	-0.98	0	1.8	2.08051e-05
-0.416667	-0.94	0	1.8	1.72003e-05
-0.416667	-0.9	0	1.8	1.40926e-05
-0.416667	-0.86	0	1.8	1.14473e-05
-0.416667	-0.82	0	1.8	9.22216e-06
-0.416667	-0.78	0	1.8	7.37131e-06
-0.416667	-0.74	0	1.8	5.84785e-06
-0.416667	-0.7	0	1.8	4.60615e-06
-0.416667	-0.66	0	1.8	3.60345e-06
-0.416667	-0.62	0	1.8	2.80079e-06
-0.416667	-0.58	0	1.8	2.1635e-06
-0.416667	-0.54	0	1.8	1.66144e-06
-0.416667	-0.5	0	1.8	1.26877e-06
-0.416667	-0.46	0	1.8	9.63767e-07
-0.416667	-0.42	0	1.8	7.28398e-07
-0.416667	-0.38	0	1.8	5.47873e-07
-0.416667	-0.34	0	1.8	4.10213e-07
-0.416667	-0.3	0	1.8	3.05812e-07
-0.416667	-0.26	0	1.8	2.27042e-07
-0.416667	-0.22	0	1.8	1.67902e-07
-0.416667	-0.18	0	1.8	1.23705e-07
-0.416667	-0.14	0	1.8	9.08187e-08
-0.416667	-0.1	0	1.8	3.47457e-05
-0.416667	-0.06	0	1.8	4.03822e-05
-0.416667	-0.02	0	1.8	4.6422e-05
-0.416667	0.02	0	1.8	5.27648e-05
-0.416667	0.06	0	1.8	5.92785e-05
-0.416667	0.1	0	1.8	6.58017e-05
-0.416667	0.14	0	1.8	7.2149e-05
-0.416667	0.18	0	1.8	7.81184e-05
-0.416667	0.22	0	1.8	8.35021e-05
-0.416667	0.26	0	1.8	8.80986e-05
-0.416667	0.3	0	1.8	9.17258e-05
-0.416667	0.34	0	1.8	9.42337e-05
-0.416667	0.38	0	1.8	9.55155e-05
-0.416667	0.42	0	1.8	9.55155e-05
-0.416667	0.46	0	1.8	9.42337e-05
-0.416667	0.5	0	1.8	9.17258e-05
-0.416667	0.54	0	1.8	8.80986e-05
-0.416667	0.58	0	1.8	8.35021e-05
-0.416667	0.62	0	1.8	7.81184e-05
-0.416667	0.66	0	1.8	7.2149e-05
-0.416667	0.7	0	1.8	6.58017e-05
-0.416667	0.74	0	1.8	5.92785e-05
-0.416667	0.78	0	1.8	5.27648e-05
-0.416667	0.82	0	1.8	4.6422e-05
-0.416667	0.86	0	1.8	4.03822e-05
-0.416667	0.9	0	1.8	3.47457e-05
-0.416667	0.94	0	1.8	2.95816e-05
-0.416667	0.98	0	1.8	2.493e-05
-0.383333	-0.98	0	1.8	1.54725e-05
-0.383333	-0.94	0	1.8	1.28438e-05
-0.383333	-0.9	0	1.8	1.0567e-05
-0.383333	-0.86	0	1.8	8.61957e-06
-0.383333	-0.82	0	1.8	6.97363e-06
-0.383333	-0.78	0	1.8	5.59788e-06
-0.383333	-0.74	0	1.8	4.45997e-06
-0.383333	-0.7	0	1.8	3.52801e-06
-0.383333	-0.66	0	1.8	2.77178e-06
-0.383333	-0.62	0	1.8	2.1635e-06
-0.383333	-0.58	0	1.8	1.67826e-06
-0.383333	-0.54	0	1.8	1.29416e-06
-0.383333	-0.5	0	1.8	9.92362e-07
-0.383333	-0.46	0	1.8	7.56868e-07
-0.383333	-0.42	0	1.8	5.74316e-07
-0.383333	-0.38	0	1.8	4.33679e-07
-0.383333	-0.34	0	1.8	3.25967e-07
-0.383333	-0.3	0	1.8	2.4393e-07
-0.383333	-0.26	0	1.8	1.81775e-07
-0.383333	-0.22	0	1.8	1.34917e-07
-0.383333	-0.18	0	1.8	9.97582e-08
-0.383333	-0.14	0	1.8	7.34948e-08
-0.383333	-0.1	0	1.8	2.55433e-05
-0.383333	-0.06	0	1.8	2.95816e-05
-0.383333	-0.02	0	1.8	3.38917e-05
-0.383333	0.02	0	1.8	3.84009e-05
-0.383333	0.06	0	1.8	4.30153e-05
-0.383333	0.1	0	1.8	4.76215e-05
-0.383333	0.14	0	1.8	5.20903e-05
-0.383333	0.18	0	1.8	5.62821e-05
-0.383333	0.22	0	1.8	6.00542e-05
-0.383333	0.26	0	1.8	6.32688e-05
-0.383333	0.3	0	1.8	6.58017e-05
-0.383333	0.34	0	1.8	6.75512e-05
-0.383333	0.38	0	1.8	6.84447e-05
-0.383333	0.42	0	1.8	6.84447e-05
-0.383333	0.46	0	1.8	6.75512e-05
-0.383333	0.5	0	1.8	6.58017e-05
-0.383333	0.54	0	1.8	6.32688e-05
-0.383333	0.58	0	1.8	6.00542e-05
-0.383333	0.62	0	1.8	5.62821e-05
-0.383333	0.66	0	1.8	5.20903e-05
-0.383333	0.7	0	1.8	4.76215e-05
-0.383333	0.74	0	1.8	4.30153e-05
-0.383333	0.78	0	1.8	3.84009e-05
-0.383333	0.82	0	1.8	3.38917e-05
-0.383333	0.86	0	1.8	2.95816e-05
-0.383333	0.9	0	1.8	2.55433e-05
-0.383333	0.94	0	1.8	2.18279e-05
-0.383333	0.98	0	1.8	1.84666e-05
-0.35	-0.98	0	1.8	1.14874e-05
-0.35	-0.94	0	1.8	9.57327e-06
-0.35	-0.9	0	1.8	7.90776e-06
-0.35	-0.86	0	1.8	6.4767e-06
-0.35	-0.82	0	1.8	5.26153e-06
-0.35	-0.78	0	1.8	4.24107e-06
-0.35	-0.74	0	1.8	3.39303e-06
-0.35	-0.7	0	1.8	2.69521e-06
-0.35	-0.66	0	1.8	2.1263e-06
-0.35	-0.62	0	1.8	1.66656e-06
-0.35	-0.58	0	1.8	1.29809e-06
-0.35	-0.54	0	1.8	1.00509e-06
-0.35	-0.5	0	1.8	7.73812e-07
-0.35	-0.46	0	1.8	5.92537e-07
-0.35	-0.42	0	1.8	4.5139e-07
-0.35	-0.38	0	1.8	3.42177e-07
-0.35	-0.34	0	1.8	2.58174e-07
-0.35	-0.3	0	1.8	1.93924e-07
-0.35	-0.26	0	1.8	1.45044e-07
-0.35	-0.22	0	1.8	1.08044e-07
-0.35	-0.18	0	1.8	8.0172e-08
-0.35	-0.14	0	1.8	5.92706e-08
-0.35	-0.1	0	1.8	1.87552e-05
-0.35	-0.06	0	1.8	2.16465e-05
-0.35	-0.02	0	1.8	2.47207e-05
-0.35	0.02	0	1.8	2.79254e-05
-0.35	0.06	0	1.8	3.11939e-05
-0.35	0.1	0	1.8	3.44465e-05
-0.35	0.14	0	1.8	3.75934e-05
-0.35	0.18	0	1.8	4.0538e-05
-0.35	0.22	0	1.8	4.31821e-05
-0.35	0.26	0	1.8	4.54314e-05
-0.35	0.3	0	1.8	4.72013e-05
-0.35	0.34	0	1.8	4.84225e-05
-0.35	0.38	0	1.8	4.90458e-05
-0.35	0.42	0	1.8	4.90458e-05
-0.35	0.46	0	1.8	4.84225e-05
-0.35	0.5	0	1.8	4.72013e-05
-0.35	0.54	0	1.8	4.54314e-05
-0.35	0.58	0	1.8	4.31821e-05
-0.35	0.62	0	1.8	4.0538e-05
-0.35	0.66	0	1.8	3.75934e-05
-0.35	0.7	0	1.8	3.44465e-05
-0.35	0.74	0	1.8	3.11939e-05
-0.35	0.78	0	1.8	2.79254e-05
-0.35	0.82	0	1.8	2.47207e-05
-0.35	0.86	0	1.8	2.16465e-05
-0.35	0.9	0	1.8	1.87552e-05
-0.35	0.94	0	1.8	1.60844e-05
-0.35	0.98	0	1.8	1.36581e-05
-0.316667	-0.98	0	1.8	8.51533e-06
-0.316667	-0.94	0	1.8	7.12329e-06
-0.316667	-0.9	0	1.8	5.9068e-06
-0.316667	-0.86	0	1.8	4.8569e-06
-0.316667	-0.82	0	1.8	3.96138e-06
-0.316667	-0.78	0	1.8	3.20593e-06
-0.316667	-0.74	0	1.8	2.57527e-06
-0.316667	-0.7	0	1.8	2.05393e-06
-0.316667	-0.66	0	1.8	1.62696e-06
-0.316667	-0.62	0	1.8	1.28034e-06
-0.316667	-0.58	0	1.8	1.00128e-06
-0.316667	-0.54	0	1.8	7.7837e-07
-0.316667	-0.5	0	1.8	6.01639e-07
-0.316667	-0.46	0	1.8	4.62503e-07
-0.316667	-0.42	0	1.8	3.53697e-07
-0.316667	-0.38	0	1.8	2.69145e-07
-0.316667	-0.34	0	1.8	2.03836e-07
-0.316667	-0.3	0	1.8	1.53677e-07
-0.316667	-0.26	0	1.8	1.1536e-07
-0.316667	-0.22	0	1.8	8.62409e-08
-0.316667	-0.18	0	1.8	6.42184e-08
-0.316667	-0.14	0	1.8	4.76402e-08
-0.316667	-0.1	0	1.8	1.37553e-05
-0.316667	-0.06	0	1.8	1.58242e-05
-0.316667	-0.02	0	1.8	1.80159e-05
-0.316667	0.02	0	1.8	2.02929e-05
-0.316667	0.06	0	1.8	2.26078e-05
-0.316667	0.1	0	1.8	2.49047e-05
-0.316667	0.14	0	1.8	2.71211e-05
-0.316667	0.18	0	1.8	2.91902e-05
-0.316667	0.22	0	1.8	3.10444e-05
-0.316667	0.26	0	1.8	3.26191e-05
-0.316667	0.3	0	1.8	3.38566e-05
-0.316667	0.34	0	1.8	3.47096e-05
-0.316667	0.38	0	1.8	3.51448e-05
-0.316667	0.42	0	1.8	3.51448e-05
-0.316667	0.46	0	1.8	3.47096e-05
-0.316667	0.5	0	1.8	3.38566e-05
-0.316667	0.54	0	1.8	3.26191e-05
-0.316667	0.58	0	1.8	3.10444e-05
-0.316667	0.62	0	1.8	2.91902e-05
-0.316667	0.66	0	1.8	2.71211e-05
-0.316667	0.7	0	1.8	2.49047e-05
-0.316667	0.74	0	1.8	2.26078e-05
-0.316667	0.78	0	1.8	2.02929e-05
-0.316667	0.82	0	1.8	1.80159e-05
-0.316667	0.86	0	1.8	1.58242e-05
-0.316667	0.9	0	1.8	1.37553e-05
-0.316667	0.94	0	1.8	1.1837e-05
-0.316667	0.98	0	1.8	1.00872e-05
-0.283333	-0.98	0	1.8	6.30288e-06
-0.283333	-0.94	0	1.8	5.29177e-06
-0.283333	-0.9	0	1.8	4.40446e-06
-0.283333	-0.86	0	1.8	3.6354e-06
-0.283333	-0.82	0	1.8	2.97656e-06
-0.283333	-0.78	0	1.8	2.41833e-06
-0.283333	-0.74	0	1.8	1.95024e-06
-0.283333	-0.7	0	1.8	1.56158e-06
-0.283333	-0.66	0	1.8	1.24185e-06
-0.283333	-0.62	0	1.8	9.81137e-07
-0.283333	-0.58	0	1.8	7.70309e-07
-0.283333	-0.54	0	1.8	6.01164e-07
-0.283333	-0.5	0	1.8	4.66473e-07
-0.283333	-0.46	0	1.8	3.59977e-07
-0.283333	-0.42	0	1.8	2.76338e-07
-0.283333	-0.38	0	1.8	2.11071e-07
-0.283333	-0.34	0	1.8	1.60447e-07
-0.283333	-0.3	0	1.8	1.21408e-07
-0.283333	-0.26	0	1.8	9.14654e-08
-0.283333	-0.22	0	1.8	6.862e-08
-0.283333	-0.18	0	1.8	5.12753e-08
-0.283333	-0.14	0	1.8	3.81687e-08
-0.283333	-0.1	0	1.8	1.00776e-05
-0.283333	-0.06	0	1.8	1.15572e-05
-0.283333	-0.02	0	1.8	1.31192e-05
-0.283333	0.02	0	1.8	1.47366e-05
-0.283333	0.06	0	1.8	1.6376e-05
-0.283333	0.1	0	1.8	1.79982e-05
-0.283333	0.14	0	1.8	1.95595e-05
-0.283333	0.18	0	1.8	2.10139e-05
-0.283333	0.22	0	1.8	2.23147e-05
-0.283333	0.26	0	1.8	2.34177e-05
-0.283333	0.3	0	1.8	2.42834e-05
-0.283333	0.34	0	1.8	2.48796e-05
-0.283333	0.38	0	1.8	2.51836e-05
-0.283333	0.42	0	1.8	2.51836e-05
-0.283333	0.46	0	1.8	2.48796e-05
-0.283333	0.5	0	1.8	2.42834e-05
-0.283333	0.54	0	1.8	2.34177e-05
-0.283333	0.58	0	1.8	2.23147e-05
-0.283333	0.62	0	1.8	2.10139e-05
-0.283333	0.66	0	1.8	1.95595e-05
-0.283333	0.7	0	1.8	1.79982e-05
-0.283333	0.74	0	1.8	1.6376e-05
-0.283333	0.78	0	1.8	1.47366e-05
-0.283333	0.82	0	1.8	1.31192e-05
-0.283333	0.86	0	1.8	1.15572e-05
-0.283333	0.9	0	1.8	1.00776e-05
-0.283333	0.94	0	1.8	8.70068e-06
-0.283333	0.98	0	1.8	7.43992e-06
-0.25	-0.98	0	1.8	4.6588e-06
-0.25	-0.94	0	1.8	3.92521e-06
-0.25	-0.9	0	1.8	3.27884e-06
-0.25	-0.86	0	1.8	2.71629e-06
-0.25	-0.82	0	1.8	2.23235e-06
-0.25	-0.78	0	1.8	1.82056e-06
-0.25	-0.74	0	1.8	1.47379e-06
-0.25	-0.7	0	1.8	1.18462e-06
-0.25	-0.66	0	1.8	9.45701e-07
-0.25	-0.62	0	1.8	7.50042e-07
-0.25	-0.58	0	1.8	5.91137e-07
-0.25	-0.54	0	1.8	4.63102e-07
-0.25	-0.5	0	1.8	3.60712e-07
-0.25	-0.46	0	1.8	2.79413e-07
-0.25	-0.42	0	1.8	2.15296e-07
-0.25	-0.38	0	1.8	1.65055e-07
-0.25	-0.34	0	1.8	1.25927e-07
-0.25	-0.3	0	1.8	9.56304e-08
-0.25	-0.26	0	1.8	7.2302e-08
-0.25	-0.22	0	1.8	5.44332e-08
-0.25	-0.18	0	1.8	4.08148e-08
-0.25	-0.14	0	1.8	3.04851e-08
-0.25	-0.1	0	1.8	7.37587e-06
-0.25	-0.06	0	1.8	8.43344e-06
-0.25	-0.02	0	1.8	9.54622e-06
-0.25	0.02	0	1.8	1.06949e-05
-0.25	0.06	0	1.8	1.18559e-05
-0.25	0.1	0	1.8	1.30016e-05
-0.25	0.14	0	1.8	1.41017e-05
-0.25	0.18	0	1.8	1.51243e-05
-0.25	0.22	0	1.8	1.60372e-05
-0.25	0.26	0	1.8	1.68102e-05
-0.25	0.3	0	1.8	1.74161e-05
-0.25	0.34	0	1.8	1.78331e-05
-0.25	0.38	0	1.8	1.80456e-05
-0.25	0.42	0	1.8	1.80456e-05
-0.25	0.46	0	1.8	1.78331e-05
-0.25	0.5	0	1.8	1.74161e-05
-0.25	0.54	0	1.8	1.68102e-05
-0.25	0.58	0	1.8	1.60372e-05
-0.25	0.62	0	1.8	1.51243e-05
-0.25	0.66	0	1.8	1.41017e-05
-0.25	0.7	0	1.8	1.30016e-05
-0.25	0.74	0	1.8	1.18559e-05
-0.25	0.78	0	1.8	1.06949e-05
-0.25	0.82	0	1.8	9.54622e-06
-0.25	0.86	0	1.8	8.43344e-06
-0.25	0.9	0	1.8	7.37587e-06
-0.25	0.94	0	1.8	6.38818e-06
-0.25	0.98	0	1.8	5.48052e-06
-0.216667	-0.98	0	1.8	3.43908e-06
-0.216667	-0.94	0	1.8	2.90741e-06
-0.216667	-0.9	0	1.8	2.43711e-06
-0.216667	-0.86	0	1.8	2.02618e-06
-0.216667	-0.82	0	1.8	1.67123e-06
-0.216667	-0.78	0	1.8	1.36796e-06
-0.216667	-0.74	0	1.8	1.11151e-06
-0.216667	-0.7	0	1.8	8.9676e-07
-0.216667	-0.66	0	1.8	7.18589e-07
-0.216667	-0.62	0	1.8	5.72061e-07
-0.216667	-0.58	0	1.8	4.52559e-07
-0.216667	-0.54	0	1.8	3.55868e-07
-0.216667	-0.5	0	1.8	2.78221e-07
-0.216667	-0.46	0	1.8	2.16312e-07
-0.216667	-0.42	0	1.8	1.67288e-07
-0.216667	-0.38	0	1.8	1.28717e-07
-0.216667	-0.34	0	1.8	9.85567e-08
-0.216667	-0.3	0	1.8	7.51117e-08
-0.216667	-0.26	0	1.8	5.69881e-08
-0.216667	-0.22	0	1.8	4.30527e-08
-0.216667	-0.18	0	1.8	3.23916e-08
-0.216667	-0.14	0	1.8	2.4275e-08
-0.216667	-0.1	0	1.8	5.3934e-06
-0.216667	-0.06	0	1.8	6.14901e-06
-0.216667	-0.02	0	1.8	6.94154e-06
-0.216667	0.02	0	1.8	7.75721e-06
-0.216667	0.06	0	1.8	8.57932e-06
-0.216667	0.1	0	1.8	9.38858e-06
-0.216667	0.14	0	1.8	1.01639e-05
-0.216667	0.18	0	1.8	1.08831e-05
-0.216667	0.22	0	1.8	1.15241e-05
-0.216667	0.26	0	1.8	1.2066e-05
-0.216667	0.3	0	1.8	1.24904e-05
-0.216667	0.34	0	1.8	1.27821e-05
-0.216667	0.38	0	1.8	1.29308e-05
-0.216667	0.42	0	1.8	1.29308e-05
-0.216667	0.46	0	1.8	1.27821e-05
-0.216667	0.5	0	1.8	1.24904e-05
-0.216667	0.54	0	1.8	1.2066e-05
-0.216667	0.58	0	1.8	1.15241e-05
-0.216667	0.62	0	1.8	1.08831e-05
-0.216667	0.66	0	1.8	1.01639e-05
-0.216667	0.7	0	1.8	9.38858e-06
-0.216667	0.74	0	1.8	8.57932e-06
-0.216667	0.78	0	1.8	7.75721e-06
-0.216667	0.82	0	1.8	6.94154e-06
-0.216667	0.86	0	1.8	6.14901e-06
-0.216667	0.9	0	1.8	5.3934e-06
-0.216667	0.94	0	1.8	4.68536e-06
-0.216667	0.98	0	1.8	4.03239e-06
-0.183333	-0.98	0	1.8	2.53559e-06
-0.183333	-0.94	0	1.8	2.15062e-06
-0.183333	-0.9	0	1.8	1.80882e-06
-0.183333	-0.86	0	1.8	1.50901e-06
-0.183333	-0.82	0	1.8	1.24904e-06
-0.183333	-0.78	0	1.8	1.02603e-06
-0.183333	-0.74	0	1.8	8.36689e-07
-0.183333	-0.7	0	1.8	6.77493e-07
-0.183333	-0.66	0	1.8	5.44874e-07
-0.183333	-0.62	0	1.8	4.3536e-07
-0.183333	-0.58	0	1.8	3.45679e-07
-0.183333	-0.54	0	1.8	2.7282e-07
-0.183333	-0.5	0	1.8	2.14072e-07
-0.183333	-0.46	0	1.8	1.67043e-07
-0.183333	-0.42	0	1.8	1.29651e-07
-0.183333	-0.38	0	1.8	1.00115e-07
-0.183333	-0.34	0	1.8	7.69281e-08
-0.183333	-0.3	0	1.8	5.88337e-08
-0.183333	-0.26	0	1.8	4.47925e-08
-0.183333	-0.22	0	1.8	3.3955e-08
-0.183333	-0.18	0	1.8	2.5633e-08
-0.183333	-0.14	0	1.8	1.92737e-08
-0.183333	-0.1	0	1.8	3.94034e-06
-0.183333	-0.06	0	1.8	4.47997e-06
-0.183333	-0.02	0	1.8	5.04426e-06
-0.183333	0.02	0	1.8	5.62338e-06
-0.183333	0.06	0	1.8	6.20552e-06
-0.183333	0.1	0	1.8	6.7772e-06
-0.183333	0.14	0	1.8	7.32369e-06
-0.183333	0.18	0	1.8	7.82967e-06
-0.183333	0.22	0	1.8	8.2799e-06
-0.183333	0.26	0	1.8	8.66002e-06
-0.183333	0.3	0	1.8	8.95736e-06
-0.183333	0.34	0	1.8	9.16164e-06
-0.183333	0.38	0	1.8	9.26564e-06
-0.183333	0.42	0	1.8	9.26564e-06
-0.183333	0.46	0	1.8	9.16164e-06
-0.183333	0.5	0	1.8	8.95736e-06
-0.183333	0.54	0	1.8	8.66002e-06
-0.183333	0.58	0	1.8	8.2799e-06
-0.183333	0.62	0	1.8	7.82967e-06
-0.183333	0.66	0	1.8	7.32369e-06
-0.183333	0.7	0	1.8	6.7772e-06
-0.183333	0.74	0	1.8	6.20552e-06
-0.183333	0.78	0	1.8	5.62338e-06
-0.183333	0.82	0	1.8	5.04426e-06
-0.183333	0.86	0	1.8	4.47997e-06
-0.183333	0.9	0	1.8	3.94034e-06
-0.183333	0.94	0	1.8	3.43304e-06
-0.183333	0.98	0	1.8	2.96362e-06
-0.15	-0.98	0	1.8	1.86729e-06
-0.15	-0.94	0	1.8	1.58881e-06
-0.15	-0.9	0	1.8	1.34065e-06
-0.15	-0.86	0	1.8	1.12218e-06
-0.15	-0.82	0	1.8	9.3201e-07
-0.15	-0.78	0	1.8	7.68257e-07
-0.15	-0.74	0	1.8	6.28682e-07
-0.15	-0.7	0	1.8	5.10866e-07
-0.15	-0.66	0	1.8	4.12328e-07
-0.15	-0.62	0	1.8	3.30634e-07
-0.15	-0.58	0	1.8	2.63467e-07
-0.15	-0.54	0	1.8	2.08681e-07
-0.15	-0.5	0	1.8	1.64331e-07
-0.15	-0.46	0	1.8	1.28686e-07
-0.15	-0.42	0	1.8	1.00234e-07
-0.15	-0.38	0	1.8	7.76713e-08
-0.15	-0.34	0	1.8	5.98908e-08
-0.15	-0.3	0	1.8	4.59619e-08
-0.15	-0.26	0	1.8	3.51122e-08
-0.15	-0.22	0	1.8	2.67067e-08
-0.15	-0.18	0	1.8	2.02283e-08
-0.15	-0.14	0	1.8	1.52599e-08
-0.15	-0.1	0	1.8	2.87639e-06
-0.15	-0.06	0	1.8	3.26164e-06
-0.15	-0.02	0	1.8	3.66332e-06
-0.15	0.02	0	1.8	4.07444e-06
-0.15	0.06	0	1.8	4.48666e-06
-0.15	0.1	0	1.8	4.89054e-06
-0.15	0.14	0	1.8	5.27583e-06
-0.15	0.18	0	1.8	5.63191e-06
-0.15	0.22	0	1.8	5.94825e-06
-0.15	0.26	0	1.8	6.215e-06
-0.15	0.3	0	1.8	6.42343e-06
-0.15	0.34	0	1.8	6.56653e-06
-0.15	0.38	0	1.8	6.63936e-06
-0.15	0.42	0	1.8	6.63936e-06
-0.15	0.46	0	1.8	6.56653e-06
-0.15	0.5	0	1.8	6.42343e-06
-0.15	0.54	0	1.8	6.215e-06
-0.15	0.58	0	1.8	5.94825e-06
-0.15	0.62	0	1.8	5.63191e-06
-0.15	0.66	0	1.8	5.27583e-06
-0.15	0.7	0	1.8	4.89054e-06
-0.15	0.74	0	1.8	4.48666e-06
-0.15	0.78	0	1.8	4.07444e-06
-0.15	0.82	0	1.8	3.66332e-06
-0.15	0.86	0	1.8	3.26164e-06
-0.15	0.9	0	1.8	2.87639e-06
-0.15	0.94	0	1.8	2.5131e-06
-0.15	0.98	0	1.8	2.17585e-06
-0.116667	-0.98	0	1.8	1.37364e-06
-0.116667	-0.94	0	1.8	1.17235e-06
-0.116667	-0.9	0	1.8	9.92362e-07
-0.116667	-0.86	0	1.8	8.33331e-07
-0.116667	-0.82	0	1.8	6.94398e-07
-0.116667	-0.78	0	1.8	5.74316e-07
-0.116667	-0.74	0	1.8	4.71577e-07
-0.116667	-0.7	0	1.8	3.84523e-07
-0.116667	-0.66	0	1.8	3.11432e-07
-0.116667	-0.62	0	1.8	2.50601e-07
-0.116667	-0.58	0	1.8	2.00391e-07
-0.116667	-0.54	0	1.8	1.59278e-07
-0.116667	-0.5	0	1.8	1.25866e-07
-0.116667	-0.46	0	1.8	9.89085e-08
-0.116667	-0.42	0	1.8	7.73078e-08
-0.116667	-0.38	0	1.8	6.01129e-08
-0.116667	-0.34	0	1.8	4.65108e-08
-0.116667	-0.3	0	1.8	3.58151e-08
-0.116667	-0.26	0	1.8	2.74527e-08
-0.116667	-0.22	0	1.8	2.09503e-08
-0.116667	-0.18	0	1.8	1.59205e-08
-0.116667	-0.14	0	1.8	1.20491e-08
-0.116667	-0.1	0	1.8	2.09811e-06
-0.116667	-0.06	0	1.8	2.37305e-06
-0.116667	-0.02	0	1.8	2.65892e-06
-0.116667	0.02	0	1.8	2.95074e-06
-0.116667	0.06	0	1.8	3.24264e-06
-0.116667	0.1	0	1.8	3.52801e-06
-0.116667	0.14	0	1.8	3.7997e-06
-0.116667	0.18	0	1.8	4.05036e-06
-0.116667	0.22	0	1.8	4.27271e-06
-0.116667	0.26	0	1.8	4.45997e-06
-0.116667	0.3	0	1.8	4.60615e-06
-0.116667	0.34	0	1.8	4.70644e-06
-0.116667	0.38	0	1.8	4.75746e-06
-0.116667	0.42	0	1.8	4.75746e-06
-0.116667	0.46	0	1.8	4.70644e-06
-0.116667	0.5	0	1.8	4.60615e-06
-0.116667	0.54	0	1.8	4.45997e-06
-0.116667	0.58	0	1.8	4.27271e-06
-0.116667	0.62	0	1.8	4.05036e-06
-0.116667	0.66	0	1.8	3.7997e-06
-0.116667	0.7	0	1.8	3.52801e-06
-0.116667	0.74	0	1.8	3.24264e-06
-0.116667	0.78	0	1.8	2.95074e-06
-0.116667	0.82	0	1.8	2.65892e-06
-0.116667	0.86	0	1.8	2.37305e-06
-0.116667	0.9	0	1.8	2.09811e-06
-0.116667	0.94	0	1.8	1.83807e-06
-0.116667	0.98	0	1.8	1.59592e-06
-0.0833333	-0.98	0	1.8	0.00505609
-0.0833333	-0.94	0	1.8	0.00367924
-0.0833333	-0.9	0	1.8	0.00265821
-0.0833333	-0.86	0	1.8	0.0019084
-0.0833333	-0.82	0	1.8	0.00136243
-0.0833333	-0.78	0	1.8	0.000967818
-0.0833333	-0.74	0	1.8	0.000684454
-0.0833333	-0.7	0	1.8	0.000482136
-0.0833333	-0.66	0	1.8	0.000338413
-0.0833333	-0.62	0	1.8	0.000236773
-0.0833333	-0.58	0	1.8	0.00016518
-0.0833333	-0.54	0	1.8	0.000114933
-0.0833333	-0.5	0	1.8	7.97813e-05
-0.0833333	-0.46	0	1.8	5.52605e-05
-0.0833333	-0.42	0	1.8	3.82006e-05
-0.0833333	-0.38	0	1.8	2.63596e-05
-0.0833333	-0.34	0	1.8	1.81588e-05
-0.0833333	-0.3	0	1.8	1.24904e-05
-0.0833333	-0.26	0	1.8	8.57932e-06
-0.0833333	-0.22	0	1.8	5.88529e-06
-0.0833333	-0.18	0	1.8	4.03239e-06
-0.0833333	-0.14	0	1.8	2.75979e-06
-0.0833333	-0.1	0	1.8	0.0124394
-0.0833333	-0.06	0	1.8	0.0164271
-0.0833333	-0.02	0	1.8	0.0214014
-0.0833333	0.02	0	1.8	0.0274586
-0.0833333	0.06	0	1.8	0.0346297
-0.0833333	0.1	0	1.8	0.0428439
-0.0833333	0.14	0	1.8	0.0518953
-0.0833333	0.18	0	1.8	0.0614201
-0.0833333	0.22	0	1.8	0.0708988
-0.0833333	0.26	0	1.8	0.0796896
-0.0833333	0.3	0	1.8	0.0870978
-0.0833333	0.34	0	1.8	0.0924699
-0.0833333	0.38	0	1.8	0.0952959
-0.0833333	0.42	0	1.8	0.0952959
-0.0833333	0.46	0	1.8	0.0924699
-0.0833333	0.5	0	1.8	0.0870978
-0.0833333	0.54	0	1.8	0.0796896
-0.0833333	0.58	0	1.8	0.0708988
-0.0833333	0.62	0	1.8	0.0614201
-0.0833333	0.66	0	1.8	0.0518953
-0.0833333	0.7	0	1.8	0.0428439
-0.0833333	0.74	0	1.8	0.0346297
-0.0833333	0.78	0	1.8	0.0274586
-0.0833333	0.82	0	1.8	0.0214014
-0.0833333	0.86	0	1.8	0.0164271
-0.0833333	0.9	0	1.8	0.0124394
-0.0833333	0.94	0	1.8	0.00930788
-0.0833333	0.98	0	1.8	0.0068919
-0.05	-0.98	0	1.8	0.00617177
-0.05	-0.94	0	1.8	0.00445667
-0.05	-0.9	0	1.8	0.00319641
-0.05	-0.86	0	1.8	0.00227893
-0.05	-0.82	0	1.8	0.00161632
-0.05	-0.78	0	1.8	0.00114109
-0.05	-0.74	0	1.8	0.000802294
-0.05	-0.7	0	1.8	0.000562041
-0.05	-0.66	0	1.8	0.000392456
-0.05	-0.62	0	1.8	0.000273244
-0.05	-0.58	0	1.8	0.000189745
-0.05	-0.54	0	1.8	0.000131451
-0.05	-0.5	0	1.8	9.0872e-05
-0.05	-0.46	0	1.8	6.26976e-05
-0.05	-0.42	0	1.8	4.31821e-05
-0.05	-0.38	0	1.8	2.9693e-05
-0.05	-0.34	0	1.8	2.03875e-05
-0.05	-0.3	0	1.8	1.39792e-05
-0.05	-0.26	0	1.8	9.57327e-06
-0.05	-0.22	0	1.8	6.54846e-06
-0.05	-0.18	0	1.8	4.47463e-06
-0.05	-0.14	0	1.8	3.05456e-06
-0.05	-0.1	0	1.8	0.0155699
-0.05	-0.06	0	1.8	0.0207434
-0.05	-0.02	0	1.8	0.027266
-0.05	0.02	0	1.8	0.0352923
-0.05	0.06	0	1.8	0.0448911
-0.05	0.1	0	1.8	0.0559908
-0.05	0.14	0	1.8	0.068327
-0.05	0.18	0	1.8	0.0814055
-0.05	0.22	0	1.8	0.0945012
-0.05	0.26	0	1.8	0.106706
-0.05	0.3	0	1.8	0.117028
-0.05	0.34	0	1.8	0.124531
-0.05	0.38	0	1.8	0.128484
-0.05	0.42	0	1.8	0.128484
-0.05	0.46	0	1.8	0.124531
-0.05	0.5	0	1.8	0.117028
-0.05	0.54	0	1.8	0.106706
-0.05	0.58	0	1.8	0.0945012
-0.05	0.62	0	1.8	0.0814055
-0.05	0.66	0	1.8	0.068327
-0.05	0.7	0	1.8	0.0559908
-0.05	0.74	0	1.8	0.0448911
-0.05	0.78	0	1.8	0.0352923
-0.05	0.82	0	1.8	0.027266
-0.05	0.86	0	1.8	0.0207434
-0.05	0.9	0	1.8	0.0155699
-0.05	0.94	0	1.8	0.01155
-0.05	0.98	0	1.8	0.00848072
-0.0166667	-0.98	0	1.8	0.00746117
-0.0166667	-0.94	0	1.8	0.00534678
-0.0166667	-0.9	0	1.8	0.00380718
-0.0166667	-0.86	0	1.8	0.00269591
-0.0166667	-0.82	0	1.8	0.0018998
-0.0166667	-0.78	0	1.8	0.00133313
-0.0166667	-0.74	0	1.8	0.000931998
-0.0166667	-0.7	0	1.8	0.000649422
-0.0166667	-0.66	0	1.8	0.000451198
-0.0166667	-0.62	0	1.8	0.00031266
-0.0166667	-0.58	0	1.8	0.000216152
-0.0166667	-0.54	0	1.8	0.000149119
-0.0166667	-0.5	0	1.8	0.000102679
-0.0166667	-0.46	0	1.8	7.05798e-05
-0.0166667	-0.42	0	1.8	4.84397e-05
-0.0166667	-0.38	0	1.8	3.31973e-05
-0.0166667	-0.34	0	1.8	2.27216e-05
-0.0166667	-0.3	0	1.8	1.55331e-05
-0.0166667	-0.26	0	1.8	1.06072e-05
-0.0166667	-0.22	0	1.8	7.23612e-06
-0.0166667	-0.18	0	1.8	4.93183e-06
-0.0166667	-0.14	0	1.8	3.35844e-06
-0.0166667	-0.1	0	1.8	0.0193
-0.0166667	-0.06	0	1.8	0.0259414
-0.0166667	-0.02	0	1.8	0.0344036
-0.0166667	0.02	0	1.8	0.044925
-0.0166667	0.06	0	1.8	0.0576321
-0.0166667	0.1	0	1.8	0.0724595
-0.0166667	0.14	0	1.8	0.0890699
-0.0166667	0.18	0	1.8	0.106797
-0.0166667	0.22	0	1.8	0.124639
-0.0166667	0.26	0	1.8	0.141331
-0.0166667	0.3	0	1.8	0.155483
-0.0166667	0.34	0	1.8	0.165786
-0.0166667	0.38	0	1.8	0.171217
-0.0166667	0.42	0	1.8	0.171217
-0.0166667	0.46	0	1.8	0.165786
-0.0166667	0.5	0	1.8	0.155483
-0.0166667	0.54	0	1.8	0.141331
-0.0166667	0.58	0	1.8	0.124639
-0.0166667	0.62	0	1.8	0.106797
-0.0166667	0.66	0	1.8	0.0890699
-0.0166667	0.7	0	1.8	0.0724595
-0.0166667	0.74	0	1.8	0.0576321
-0.0166667	0.78	0	1.8	0.044925
-0.0166667	0.82	0	1.8	0.0344036
-0.0166667	0.86	0	1.8	0.0259414
-0.0166667	0.9	0	1.8	0.0193
-0.0166667	0.94	0	1.8	0.0141938
-0.0166667	0.98	0	1.8	0.0103351
0.0166667	-0.98	0	1.8	0.00892649
0.0166667	-0.94	0	1.8	0.00634902
0.0166667	-0.9	0	1.8	0.0044889
0.0166667	-0.86	0	1.8	0.00315753
0.0166667	-0.82	0	1.8	0.00221122
0.0166667	-0.78	0	1.8	0.00154258
0.0166667	-0.74	0	1.8	0.00107251
0.0166667	-0.7	0	1.8	0.000743493
0.0166667	-0.66	0	1.8	0.000514066
0.0166667	-0.62	0	1.8	0.000354614
0.0166667	-0.58	0	1.8	0.000244115
0.0166667	-0.54	0	1.8	0.000167738
0.0166667	-0.5	0	1.8	0.000115065
0.0166667	-0.46	0	1.8	7.88139e-05
0.0166667	-0.42	0	1.8	5.39101e-05
0.0166667	-0.38	0	1.8	3.68298e-05
0.0166667	-0.34	0	1.8	2.51326e-05
0.0166667	-0.3	0	1.8	1.71328e-05
0.0166667	-0.26	0	1.8	1.16682e-05
0.0166667	-0.22	0	1.8	7.93972e-06
0.0166667	-0.18	0	1.8	5.3983e-06
0.0166667	-0.14	0	1.8	3.66764e-06
0.0166667	-0.1	0	1.8	0.0236692
0.0166667	-0.06	0	1.8	0.0320943
0.0166667	-0.02	0	1.8	0.0429405
0.0166667	0.02	0	1.8	0.0565613
0.0166667	0.06	0	1.8	0.0731656
0.0166667	0.1	0	1.8	0.0927018
0.0166667	0.14	0	1.8	0.114739
0.0166667	0.18	0	1.8	0.138384
0.0166667	0.22	0	1.8	0.16227
0.0166667	0.26	0	1.8	0.184664
0.0166667	0.3	0	1.8	0.203669
0.0166667	0.34	0	1.8	0.217508
0.0166667	0.38	0	1.8	0.224802
0.0166667	0.42	0	1.8	0.224802
0.0166667	0.46	0	1.8	0.217508
0.0166667	0.5	0	1.8	0.203669
0.0166667	0.54	0	1.8	0.184664
0.0166667	0.58	0	1.8	0.16227
0.0166667	0.62	0	1.8	0.138384
0.0166667	0.66	0	1.8	0.114739
0.0166667	0.7	0	1.8	0.0927018
0.0166667	0.74	0	1.8	0.0731656
0.0166667	0.78	0	1.8	0.0565613
0.0166667	0.82	0	1.8	0.0429405
0.0166667	0.86	0	1.8	0.0320943
0.0166667	0.9	0	1.8	0.0236692
0.0166667	0.94	0	1.8	0.0172584
0.0166667	0.98	0	1.8	0.012463
0.05	-0.98	0	1.8	0.0105608
0.05	-0.94	0	1.8	0.00745676
0.05	-0.9	0	1.8	0.00523599
0.05	-0.86	0	1.8	0.00365938
0.05	-0.82	0	1.8	0.00254726
0.05	-0.78	0	1.8	0.00176702
0.05	-0.74	0	1.8	0.00122211
0.05	-0.7	0	1.8	0.000843042
0.05	-0.66	0	1.8	0.000580222
0.05	-0.62	0	1.8	0.00039853
0.05	-0.58	0	1.8	0.000273244
0.05	-0.54	0	1.8	0.000187044
0.05	-0.5	0	1.8	0.000127854
0.05	-0.46	0	1.8	8.72813e-05
0.05	-0.42	0	1.8	5.95144e-05
0.05	-0.38	0	1.8	4.0538e-05
0.05	-0.34	0	1.8	2.75856e-05
0.05	-0.3	0	1.8	1.87552e-05
0.05	-0.26	0	1.8	1.27412e-05
0.05	-0.22	0	1.8	8.64921e-06
0.05	-0.18	0	1.8	5.86743e-06
0.05	-0.14	0	1.8	3.97783e-06
0.05	-0.1	0	1.8	0.0286885
0.05	-0.06	0	1.8	0.0392352
0.05	-0.02	0	1.8	0.0529475
0.05	0.02	0	1.8	0.0703304
0.05	0.06	0	1.8	0.0917019
0.05	0.1	0	1.8	0.117028
0.05	0.14	0	1.8	0.145754
0.05	0.18	0	1.8	0.176685
0.05	0.22	0	1.8	0.207984
0.05	0.26	0	1.8	0.237326
0.05	0.3	0	1.8	0.2622
0.05	0.34	0	1.8	0.280284
0.05	0.38	0	1.8	0.289804
0.05	0.42	0	1.8	0.289804
0.05	0.46	0	1.8	0.280284
0.05	0.5	0	1.8	0.2622
0.05	0.54	0	1.8	0.237326
0.05	0.58	0	1.8	0.207984
0.05	0.62	0	1.8	0.176685
0.05	0.66	0	1.8	0.145754
0.05	0.7	0	1.8	0.117028
0.05	0.74	0	1.8	0.0917019
0.05	0.78	0	1.8	0.0703304
0.05	0.82	0	1.8	0.0529475
0.05	0.86	0	1.8	0.0392352
0.05	0.9	0	1.8	0.0286885
0.05	0.94	0	1.8	0.0207434
0.05	0.98	0	1.8	0.0148589
0.0833333	-0.98	0	1.8	0.0123455
0.0833333	-0.94	0	1.8	0.00865594
0.0833333	-0.9	0	1.8	0.00603814
0.0833333	-0.86	0	1.8	0.00419409
0.0833333	-0.82	0	1.8	0.00290275
0.0833333	-0.78	0	1.8	0.00200287
0.0833333	-0.74	0	1.8	0.00137835
0.0833333	-0.7	0	1.8	0.000946411
0.0833333	-0.66	0	1.8	0.00064855
0.0833333	-0.62	0	1.8	0.000443665
0.0833333	-0.58	0	1.8	0.000303041
0.0833333	-0.54	0	1.8	0.000206708
0.0833333	-0.5	0	1.8	0.000140827
0.0833333	-0.46	0	1.8	9.58389e-05
0.0833333	-0.42	0	1.8	6.51584e-05
0.0833333	-0.38	0	1.8	4.42601e-05
0.0833333	-0.34	0	1.8	3.00402e-05
0.0833333	-0.3	0	1.8	2.03739e-05
0.0833333	-0.26	0	1.8	1.38087e-05
0.0833333	-0.22	0	1.8	9.35328e-06
0.0833333	-0.18	0	1.8	6.33182e-06
0.0833333	-0.14	0	1.8	4.28417e-06
0.0833333	-0.1	0	1.8	0.0343286
0.0833333	-0.06	0	1.8	0.0473379
0.0833333	-0.02	0	1.8	0.0644094
0.0833333	0.02	0	1.8	0.0862373
0.0833333	0.06	0	1.8	0.113273
0.0833333	0.1	0	1.8	0.145497
0.0833333	0.14	0	1.8	0.182181
0.0833333	0.18	0	1.8	0.221732
0.0833333	0.22	0	1.8	0.261716
0.0833333	0.26	0	1.8	0.2991
0.0833333	0.3	0	1.8	0.330676
0.0833333	0.34	0	1.8	0.353551
0.0833333	0.38	0	1.8	0.365562
0.0833333	0.42	0	1.8	0.365562
0.0833333	0.46	0	1.8	0.353551
0.0833333	0.5	0	1.8	0.330676
0.0833333	0.54	0	1.8	0.2991
0.0833333	0.58	0	1.8	0.261716
0.0833333	0.62	0	1.8	0.221732
0.0833333	0.66	0	1.8	0.182181
0.0833333	0.7	0	1.8	0.145497
0.0833333	0.74	0	1.8	0.113273
0.0833333	0.78	0	1.8	0.0862373
0.0833333	0.82	0	1.8	0.0644094
0.0833333	0.86	0	1.8	0.0473379
0.0833333	0.9	0	1.8	0.0343286
0.0833333	0.94	0	1.8	0.0246214
0.0833333	0.98	0	1.8	0.0174996
0.116667	-0.98	0	1.8	0.0142486
0.116667	-0.94	0	1.8	0.00992412
0.116667	-0.9	0	1.8	0.00687982
0.116667	-0.86	0	1.8	0.00475107
0.116667	-0.82	0	1.8	0.00327055
0.116667	-0.78	0	1.8	0.00224536
0.116667	-0.74	0	1.8	0.00153805
0.116667	-0.7	0	1.8	0.0010515
0.116667	-0.66	0	1.8	0.000717669
0.116667	-0.62	0	1.8	0.00048911
0.116667	-0.58	0	1.8	0.000332914
0.116667	-0.54	0	1.8	0.000226344
0.116667	-0.5	0	1.8	0.000153733
0.116667	-0.46	0	1.8	0.000104322
0.116667	-0.42	0	1.8	7.07351e-05
0.116667	-0.38	0	1.8	4.79265e-05
0.116667	-0.34	0	1.8	3.24512e-05
0.116667	-0.3	0	1.8	2.19595e-05
0.116667	-0.26	0	1.8	1.48518e-05
0.116667	-0.22	0	1.8	1.00395e-05
0.116667	-0.18	0	1.8	6.78344e-06
0.116667	-0.14	0	1.8	4.58144e-06
0.116667	-0.1	0	1.8	0.0405085
0.116667	-0.06	0	1.8	0.0562972
0.116667	-0.02	0	1.8	0.0771922
0.116667	0.02	0	1.8	0.104112
0.116667	0.06	0	1.8	0.137658
0.116667	0.1	0	1.8	0.177802
0.116667	0.14	0	1.8	0.223569
0.116667	0.18	0	1.8	0.27285
0.116667	0.22	0	1.8	0.322481
0.116667	0.26	0	1.8	0.368625
0.116667	0.3	0	1.8	0.407355
0.116667	0.34	0	1.8	0.435251
0.116667	0.38	0	1.8	0.44984
0.116667	0.42	0	1.8	0.44984
0.116667	0.46	0	1.8	0.435251
0.116667	0.5	0	1.8	0.407355
0.116667	0.54	0	1.8	0.368625
0.116667	0.58	0	1.8	0.322481
0.116667	0.62	0	1.8	0.27285
0.116667	0.66	0	1.8	0.223569
0.116667	0.7	0	1.8	0.177802
0.116667	0.74	0	1.8	0.137658
0.116667	0.78	0	1.8	0.104112
0.116667	0.82	0	1.8	0.0771922
0.116667	0.86	0	1.8	0.0562972
0.116667	0.9	0	1.8	0.0405085
0.116667	0.94	0	1.8	0.0288313
0.116667	0.98	0	1.8	0.0203404
0.15	-0.98	0	1.8	0.0162238
0.15	-0.94	0	1.8	0.01123
0.15	-0.9	0	1.8	0.00774023
0.15	-0.86	0	1.8	0.00531658
0.15	-0.82	0	1.8	0.00364161
0.15	-0.78	0	1.8	0.00248858
0.15	-0.74	0	1.8	0.00169736
0.15	-0.7	0	1.8	0.00115581
0.15	-0.66	0	1.8	0.00078596
0.15	-0.62	0	1.8	0.000533818
0.15	-0.58	0	1.8	0.000362187
0.15	-0.54	0	1.8	0.000245513
0.15	-0.5	0	1.8	0.00016629
0.15	-0.46	0	1.8	0.000112549
0.15	-0.42	0	1.8	7.61273e-05
0.15	-0.38	0	1.8	5.14618e-05
0.15	-0.34	0	1.8	3.47697e-05
0.15	-0.3	0	1.8	2.34806e-05
0.15	-0.26	0	1.8	1.585e-05
0.15	-0.22	0	1.8	1.06949e-05
0.15	-0.18	0	1.8	7.21385e-06
0.15	-0.14	0	1.8	4.86419e-06
0.15	-0.1	0	1.8	0.0470865
0.15	-0.06	0	1.8	0.0659134
0.15	-0.02	0	1.8	0.0910168
0.15	0.02	0	1.8	0.123565
0.15	0.06	0	1.8	0.164311
0.15	0.1	0	1.8	0.213175
0.15	0.14	0	1.8	0.268836
0.15	0.18	0	1.8	0.328532
0.15	0.22	0	1.8	0.38825
0.15	0.26	0	1.8	0.443303
0.15	0.3	0	1.8	0.489105
0.15	0.34	0	1.8	0.521846
0.15	0.38	0	1.8	0.538882
0.15	0.42	0	1.8	0.538882
0.15	0.46	0	1.8	0.521846
0.15	0.5	0	1.8	0.489105
0.15	0.54	0	1.8	0.443303
0.15	0.58	0	1.8	0.38825
0.15	0.62	0	1.8	0.328532
0.15	0.66	0	1.8	0.268836
0.15	0.7	0	1.8	0.213175
0.15	0.74	0	1.8	0.164311
0.15	0.78	0	1.8	0.123565
0.15	0.82	0	1.8	0.0910168
0.15	0.86	0	1.8	0.0659134
0.15	0.9	0	1.8	0.0470865
0.15	0.94	0	1.8	0.0332742
0.15	0.98	0	1.8	0.023313
0.183333	-0.98	0	1.8	0.0182104
0.183333	-0.94	0	1.8	0.0125341
0.183333	-0.9	0	1.8	0.00859364
0.183333	-0.86	0	1.8	0.00587397
0.183333	-0.82	0	1.8	0.00400523
0.183333	-0.78	0	1.8	0.00272565
0.183333	-0.74	0	1.8	0.00185187
0.183333	-0.7	0	1.8	0.00125653
0.183333	-0.66	0	1.8	0.000851619
0.183333	-0.62	0	1.8	0.000576637
0.183333	-0.58	0	1.8	0.000390122
0.183333	-0.54	0	1.8	0.000263746
0.183333	-0.5	0	1.8	0.000178196
0.183333	-0.46	0	1.8	0.000120328
0.183333	-0.42	0	1.8	8.12115e-05
0.183333	-0.38	0	1.8	5.47867e-05
0.183333	-0.34	0	1.8	3.69452e-05
0.183333	-0.3	0	1.8	2.49047e-05
0.183333	-0.26	0	1.8	1.67827e-05
0.183333	-0.22	0	1.8	1.1306e-05
0.183333	-0.18	0	1.8	7.61444e-06
0.183333	-0.14	0	1.8	5.12691e-06
0.183333	-0.1	0	1.8	0.0538569
0.183333	-0.06	0	1.8	0.0758843
0.183333	-0.02	0	1.8	0.105445
0.183333	0.02	0	1.8	0.143967
0.183333	0.06	0	1.8	0.192338
0.183333	0.1	0	1.8	0.25036
0.183333	0.14	0	1.8	0.316248
0.183333	0.18	0	1.8	0.386458
0.183333	0.22	0	1.8	0.456047
0.183333	0.26	0	1.8	0.519515
0.183333	0.3	0	1.8	0.571767
0.183333	0.34	0	1.8	0.6088
0.183333	0.38	0	1.8	0.627965
0.183333	0.42	0	1.8	0.627965
0.183333	0.46	0	1.8	0.6088
0.183333	0.5	0	1.8	0.571767
0.183333	0.54	0	1.8	0.519515
0.183333	0.58	0	1.8	0.456047
0.183333	0.62	0	1.8	0.386458
0.183333	0.66	0	1.8	0.316248
0.183333	0.7	0	1.8	0.25036
0.183333	0.74	0	1.8	0.192338
0.183333	0.78	0	1.8	0.143967
0.183333	0.82	0	1.8	0.105445
0.183333	0.86	0	1.8	0.0758843
0.183333	0.9	0	1.8	0.0538569
0.183333	0.94	0	1.8	0.0378117
0.183333	0.98	0	1.8	0.0263254
0.216667	-0.98	0	1.8	0.0201355
0.216667	-0.94	0	1.8	0.0137897
0.216667	-0.9	0	1.8	0.00941037
0.216667	-0.86	0	1.8	0.00640442
0.216667	-0.82	0	1.8	0.00434949
0.216667	-0.78	0	1.8	0.00294901
0.216667	-0.74	0	1.8	0.00199682
0.216667	-0.7	0	1.8	0.00135062
0.216667	-0.66	0	1.8	0.000912732
0.216667	-0.62	0	1.8	0.000616353
0.216667	-0.58	0	1.8	0.00041595
0.216667	-0.54	0	1.8	0.000280554
0.216667	-0.5	0	1.8	0.000189141
0.216667	-0.46	0	1.8	0.00012746
0.216667	-0.42	0	1.8	8.58628e-05
0.216667	-0.38	0	1.8	5.78218e-05
0.216667	-0.34	0	1.8	3.89269e-05
0.216667	-0.3	0	1.8	2.61995e-05
0.216667	-0.26	0	1.8	1.76291e-05
0.216667	-0.22	0	1.8	1.18597e-05
0.216667	-0.18	0	1.8	7.97677e-06
0.216667	-0.14	0	1.8	5.36416e-06
0.216667	-0.1	0	1.8	0.0605544
0.216667	-0.06	0	1.8	0.0858106
0.216667	-0.02	0	1.8	0.119884
0.216667	0.02	0	1.8	0.164458
0.216667	0.06	0	1.8	0.220516
0.216667	0.1	0	1.8	0.28766
0.216667	0.14	0	1.8	0.363533
0.216667	0.18	0	1.8	0.443709
0.216667	0.22	0	1.8	0.522313
0.216667	0.26	0	1.8	0.593158
0.216667	0.3	0	1.8	0.650862
0.216667	0.34	0	1.8	0.691441
0.216667	0.38	0	1.8	0.712352
0.216667	0.42	0	1.8	0.712352
0.216667	0.46	0	1.8	0.691441
0.216667	0.5	0	1.8	0.650862
0.216667	0.54	0	1.8	0.593158
0.216667	0.58	0	1.8	0.522313
0.216667	0.62	0	1.8	0.443709
0.216667	0.66	0	1.8	0.363533
0.216667	0.7	0	1.8	0.28766
0.216667	0.74	0	1.8	0.220516
0.216667	0.78	0	1.8	0.164458
0.216667	0.82	0	1.8	0.119884
0.216667	0.86	0	1.8	0.0858106
0.216667	0.9	0	1.8	0.0605544
0.216667	0.94	0	1.8	0.0422697
0.216667	0.98	0	1.8	0.0292645
0.25	-0.98	0	1.8	0.021918
0.25	-0.94	0	1.8	0.0149458
0.25	-0.9	0	1.8	0.0101584
0.25	-0.86	0	1.8	0.00688788
0.25	-0.82	0	1.8	0.00466182
0.25	-0.78	0	1.8	0.00315082
0.25	-0.74	0	1.8	0.00212728
0.25	-0.7	0	1.8	0.00143501
0.25	-0.66	0	1.8	0.000967366
0.25	-0.62	0	1.8	0.000651754
0.25	-0.58	0	1.8	0.000438908
0.25	-0.54	0	1.8	0.000295456
0.25	-0.5	0	1.8	0.000198823
0.25	-0.46	0	1.8	0.000133756
0.25	-0.42	0	1.8	8.99596e-05
0.25	-0.38	0	1.8	6.04899e-05
0.25	-0.34	0	1.8	4.06659e-05
0.25	-0.3	0	1.8	2.73338e-05
0.25	-0.26	0	1.8	1.83695e-05
0.25	-0.22	0	1.8	1.23432e-05
0.25	-0.18	0	1.8	8.29279e-06
0.25	-0.14	0	1.8	5.57082e-06
0.25	-0.1	0	1.8	0.066867
0.25	-0.06	0	1.8	0.0952161
0.25	-0.02	0	1.8	0.133623
0.25	0.02	0	1.8	0.183998
0.25	0.06	0	1.8	0.247375
0.25	0.1	0	1.8	0.323081
0.25	0.14	0	1.8	0.408107
0.25	0.18	0	1.8	0.497124
0.25	0.22	0	1.8	0.583407
0.25	0.26	0	1.8	0.660293
0.25	0.3	0	1.8	0.72237
0.25	0.34	0	1.8	0.765839
0.25	0.38	0	1.8	0.788235
0.25	0.42	0	1.8	0.788235
0.25	0.46	0	1.8	0.765839
0.25	0.5	0	1.8	0.72237
0.25	0.54	0	1.8	0.660293
0.25	0.58	0	1.8	0.583407
0.25	0.62	0	1.8	0.497124
0.25	0.66	0	1.8	0.408107
0.25	0.7	0	1.8	0.323081
0.25	0.74	0	1.8	0.247375
0.25	0.78	0	1.8	0.183998
0.25	0.82	0	1.8	0.133623
0.25	0.86	0	1.8	0.0952161
0.25	0.9	0	1.8	0.066867
0.25	0.94	0	1.8	0.0464469
0.25	0.98	0	1.8	0.032002
0.283333	-0.98	0	1.8	0.0234742
0.283333	-0.94	0	1.8	0.0159502
0.283333	-0.9	0	1.8	0.0108055
0.283333	-0.86	0	1.8	0.00730435
0.283333	-0.82	0	1.8	0.00492986
0.283333	-0.78	0	1.8	0.00332341
0.283333	-0.74	0	1.8	0.00223849
0.283333	-0.7	0	1.8	0.00150674
0.283333	-0.66	0	1.8	0.00101368
0.283333	-0.62	0	1.8	0.000681687
0.283333	-0.58	0	1.8	0.000458276
0.283333	-0.54	0	1.8	0.000308002
0.283333	-0.5	0	1.8	0.000206957
0.283333	-0.46	0	1.8	0.000139036
0.283333	-0.42	0	1.8	9.33896e-05
0.283333	-0.38	0	1.8	6.27204e-05
0.283333	-0.34	0	1.8	4.21175e-05
0.283333	-0.3	0	1.8	2.82793e-05
0.283333	-0.26	0	1.8	1.89858e-05
0.283333	-0.22	0	1.8	1.27453e-05
0.283333	-0.18	0	1.8	8.55526e-06
0.283333	-0.14	0	1.8	5.74228e-06
0.283333	-0.1	0	1.8	0.0724595
0.283333	-0.06	0	1.8	0.103584
0.283333	-0.02	0	1.8	0.145883
0.283333	0.02	0	1.8	0.201457
0.283333	0.06	0	1.8	0.271337
0.283333	0.1	0	1.8	0.354537
0.283333	0.14	0	1.8	0.447379
0.283333	0.18	0	1.8	0.543693
0.283333	0.22	0	1.8	0.636076
0.283333	0.26	0	1.8	0.717644
0.283333	0.3	0	1.8	0.783217
0.283333	0.34	0	1.8	0.829309
0.283333	0.38	0	1.8	0.853297
0.283333	0.42	0	1.8	0.853297
0.283333	0.46	0	1.8	0.829309
0.283333	0.5	0	1.8	0.783217
0.283333	0.54	0	1.8	0.717644
0.283333	0.58	0	1.8	0.636076
0.283333	0.62	0	1.8	0.543693
0.283333	0.66	0	1.8	0.447379
0.283333	0.7	0	1.8	0.354537
0.283333	0.74	0	1.8	0.271337
0.283333	0.78	0	1.8	0.201457
0.283333	0.82	0	1.8	0.145883
0.283333	0.86	0	1.8	0.103584
0.283333	0.9	0	1.8	0.0724595
0.283333	0.94	0	1.8	0.05013
0.283333	0.98	0	1.8	0.0344036
0.316667	-0.98	0	1.8	0.0247241
0.316667	-0.94	0	1.8	0.016754
0.316667	-0.9	0	1.8	0.0113214
0.316667	-0.86	0	1.8	0.00763536
0.316667	-0.82	0	1.8	0.00514226
0.316667	-0.78	0	1.8	0.00345979
0.316667	-0.74	0	1.8	0.00232615
0.316667	-0.7	0	1.8	0.00156315
0.316667	-0.66	0	1.8	0.00105002
0.316667	-0.62	0	1.8	0.000705129
0.316667	-0.58	0	1.8	0.000473418
0.316667	-0.54	0	1.8	0.000317793
0.316667	-0.5	0	1.8	0.000213296
0.316667	-0.46	0	1.8	0.000143144
0.316667	-0.42	0	1.8	9.60552e-05
0.316667	-0.38	0	1.8	6.44515e-05
0.316667	-0.34	0	1.8	4.32429e-05
0.316667	-0.3	0	1.8	2.90115e-05
0.316667	-0.26	0	1.8	1.94626e-05
0.316667	-0.22	0	1.8	1.3056e-05
0.316667	-0.18	0	1.8	8.75794e-06
0.316667	-0.14	0	1.8	5.87456e-06
0.316667	-0.1	0	1.8	0.0770038
0.316667	-0.06	0	1.8	0.110405
0.316667	-0.02	0	1.8	0.155898
0.316667	0.02	0	1.8	0.215724
0.316667	0.06	0	1.8	0.290882
0.316667	0.1	0	1.8	0.380072
0.316667	0.14	0	1.8	0.47902
0.316667	0.18	0	1.8	0.580861
0.316667	0.22	0	1.8	0.67773
0.316667	0.26	0	1.8	0.762764
0.316667	0.3	0	1.8	0.83128
0.316667	0.34	0	1.8	0.880313
0.316667	0.38	0	1.8	0.906726
0.316667	0.42	0	1.8	0.906726
0.316667	0.46	0	1.8	0.880313
0.316667	0.5	0	1.8	0.83128
0.316667	0.54	0	1.8	0.762764
0.316667	0.58	0	1.8	0.67773
0.316667	0.62	0	1.8	0.580861
0.316667	0.66	0	1.8	0.47902
0.316667	0.7	0	1.8	0.380072
0.316667	0.74	0	1.8	0.290882
0.316667	0.78	0	1.8	0.215724
0.316667	0.82	0	1.8	0.155898
0.316667	0.86	0	1.8	0.110405
0.316667	0.9	0	1.8	0.0770038
0.316667	0.94	0	1.8	0.0531116
0.316667	0.98	0	1.8	0.0363402
0.35	-0.98	0	1.8	0.0255995
0.35	-0.94	0	1.8	0.0173155
0.35	-0.9	0	1.8	0.0116809
0.35	-0.86	0	1.8	0.00786543
0.35	-0.82	0	1.8	0.00528956
0.35	-0.78	0	1.8	0.00355418
0.35	-0.74	0	1.8	0.00238671
0.35	-0.7	0	1.8	0.00160205
0.35	-0.66	0	1.8	0.00107505
0.35	-0.62	0	1.8	0.000721251
0.35	-0.58	0	1.8	0.000483816
0.35	-0.54	0	1.8	0.000324509
0.35	-0.5	0	1.8	0.00021764
0.35	-0.46	0	1.8	0.000145956
0.35	-0.42	0	1.8	9.7878e-05
0.35	-0.38	0	1.8	6.56343e-05
0.35	-0.34	0	1.8	4.40111e-05
0.35	-0.3	0	1.8	2.95109e-05
0.35	-0.26	0	1.8	1.97876e-05
0.35	-0.22	0	1.8	1.32677e-05
0.35	-0.18	0	1.8	8.89591e-06
0.35	-0.14	0	1.8	5.96456e-06
0.35	-0.1	0	1.8	0.0802132
0.35	-0.06	0	1.8	0.115233
0.35	-0.02	0	1.8	0.162996
0.35	0.02	0	1.8	0.225836
0.35	0.06	0	1.8	0.304709
0.35	0.1	0	1.8	0.398063
0.35	0.14	0	1.8	0.501175
0.35	0.18	0	1.8	0.606697
0.35	0.22	0	1.8	0.706502
0.35	0.26	0	1.8	0.793908
0.35	0.3	0	1.8	0.864918
0.35	0.34	0	1.8	0.917605
0.35	0.38	0	1.8	0.948657
0.35	0.42	0	1.8	0.948657
0.35	0.46	0	1.8	0.917605
0.35	0.5	0	1.8	0.864918
0.35	0.54	0	1.8	0.793908
0.35	0.58	0	1.8	0.706502
0.35	0.62	0	1.8	0.606697
0.35	0.66	0	1.8	0.501175
0.35	0.7	0	1.8	0.398063
0.35	0.74	0	1.8	0.304709
0.35	0.78	0	1.8	0.225836
0.35	0.82	0	1.8	0.162996
0.35	0.86	0	1.8	0.115233
0.35	0.9	0	1.8	0.0802132
0.35	0.94	0	1.8	0.0552117
0.35	0.98	0	1.8	0.0377004
0.383333	-0.98	0	1.8	0.0260505
0.383333	-0.94	0	1.8	0.0176042
0.383333	-0.9	0	1.8	0.0118655
0.383333	-0.86	0	1.8	0.00798339
0.383333	-0.82	0	1.8	0.00536499
0.383333	-0.78	0	1.8	0.00360246
0.383333	-0.74	0	1.8	0.00241764
0.383333	-0.7	0	1.8	0.00162191
0.383333	-0.66	0	1.8	0.0010878
0.383333	-0.62	0	1.8	0.000729463
0.383333	-0.58	0	1.8	0.00048911
0.383333	-0.54	0	1.8	0.000327926
0.383333	-0.5	0	1.8	0.000219848
0.383333	-0.46	0	1.8	0.000147385
0.383333	-0.42	0	1.8	9.88034e-05
0.383333	-0.38	0	1.8	6.62344e-05
0.383333	-0.34	0	1.8	4.44008e-05
0.383333	-0.3	0	1.8	2.97641e-05
0.383333	-0.26	0	1.8	1.99523e-05
0.383333	-0.22	0	1.8	1.33749e-05
0.383333	-0.18	0	1.8	8.96577e-06
0.383333	-0.14	0	1.8	6.01011e-06
0.383333	-0.1	0	1.8	0.0818746
0.383333	-0.06	0	1.8	0.117735
0.383333	-0.02	0	1.8	0.166678
0.383333	0.02	0	1.8	0.23108
0.383333	0.06	0	1.8	0.31187
0.383333	0.1	0	1.8	0.407355
0.383333	0.14	0	1.8	0.512573
0.383333	0.18	0	1.8	0.619927
0.383333	0.22	0	1.8	0.721186
0.383333	0.26	0	1.8	0.809836
0.383333	0.3	0	1.8	0.882449
0.383333	0.34	0	1.8	0.938491
0.383333	0.38	0	1.8	0.977939
0.383333	0.42	0	1.8	0.977939
0.383333	0.46	0	1.8	0.938491
0.383333	0.5	0	1.8	0.882449
0.383333	0.54	0	1.8	0.809836
0.383333	0.58	0	1.8	0.721186
0.383333	0.62	0	1.8	0.619927
0.383333	0.66	0	1.8	0.512573
0.383333	0.7	0	1.8	0.407355
0.383333	0.74	0	1.8	0.31187
0.383333	0.78	0	1.8	0.23108
0.383333	0.82	0	1.8	0.166678
0.383333	0.86	0	1.8	0.117735
0.383333	0.9	0	1.8	0.0818746
0.383333	0.94	0	1.8	0.0562972
0.383333	0.98	0	1.8	0.0384023
0.416667	-0.98	0	1.8	0.0260505
0.416667	-0.94	0	1.8	0.0176042
0.416667	-0.9	0	1.8	0.0118655
0.416667	-0.86	0	1.8	0.00798339
0.416667	-0.82	0	1.8	0.00536499
0.416667	-0.78	0	1.8	0.00360246
0.416667	-0.74	0	1.8	0.00241764
0.416667	-0.7	0	1.8	0.00162191
0.416667	-0.66	0	1.8	0.0010878
0.416667	-0.62	0	1.8	0.000729463
0.416667	-0.58	0	1.8	0.00048911
0.416667	-0.54	0	1.8	0.000327926
0.416667	-0.5	0	1.8	0.000219848
0.416667	-0.46	0	1.8	0.000147385
0.416667	-0.42	0	1.8	9.88034e-05
0.416667	-0.38	0	1.8	6.62344e-05
0.416667	-0.34	0	1.8	4.44008e-05
0.416667	-0.3	0	1.8	2.97641e-05
0.416667	-0.26	0	1.8	1.99523e-05
0.416667	-0.22	0	1.8	1.33749e-05
0.416667	-0.18	0	1.8	8.96577e-06
0.416667	-0.14	0	1.8	6.01011e-06
0.416667	-0.1	0	1.8	0.0818746
0.416667	-0.06	0	1.8	0.117735
0.416667	-0.02	0	1.8	0.166678
0.416667	0.02	0	1.8	0.23108
0.416667	0.06	0	1.8	0.31187
0.416667	0.1	0	1.8	0.407355
0.416667	0.14	0	1.8	0.512573
0.416667	0.18	0	1.8	0.619927
0.416667	0.22	0	1.8	0.721186
0.416667	0.26	0	1.8	0.809836
0.416667	0.3	0	1.8	0.882449
0.416667	0.34	0	1.8	0.938491
0.416667	0.38	0	1.8	0.977939
0.416667	0.42	0	1.8	0.977939
0.416667	0.46	0	1.8	0.938491
0.416667	0.5	0	1.8	0.882449
0.416667	0.54	0	1.8	0.809836
0.416667	0.58	0	1.8	0.721186
0.416667	0.62	0	1.8	0.619927
0.416667	0.66	0	1.8	0.512573
0.416667	0.7	0	1.8	0.407355
0.416667	0.74	0	1.8	0.31187
0.416667	0.78	0	1.8	0.23108
0.416667	0.82	0	1.8	0.166678
0.416667	0.86	0	1.8	0.117735
0.416667	0.9	0	1.8	0.0818746
0.416667	0.94	0	1.8	0.0562972
0.416667	0.98	0	1.8	0.0384023
0.45	-0.98	0	1.8	0.0255995
0.45	-0.94	0	1.8	0.0173155
0.45	-0.9	0	1.8	0.0116809
0.45	-0.86	0	1.8	0.00786543
0.45	-0.82	0	1.8	0.00528956
0.45	-0.78	0	1.8	0.00355418
0.45	-0.74	0	1.8	0.00238671
0.45	-0.7	0	1.8	0.00160205
0.45	-0.66	0	1.8	0.00107505
0.45	-0.62	0	1.8	0.000721251
0.45	-0.58	0	1.8	0.000483816
0.45	-0.54	0	1.8	0.000324509
0.45	-0.5	0	1.8	0.00021764
0.45	-0.46	0	1.8	0.000145956
0.45	-0.42	0	1.8	9.7878e-05
0.45	-0.38	0	1.8	6.56343e-05
0.45	-0.34	0	1.8	4.40111e-05
0.45	-0.3	0	1.8	2.95109e-05
0.45	-0.26	0	1.8	1.97876e-05
0.45	-0.22	0	1.8	1.32677e-05
0.45	-0.18	0	1.8	8.89591e-06
0.45	-0.14	0	1.8	5.96456e-06
0.45	-0.1	0	1.8	0.0802132
0.45	-0.06	0	1.8	0.115233
0.45	-0.02	0	1.8	0.162996
0.45	0.02	0	1.8	0.225836
0.45	0.06	0	1.8	0.304709
0.45	0.1	0	1.8	0.398063
0.45	0.14	0	1.8	0.501175
0.45	0.18	0	1.8	0.606697
0.45	0.22	0	1.8	0.706502
0.45	0.26	0	1.8	0.793908
0.45	0.3	0	1.8	0.864918
0.45	0.34	0	1.8	0.917605
0.45	0.38	0	1.8	0.948657
0.45	0.42	0	1.8	0.948657
0.45	0.46	0	1.8	0.917605
0.45	0.5	0	1.8	0.864918
0.45	0.54	0	1.8	0.793908
0.45	0.58	0	1.8	0.706502
0.45	0.62	0	1.8	0.606697
0.45	0.66	0	1.8	0.501175
0.45	0.7	0	1.8	0.398063
0.45	0.74	0	1.8	0.304709
0.45	0.78	0	1.8	0.225836
0.45	0.82	0	1.8	0.162996
0.45	0.86	0	1.8	0.115233
0.45	0.9	0	1.8	0.0802132
0.45	0.94	0	1.8	0.0552117
0.45	0.98	0	1.8	0.0377004
0.483333	-0.98	0	1.8	0.0247241
0.483333	-0.94	0	1.8	0.016754
0.483333	-0.9	0	1.8	0.0113214
0.483333	-0.86	0	1.8	0.00763536
0.483333	-0.82	0	1.8	0.00514226
0.483333	-0.78	0	1.8	0.00345979
0.483333	-0.74	0	1.8	0.00232615
0.483333	-0.7	0	1.8	0.00156315
0.483333	-0.66	0	1.8	0.00105002
0.483333	-0.62	0	1.8	0.000705129
0.483333	-0.58	0	1.8	0.000473418
0.483333	-0.54	0	1.8	0.000317793
0.483333	-0.5	0	1.8	0.000213296
0.483333	-0.46	0	1.8	0.000143144
0.483333	-0.42	0	1.8	9.60552e-05
0.483333	-0.38	0	1.8	6.44515e-05
0.483333	-0.34	0	1.8	4.32429e-05
0.483333	-0.3	0	1.8	2.90115e-05
0.483333	-0.26	0	1.8	1.94626e-05
0.483333	-0.22	0	1.8	1.3056e-05
0.483333	-0.18	0	1.8	8.75794e-06
0.483333	-0.14	0	1.8	5.87456e-06
0.483333	-0.1	0	1.8	0.0770038
0.483333	-0.06	0	1.8	0.110405
0.483333	-0.02	0	1.8	0.155898
0.483333	0.02	0	1.8	0.215724
0.483333	0.06	0	1.8	0.290882
0.483333	0.1	0	1.8	0.380072
0.483333	0.14	0	1.8	0.47902
0.483333	0.18	0	1.8	0.580861
0.483333	0.22	0	1.8	0.67773
0.483333	0.26	0	1.8	0.762764
0.483333	0.3	0	1.8	0.83128
0.483333	0.34	0	1.8	0.880313
0.483333	0.38	0	1.8	0.906726
0.483333	0.42	0	1.8	0.906726
0.483333	0.46	0	1.8	0.880313
0.483333	0.5	0	1.8	0.83128
0.483333	0.54	0	1.8	0.762764
0.483333	0.58	0	1.8	0.67773
0.483333	0.62	0	1.8	0.580861
0.483333	0.66	0	1.8	0.47902
0.483333	0.7	0	1.8	0.380072
0.483333	0.74	0	1.8	0.290882
0.483333	0.78	0	1.8	0.215724
0.483333	0.82	0	1.8	0.155898
0.483333	0.86	0	1.8	0.110405
0.483333	0.9	0	1.8	0.0770038
0.483333	0.94	0	1.8	0.0531116
0.483333	0.98	0	1.8	0.0363402
0.516667	-0.98	0	1.8	0.0234742
0.516667	-0.94	0	1.8	0.0159502
0.516667	-0.9	0	1.8	0.0108055
0.516667	-0.86	0	1.8	0.00730435
0.516667	-0.82	0	1.8	0.00492986
0.516667	-0.78	0	1.8	0.00332341
0.516667	-0.74	0	1.8	0.00223849
0.516667	-0.7	0	1.8	0.00150674
0.516667	-0.66	0	1.8	0.00101368
0.516667	-0.62	0	1.8	0.000681687
0.516667	-0.58	0	1.8	0.000458276
0.516667	-0.54	0	1.8	0.000308002
0.516667	-0.5	0	1.8	0.000206957
0.516667	-0.46	0	1.8	0.000139036
0.516667	-0.42	0	1.8	9.33896e-05
0.516667	-0.38	0	1.8	6.27204e-05
0.516667	-0.34	0	1.8	4.21175e-05
0.516667	-0.3	0	1.8	2.82793e-05
0.516667	-0.26	0	1.8	1.89858e-05
0.516667	-0.22	0	1.8	1.27453e-05
0.516667	-0.18	0	1.8	8.55526e-06
0.516667	-0.14	0	1.8	5.74228e-06
0.516667	-0.1	0	1.8	0.0724595
0.516667	-0.06	0	1.8	0.103584
0.516667	-0.02	0	1.8	0.145883
0.516667	0.02	0	1.8	0.201457
0.516667	0.06	0	1.8	0.271337
0.516667	0.1	0	1.8	0.354537
0.516667	0.14	0	1.8	0.447379
0.516667	0.18	0	1.8	0.543693
0.516667	0.22	0	1.8	0.636076
0.516667	0.26	0	1.8	0.717644
0.516667	0.3	0	1.8	0.783217
0.516667	0.34	0	1.8	0.829309
0.516667	0.38	0	1.8	0.853297
0.516667	0.42	0	1.8	0.853297
0.516667	0.46	0	1.8	0.829309
0.516667	0.5	0	1.8	0.783217
0.516667	0.54	0	1.8	0.717644
0.516667	0.58	0	1.8	0.636076
0.516667	0.62	0	1.8	0.543693
0.516667	0.66	0	1.8	0.447379
0.516667	0.7	0	1.8	0.354537
0.516667	0.74	0	1.8	0.271337
0.516667	0.78	0	1.8	0.201457
0.516667	0.82	0	1.8	0.145883
0.516667	0.86	0	1.8	0.103584
0.516667	0.9	0	1.8	0.0724595
0.516667	0.94	0	1.8	0.05013
0.516667	0.98	0	1.8	0.0344036
0.55	-0.98	0	1.8	0.021918
0.55	-0.94	0	1.8	0.0149458
0.55	-0.9	0	1.8	0.0101584
0.55	-0.86	0	1.8	0.00688788
0.55	-0.82	0	1.8	0.00466182
0.55	-0.78	0	1.8	0.00315082
0.55	-0.74	0	1.8	0.00212728
0.55	-0.7	0	1.8	0.00143501
0.55	-0.66	0	1.8	0.000967366
0.55	-0.62	0	1.8	0.000651754
0.55	-0.58	0	1.8	0.000438908
0.55	-0.54	0	1.8	0.000295456
0.55	-0.5	0	1.8	0.000198823
0.55	-0.46	0	1.8	0.000133756
0.55	-0.42	0	1.8	8.99596e-05
0.55	-0.38	0	1.8	6.04899e-05
0.55	-0.34	0	1.8	4.06659e-05
0.55	-0.3	0	1.8	2.73338e-05
0.55	-0.26	0	1.8	1.83695e-05
0.55	-0.22	0	1.8	1.23432e-05
0.55	-0.18	0	1.8	8.29279e-06
0.55	-0.14	0	1.8	5.57082e-06
0.55	-0.1	0	1.8	0.066867
0.55	-0.06	0	1.8	0.0952161
0.55	-0.02	0	1.8	0.133623
0.55	0.02	0	1.8	0.183998
0.55	0.06	0	1.8	0.247375
0.55	0.1	0	1.8	0.323081
0.55	0.14	0	1.8	0.408107
0.55	0.18	0	1.8	0.497124
0.55	0.22	0	1.8	0.583407
0.55	0.26	0	1.8	0.660293
0.55	0.3	0	1.8	0.72237
0.55	0.34	0	1.8	0.765839
0.55	0.38	0	1.8	0.788235
0.55	0.42	0	1.8	0.788235
0.55	0.46	0	1.8	0.765839
0.55	0.5	0	1.8	0.72237
0.55	0.54	0	1.8	0.660293
0.55	0.58	0	1.8	0.583407
0.55	0.62	0	1.8	0.497124
0.55	0.66	0	1.8	0.408107
0.55	0.7	0	1.8	0.323081
0.55	0.74	0	1.8	0.247375
0.55	0.78	0	1.8	0.183998
0.55	0.82	0	1.8	0.133623
0.55	0.86	0	1.8	0.0952161
0.55	0.9	0	1.8	0.066867
0.55	0.94	0	1.8	0.0464469
0.55	0.98	0	1.8	0.032002
0.583333	-0.98	0	1.8	0.0201355
0.583333	-0.94	0	1.8	0.0137897
0.583333	-0.9	0	1.8	0.00941037
0.583333	-0.86	0	1.8	0.00640442
0.583333	-0.82	0	1.8	0.00434949
0.583333	-0.78	0	1.8	0.00294901
0.583333	-0.74	0	1.8	0.00199682
0.583333	-0.7	0	1.8	0.00135062
0.583333	-0.66	0	1.8	0.000912732
0.583333	-0.62	0	1.8	0.000616353
0.583333	-0.58	0	1.8	0.00041595
0.583333	-0.54	0	1.8	0.000280554
0.583333	-0.5	0	1.8	0.000189141
0.583333	-0.46	0	1.8	0.00012746
0.583333	-0.42	0	1.8	8.58628e-05
0.583333	-0.38	0	1.8	5.78218e-05
0.583333	-0.34	0	1.8	3.89269e-05
0.583333	-0.3	0	1.8	2.61995e-05
0.583333	-0.26	0	1.8	1.76291e-05
0.583333	-0.22	0	1.8	1.18597e-05
0.583333	-0.18	0	1.8	7.97677e-06
0.583333	-0.14	0	1.8	5.36416e-06
0.583333	-0.1	0	1.8	0.0605544
0.583333	-0.06	0	1.8	0.0858106
0.583333	-0.02	0	1.8	0.119884
0.583333	0.02	0	1.8	0.164458
0.583333	0.06	0	1.8	0.220516
0.583333	0.1	0	1.8	0.28766
0.583333	0.14	0	1.8	0.363533
0.583333	0.18	0	1.8	0.443709
0.583333	0.22	0	1.8	0.522313
0.583333	0.26	0	1.8	0.593158
0.583333	0.3	0	1.8	0.650862
0.583333	0.34	0	1.8	0.691441
0.583333	0.38	0	1.8	0.712352
0.583333	0.42	0	1.8	0.712352
0.583333	0.46	0	1.8	0.691441
0.583333	0.5	0	1.8	0.650862
0.583333	0.54	0	1.8	0.593158
0.583333	0.58	0	1.8	0.522313
0.583333	0.62	0	1.8	0.443709
0.583333	0.66	0	1.8	0.363533
0.583333	0.7	0	1.8	0.28766
0.583333	0.74	0	1.8	0.220516
0.583333	0.78	0	1.8	0.164458
0.583333	0.82	0	1.8	0.119884
0.583333	0.86	0	1.8	0.0858106
0.583333	0.9	0	1.8	0.0605544
0.583333	0.94	0	1.8	0.0422697
0.583333	0.98	0	1.8	0.0292645
0.616667	-0.98	0	1.8	0.0182104
0.616667	-0.94	0	1.8	0.0125341
0.616667	-0.9	0	1.8	0.00859364
0.616667	-0.86	0	1.8	0.00587397
0.616667	-0.82	0	1.8	0.00400523
0.616667	-0.78	0	1.8	0.00272565
0.616667	-0.74	0	1.8	0.00185187
0.616667	-0.7	0	1.8	0.00125653
0.616667	-0.66	0	1.8	0.000851619
0.616667	-0.62	0	1.8	0.000576637
0.616667	-0.58	0	1.8	0.000390122
0.616667	-0.54	0	1.8	0.000263746
0.616667	-0.5	0	1.8	0.000178196
0.616667	-0.46	0	1.8	0.000120328
0.616667	-0.42	0	1.8	8.12115e-05
0.616667	-0.38	0	1.8	5.47867e-05
0.616667	-0.34	0	1.8	3.69452e-05
0.616667	-0.3	0	1.8	2.49047e-05
0.616667	-0.26	0	1.8	1.67827e-05
0.616667	-0.22	0	1.8	1.1306e-05
0.616667	-0.18	0	1.8	7.61444e-06
0.616667	-0.14	0	1.8	5.12691e-06
0.616667	-0.1	0	1.8	0.0538569
0.616667	-0.06	0	1.8	0.0758843
0.616667	-0.02	0	1.8	0.105445
0.616667	0.02	0	1.8	0.143967
0.616667	0.06	0	1.8	0.192338
0.616667	0.1	0	1.8	0.25036
0.616667	0.14	0	1.8	0.316248
0.616667	0.18	0	1.8	0.386458
0.616667	0.22	0	1.8	0.456047
0.616667	0.26	0	1.8	0.519515
0.616667	0.3	0	1.8	0.571767
0.616667	0.34	0	1.8	0.6088
0.616667	0.38	0	1.8	0.627965
0.616667	0.42	0	1.8	0.627965
0.616667	0.46	0	1.8	0.6088
0.616667	0.5	0	1.8	0.571767
0.616667	0.54	0	1.8	0.519515
0.616667	0.58	0	1.8	0.456047
0.616667	0.62	0	1.8	0.386458
0.616667	0.66	0	1.8	0.316248
0.616667	0.7	0	1.8	0.25036
0.616667	0.74	0	1.8	0.192338
0.616667	0.78	0	1.8	0.143967
0.616667	0.82	0	1.8	0.105445
0.616667	0.86	0	1.8	0.0758843
0.616667	0.9	0	1.8	0.0538569
0.616667	0.94	0	1.8	0.0378117
0.616667	0.98	0	1.8	0.0263254
0.65	-0.98	0	1.8	0.0162238
0.65	-0.94	0	1.8	0.01123
0.65	-0.9	0	1.8	0.00774023
0.65	-0.86	0	1.8	0.00531658
0.65	-0.82	0	1.8	0.00364161
0.65	-0.78	0	1.8	0.00248858
0.65	-0.74	0	1.8	0.00169736
0.65	-0.7	0	1.8	0.00115581
0.65	-0.66	0	1.8	0.00078596
0.65	-0.62	0	1.8	0.000533818
0.65	-0.58	0	1.8	0.000362187
0.65	-0.54	0	1.8	0.000245513
0.65	-0.5	0	1.8	0.00016629
0.65	-0.46	0	1.8	0.000112549
0.65	-0.42	0	1.8	7.61273e-05
0.65	-0.38	0	1.8	5.14618e-05
0.65	-0.34	0	1.8	3.47697e-05
0.65	-0.3	0	1.8	2.34806e-05
0.65	-0.26	0	1.8	1.585e-05
0.65	-0.22	0	1.8	1.06949e-05
0.65	-0.18	0	1.8	7.21385e-06
0.65	-0.14	0	1.8	4.86419e-06
0.65	-0.1	0	1.8	0.0470865
0.65	-0.06	0	1.8	0.0659134
0.65	-0.02	0	1.8	0.0910168
0.65	0.02	0	1.8	0.123565
0.65	0.06	0	1.8	0.164311
0.65	0.1	0	1.8	0.213175
0.65	0.14	0	1.8	0.268836
0.65	0.18	0	1.8	0.328532
0.65	0.22	0	1.8	0.38825
0.65	0.26	0	1.8	0.443303
0.65	0.3	0	1.8	0.489105
0.65	0.34	0	1.8	0.521846
0.65	0.38	0	1.8	0.538882
0.65	0.42	0	1.8	0.538882
0.65	0.46	0	1.8	0.521846
0.65	0.5	0	1.8	0.489105
0.65	0.54	0	1.8	0.443303
0.65	0.58	0	1.8	0.38825
0.65	0.62	0	1.8	0.328532
0.65	0.66	0	1.8	0.268836
0.65	0.7	0	1.8	0.213175
0.65	0.74	0	1.8	0.164311
0.65	0.78	0	1.8	0.123565
0.65	0.82	0	1.8	0.0910168
0.65	0.86	0	1.8	0.0659134
0.65	0.9	0	1.8	0.0470865
0.65	0.94	0	1.8	0.0332742
0.65	0.98	0	1.8	0.023313
0.683333	-0.98	0	1.8	0.0142486
0.683333	-0.94	0	1.8	0.00992412
0.683333	-0.9	0	1.8	0.00687982
0.683333	-0.86	0	1.8	0.00475107
0.683333	-0.82	0	1.8	0.00327055
0.683333	-0.78	0	1.8	0.00224536
0.683333	-0.74	0	1.8	0.00153805
0.683333	-0.7	0	1.8	0.0010515
0.683333	-0.66	0	1.8	0.000717669
0.683333	-0.62	0	1.8	0.00048911
0.683333	-0.58	0	1.8	0.000332914
0.683333	-0.54	0	1.8	0.000226344
0.683333	-0.5	0	1.8	0.000153733
0.683333	-0.46	0	1.8	0.000104322
0.683333	-0.42	0	1.8	7.07351e-05
0.683333	-0.38	0	1.8	4.79265e-05
0.683333	-0.34	0	1.8	3.24512e-05
0.683333	-0.3	0	1.8	2.19595e-05
0.683333	-0.26	0	1.8	1.48518e-05
0.683333	-0.22	0	1.8	1.00395e-05
0.683333	-0.18	0	1.8	6.78344e-06
0.683333	-0.14	0	1.8	4.58144e-06
0.683333	-0.1	0	1.8	0.0405085
0.683333	-0.06	0	1.8	0.0562972
0.683333	-0.02	0	1.8	0.0771922
0.683333	0.02	0	1.8	0.104112
0.683333	0.06	0	1.8	0.137658
0.683333	0.1	0	1.8	0.177802
0.683333	0.14	0	1.8	0.223569
0.683333	0.18	0	1.8	0.27285
0.683333	0.22	0	1.8	0.322481
0.683333	0.26	0	1.8	0.368625
0.683333	0.3	0	1.8	0.407355
0.683333	0.34	0	1.8	0.435251
0.683333	0.38	0	1.8	0.44984
0.683333	0.42	0	1.8	0.44984
0.683333	0.46	0	1.8	0.435251
0.683333	0.5	0	1.8	0.407355
0.683333	0.54	0	1.8	0.368625
0.683333	0.58	0	1.8	0.322481
0.683333	0.62	0	1.8	0.27285
0.683333	0.66	0	1.8	0.223569
0.683333	0.7	0	1.8	0.177802
0.683333	0.74	0	1.8	0.137658
0.683333	0.78	0	1.8	0.104112
0.683333	0.82	0	1.8	0.0771922
0.683333	0.86	0	1.8	0.0562972
0.683333	0.9	0	1.8	0.0405085
0.683333	0.94	0	1.8	0.0288313
0.683333	0.98	0	1.8	0.0203404
0.716667	-0.98	0	1.8	0.0123455
0.716667	-0.94	0	1.8	0.00865594
0.716667	-0.9	0	1.8	0.00603814
0.716667	-0.86	0	1.8	0.00419409
0.716667	-0.82	0	1.8	0.00290275
0.716667	-0.78	0	1.8	0.00200287
0.716667	-0.74	0	1.8	0.00137835
0.716667	-0.7	0	1.8	0.000946411
0.716667	-0.66	0	1.8	0.00064855
0.716667	-0.62	0	1.8	0.000443665
0.716667	-0.58	0	1.8	0.000303041
0.716667	-0.54	0	1.8	0.000206708
0.716667	-0.5	0	1.8	0.000140827
0.716667	-0.46	0	1.8	9.58389e-05
0.716667	-0.42	0	1.8	6.51584e-05
0.716667	-0.38	0	1.8	4.42601e-05
0.716667	-0.34	0	1.8	3.00402e-05
0.716667	-0.3	0	1.8	2.03739e-05
0.716667	-0.26	0	1.8	1.38087e-05
0.716667	-0.22	0	1.8	9.35328e-06
0.716667	-0.18	0	1.8	6.33182e-06
0.716667	-0.14	0	1.8	4.28417e-06
0.716667	-0.1	0	1.8	0.0343286
0.716667	-0.06	0	1.8	0.0473379
0.716667	-0.02	0	1.8	0.0644094
0.716667	0.02	0	1.8	0.0862373
0.716667	0.06	0	1.8	0.113273
0.716667	0.1	0	1.8	0.145497
0.716667	0.14	0	1.8	0.182181
0.716667	0.18	0	1.8	0.221732
0.716667	0.22	0	1.8	0.261716
0.716667	0.26	0	1.8	0.2991
0.716667	0.3	0	1.8	0.330676
0.716667	0.34	0	1.8	0.353551
0.716667	0.38	0	1.8	0.365562
0.716667	0.42	0	1.8	0.365562
0.716667	0.46	0	1.8	0.353551
0.716667	0.5	0	1.8	0.330676
0.716667	0.54	0	1.8	0.2991
0.716667	0.58	0	1.8	0.261716
0.716667	0.62	0	1.8	0.221732
0.716667	0.66	0	1.8	0.182181
0.716667	0.7	0	1.8	0.145497
0.716667	0.74	0	1.8	0.113273
0.716667	0.78	0	1.8	0.0862373
0.716667	0.82	0	1.8	0.0644094
0.716667	0.86	0	1.8	0.0473379
0.716667	0.9	0	1.8	0.0343286
0.716667	0.94	0	1.8	0.0246214
0.716667	0.98	0	1.8	0.0174996
0.75	-0.98	0	1.8	0.0105608
0.75	-0.94	0	1.8	0.00745676
0.75	-0.9	0	1.8	0.00523599
0.75	-0.86	0	1.8	0.00365938
0.75	-0.82	0	1.8	0.00254726
0.75	-0.78	0	1.8	0.00176702
0.75	-0.74	0	1.8	0.00122211
0.75	-0.7	0	1.8	0.000843042
0.75	-0.66	0	1.8	0.000580222
0.75	-0.62	0	1.8	0.00039853
0.75	-0.58	0	1.8	0.000273244
0.75	-0.54	0	1.8	0.000187044
0.75	-0.5	0	1.8	0.000127854
0.75	-0.46	0	1.8	8.72813e-05
0.75	-0.42	0	1.8	5.95144e-05
0.75	-0.38	0	1.8	4.0538e-05
0.75	-0.34	0	1.8	2.75856e-05
0.75	-0.3	0	1.8	1.87552e-05
0.75	-0.26	0	1.8	1.27412e-05
0.75	-0.22	0	1.8	8.64921e-06
0.75	-0.18	0	1.8	5.86743e-06
0.75	-0.14	0	1.8	3.97783e-06
0.75	-0.1	0	1.8	0.0286885
0.75	-0.06	0	1.8	0.0392352
0.75	-0.02	0	1.8	0.0529475
0.75	0.02	0	1.8	0.0703304
0.75	0.06	0	1.8	0.0917019
0.75	0.1	0	1.8	0.117028
0.75	0.14	0	1.8	0.145754
0.75	0.18	0	1.8	0.176685
0.75	0.22	0	1.8	0.207984
0.75	0.26	0	1.8	0.237326
0.75	0.3	0	1.8	0.2622
0.75	0.34	0	1.8	0.280284
0.75	0.38	0	1.8	0.289804
0.75	0.42	0	1.8	0.289804
0.75	0.46	0	1.8	0.280284
0.75	0.5	0	1.8	0.2622
0.75	0.54	0	1.8	0.237326
0.75	0.58	0	1.8	0.207984
0.75	0.62	0	1.8	0.176685
0.75	0.66	0	1.8	0.145754
0.75	0.7	0	1.8	0.117028
0.75	0.74	0	1.8	0.0917019
0.75	0.78	0	1.8	0.0703304
0.75	0.82	0	1.8	0.0529475
0.75	0.86	0	1.8	0.0392352
0.75	0.9	0	1.8	0.0286885
0.75	0.94	0	1.8	0.0207434
0.75	0.98	0	1.8	0.0148589
0.783333	-0.98	0	1.8	0.00892649
0.783333	-0.94	0	1.8	0.00634902
0.783333	-0.9	0	1.8	0.0044889
0.783333	-0.86	0	1.8	0.00315753
0.783333	-0.82	0	1.8	0.00221122
0.783333	-0.78	0	1.8	0.00154258
0.783333	-0.74	0	1.8	0.00107251
0.783333	-0.7	0	1.8	0.000743493
0.783333	-0.66	0	1.8	0.000514066
0.783333	-0.62	0	1.8	0.000354614
0.783333	-0.58	0	1.8	0.000244115
0.783333	-0.54	0	1.8	0.000167738
0.783333	-0.5	0	1.8	0.000115065
0.783333	-0.46	0	1.8	7.88139e-05
0.783333	-0.42	0	1.8	5.39101e-05
0.783333	-0.38	0	1.8	3.68298e-05
0.783333	-0.34	0	1.8	2.51326e-05
0.783333	-0.3	0	1.8	1.71328e-05
0.783333	-0.26	0	1.8	1.16682e-05
0.783333	-0.22	0	1.8	7.93972e-06
0.783333	-0.18	0	1.8	5.3983e-06
0.783333	-0.14	0	1.8	3.66764e-06
0.783333	-0.1	0	1.8	0.0236692
0.783333	-0.06	0	1.8	0.0320943
0.783333	-0.02	0	1.8	0.0429405
0.783333	0.02	0	1.8	0.0565613
0.783333	0.06	0	1.8	0.0731656
0.783333	0.1	0	1.8	0.0927018
0.783333	0.14	0	1.8	0.114739
0.783333	0.18	0	1.8	0.138384
0.783333	0.22	0	1.8	0.16227
0.783333	0.26	0	1.8	0.184664
0.783333	0.3	0	1.8	0.203669
0.783333	0.34	0	1.8	0.217508
0.783333	0.38	0	1.8	0.224802
0.783333	0.42	0	1.8	0.224802
0.783333	0.46	0	1.8	0.217508
0.783333	0.5	0	1.8	0.203669
0.783333	0.54	0	1.8	0.184664
0.783333	0.58	0	1.8	0.16227
0.783333	0.62	0	1.8	0.138384
0.783333	0.66	0	1.8	0.114739
0.783333	0.7	0	1.8	0.0927018
0.783333	0.74	0	1.8	0.0731656
0.783333	0.78	0	1.8	0.0565613
0.783333	0.82	0	1.8	0.0429405
0.783333	0.86	0	1.8	0.0320943
0.783333	0.9	0	1.8	0.0236692
0.783333	0.94	0	1.8	0.0172584
0.783333	0.98	0	1.8	0.012463
0.816667	-0.98	0	1.8	0.00746117
0.816667	-0.94	0	1.8	0.00534678
0.816667	-0.9	0	1.8	0.00380718
0.816667	-0.86	0	1.8	0.00269591
0.816667	-0.82	0	1.8	0.0018998
0.816667	-0.78	0	1.8	0.00133313
0.816667	-0.74	0	1.8	0.000931998
0.816667	-0.7	0	1.8	0.000649422
0.816667	-0.66	0	1.8	0.000451198
0.816667	-0.62	0	1.8	0.00031266
0.816667	-0.58	0	1.8	0.000216152
0.816667	-0.54	0	1.8	0.000149119
0.816667	-0.5	0	1.8	0.000102679
0.816667	-0.46	0	1.8	7.05798e-05
0.816667	-0.42	0	1.8	4.84397e-05
0.816667	-0.38	0	1.8	3.31973e-05
0.816667	-0.34	0	1.8	2.27216e-05
0.816667	-0.3	0	1.8	1.55331e-05
0.816667	-0.26	0	1.8	1.06072e-05
0.816667	-0.22	0	1.8	7.23612e-06
0.816667	-0.18	0	1.8	4.93183e-06
0.816667	-0.14	0	1.8	3.35844e-06
0.816667	-0.1	0	1.8	0.0193
0.816667	-0.06	0	1.8	0.0259414
0.816667	-0.02	0	1.8	0.0344036
0.816667	0.02	0	1.8	0.044925
0.816667	0.06	0	1.8	0.0576321
0.816667	0.1	0	1.8	0.0724595
0.816667	0.14	0	1.8	0.0890699
0.816667	0.18	0	1.8	0.106797
0.816667	0.22	0	1.8	0.124639
0.816667	0.26	0	1.8	0.141331
0.816667	0.3	0	1.8	0.155483
0.816667	0.34	0	1.8	0.165786
0.816667	0.38	0	1.8	0.171217
0.816667	0.42	0	1.8	0.171217
0.816667	0.46	0	1.8	0.165786
0.816667	0.5	0	1.8	0.155483
0.816667	0.54	0	1.8	0.141331
0.816667	0.58	0	1.8	0.124639
0.816667	0.62	0	1.8	0.106797
0.816667	0.66	0	1.8	0.0890699
0.816667	0.7	0	1.8	0.0724595
0.816667	0.74	0	1.8	0.0576321
0.816667	0.78	0	1.8	0.044925
0.816667	0.82	0	1.8	0.0344036
0.816667	0.86	0	1.8	0.0259414
0.816667	0.9	0	1.8	0.0193
0.816667	0.94	0	1.8	0.0141938
0.816667	0.98	0	1.8	0.0103351
0.85	-0.98	0	1.8	0.00617177
0.85	-0.94	0	1.8	0.00445667
0.85	-0.9	0	1.8	0.00319641
0.85	-0.86	0	1.8	0.00227893
0.85	-0.82	0	1.8	0.00161632
0.85	-0.78	0	1.8	0.00114109
0.85	-0.74	0	1.8	0.000802294
0.85	-0.7	0	1.8	0.000562041
0.85	-0.66	0	1.8	0.000392456
0.85	-0.62	0	1.8	0.000273244
0.85	-0.58	0	1.8	0.000189745
0.85	-0.54	0	1.8	0.000131451
0.85	-0.5	0	1.8	9.0872e-05
0.85	-0.46	0	1.8	6.26976e-05
0.85	-0.42	0	1.8	4.31821e-05
0.85	-0.38	0	1.8	2.9693e-05
0.85	-0.34	0	1.8	2.03875e-05
0.85	-0.3	0	1.8	1.39792e-05
0.85	-0.26	0	1.8	9.57327e-06
0.85	-0.22	0	1.8	6.54846e-06
0.85	-0.18	0	1.8	4.47463e-06
0.85	-0.14	0	1.8	3.05456e-06
0.85	-0.1	0	1.8	0.0155699
0.85	-0.06	0	1.8	0.0207434
0.85	-0.02	0	1.8	0.027266
0.85	0.02	0	1.8	0.0352923
0.85	0.06	0	1.8	0.0448911
0.85	0.1	0	1.8	0.0559908
0.85	0.14	0	1.8	0.068327
0.85	0.18	0	1.8	0.0814055
0.85	0.22	0	1.8	0.0945012
0.85	0.26	0	1.8	0.106706
0.85	0.3	0	1.8	0.117028
0.85	0.34	0	1.8	0.124531
0.85	0.38	0	1.8	0.128484
0.85	0.42	0	1.8	0.128484
0.85	0.46	0	1.8	0.124531
0.85	0.5	0	1.8	0.117028
0.85	0.54	0	1.8	0.106706
0.85	0.58	0	1.8	0.0945012
0.85	0.62	0	1.8	0.0814055
0.85	0.66	0	1.8	0.068327
0.85	0.7	0	1.8	0.0559908
0.85	0.74	0	1.8	0.0448911
0.85	0.78	0	1.8	0.0352923
0.85	0.82	0	1.8	0.027266
0.85	0.86	0	1.8	0.0207434
0.85	0.9	0	1.8	0.0155699
0.85	0.94	0	1.8	0.01155
0.85	0.98	0	1.8	0.00848072
0.883333	-0.98	0	1.8	0.00505609
0.883333	-0.94	0	1.8	0.00367924
0.883333	-0.9	0	1.8	0.00265821
0.883333	-0.86	0	1.8	0.0019084
0.883333	-0.82	0	1.8	0.00136243
0.883333	-0.78	0	1.8	0.000967818
0.883333	-0.74	0	1.8	0.000684454
0.883333	-0.7	0	1.8	0.000482136
0.883333	-0.66	0	1.8	0.000338413
0.883333	-0.62	0	1.8	0.000236773
0.883333	-0.58	0	1.8	0.00016518
0.883333	-0.54	0	1.8	0.000114933
0.883333	-0.5	0	1.8	7.97813e-05
0.883333	-0.46	0	1.8	5.52605e-05
0.883333	-0.42	0	1.8	3.82006e-05
0.883333	-0.38	0	1.8	2.63596e-05
0.883333	-0.34	0	1.8	1.81588e-05
0.883333	-0.3	0	1.8	1.24904e-05
0.883333	-0.26	0	1.8	8.57932e-06
0.883333	-0.22	0	1.8	5.88529e-06
0.883333	-0.18	0	1.8	4.03239e-06
0.883333	-0.14	0	1.8	2.75979e-06
0.883333	-0.1	0	1.8	0.0124394
0.883333	-0.06	0	1.8	0.0164271
0.883333	-0.02	0	1.8	0.0214014
0.883333	0.02	0	1.8	0.0274586
0.883333	0.06	0	1.8	0.0346297
0.883333	0.1	0	1.8	0.0428439
0.883333	0.14	0	1.8	0.0518953
0.883333	0.18	0	1.8	0.0614201
0.883333	0.22	0	1.8	0.0708988
0.883333	0.26	0	1.8	0.0796896
0.883333	0.3	0	1.8	0.0870978
0.883333	0.34	0	1.8	0.0924699
0.883333	0.38	0	1.8	0.0952959
0.883333	0.42	0	1.8	0.0952959
0.883333	0.46	0	1.8	0.0924699
0.883333	0.5	0	1.8	0.0870978
0.883333	0.54	0	1.8	0.0796896
0.883333	0.58	0	1.8	0.0708988
0.883333	0.62	0	1.8	0.0614201
0.883333	0.66	0	1.8	0.0518953
0.883333	0.7	0	1.8	0.0428439
0.883333	0.74	0	1.8	0.0346297
0.883333	0.78	0	1.8	0.0274586
0.883333	0.82	0	1.8	0.0214014
0.883333	0.86	0	1.8	0.0164271
0.883333	0.9	0	1.8	0.0124394
0.883333	0.94	0	1.8	0.00930788
0.883333	0.98	0	1.8	0.0068919
0.916667	-0.98	0	1.8	0.00410519
0.916667	-0.94	0	1.8	0.00301038
0.916667	-0.9	0	1.8	0.00219101
0.916667	-0.86	0	1.8	0.00158402
0.916667	-0.82	0	1.8	0.00113838
0.916667	-0.78	0	1.8	0.000813763
0.916667	-0.74	0	1.8	0.000578939
0.916667	-0.7	0	1.8	0.000410111
0.916667	-0.66	0	1.8	0.000289394
0.916667	-0.62	0	1.8	0.000203498
0.916667	-0.58	0	1.8	0.000142644
0.916667	-0.54	0	1.8	9.97008e-05
0.916667	-0.5	0	1.8	6.95034e-05
0.916667	-0.46	0	1.8	4.83366e-05
0.916667	-0.42	0	1.8	3.35426e-05
0.916667	-0.38	0	1.8	2.32298e-05
0.916667	-0.34	0	1.8	1.60582e-05
0.916667	-0.3	0	1.8	1.10818e-05
0.916667	-0.26	0	1.8	7.63568e-06
0.916667	-0.22	0	1.8	5.2536e-06
0.916667	-0.18	0	1.8	3.60982e-06
0.916667	-0.14	0	1.8	2.47728e-06
0.916667	-0.1	0	1.8	0.00985141
0.916667	-0.06	0	1.8	0.0128966
0.916667	-0.02	0	1.8	0.0166552
0.916667	0.02	0	1.8	0.0211843
0.916667	0.06	0	1.8	0.0264919
0.916667	0.1	0	1.8	0.0325135
0.916667	0.14	0	1.8	0.0390901
0.916667	0.18	0	1.8	0.0459564
0.916667	0.22	0	1.8	0.0527433
0.916667	0.26	0	1.8	0.0590031
0.916667	0.3	0	1.8	0.0642561
0.916667	0.34	0	1.8	0.0680539
0.916667	0.38	0	1.8	0.0700482
0.916667	0.42	0	1.8	0.0700482
0.916667	0.46	0	1.8	0.0680539
0.916667	0.5	0	1.8	0.0642561
0.916667	0.54	0	1.8	0.0590031
0.916667	0.58	0	1.8	0.0527433
0.916667	0.62	0	1.8	0.0459564
0.916667	0.66	0	1.8	0.0390901
0.916667	0.7	0	1.8	0.0325135
0.916667	0.74	0	1.8	0.0264919
0.916667	0.78	0	1.8	0.0211843
0.916667	0.82	0	1.8	0.0166552
0.916667	0.86	0	1.8	0.0128966
0.916667	0.9	0	1.8	0.00985141
0.916667	0.94	0	1.8	0.00743477
0.916667	0.98	0	1.8	0.00555099
0.95	-0.98	0	1.8	0.00330568
0.95	-0.94	0	1.8	0.00244272
0.95	-0.9	0	1.8	0.00179094
0.95	-0.86	0	1.8	0.00130389
0.95	-0.82	0	1.8	0.000943334
0.95	-0.78	0	1.8	0.000678626
0.95	-0.74	0	1.8	0.000485715
0.95	-0.7	0	1.8	0.000346045
0.95	-0.66	0	1.8	0.000245513
0.95	-0.62	0	1.8	0.000173531
0.95	-0.58	0	1.8	0.000122233
0.95	-0.54	0	1.8	8.58308e-05
0.95	-0.5	0	1.8	6.00977e-05
0.95	-0.46	0	1.8	4.19699e-05
0.95	-0.42	0	1.8	2.92401e-05
0.95	-0.38	0	1.8	2.03266e-05
0.95	-0.34	0	1.8	1.41017e-05
0.95	-0.3	0	1.8	9.76493e-06
0.95	-0.26	0	1.8	6.75022e-06
0.95	-0.22	0	1.8	4.6588e-06
0.95	-0.18	0	1.8	3.21061e-06
0.95	-0.14	0	1.8	2.20957e-06
0.95	-0.1	0	1.8	0.00774023
0.95	-0.06	0	1.8	0.0100467
0.95	-0.02	0	1.8	0.0128639
0.95	0.02	0	1.8	0.0162238
0.95	0.06	0	1.8	0.0201219
0.95	0.1	0	1.8	0.0245021
0.95	0.14	0	1.8	0.0292437
0.95	0.18	0	1.8	0.0341544
0.95	0.22	0	1.8	0.0389745
0.95	0.26	0	1.8	0.0433944
0.95	0.3	0	1.8	0.0470865
0.95	0.34	0	1.8	0.049747
0.95	0.38	0	1.8	0.0511414
0.95	0.42	0	1.8	0.0511414
0.95	0.46	0	1.8	0.049747
0.95	0.5	0	1.8	0.0470865
0.95	0.54	0	1.8	0.0433944
0.95	0.58	0	1.8	0.0389745
0.95	0.62	0	1.8	0.0341544
0.95	0.66	0	1.8	0.0292437
0.95	0.7	0	1.8	0.0245021
0.95	0.74	0	1.8	0.0201219
0.95	0.78	0	1.8	0.0162238
0.95	0.82	0	1.8	0.0128639
0.95	0.86	0	1.8	0.0100467
0.95	0.9	0	1.8	0.00774023
0.95	0.94	0	1.8	0.00589084
0.95	0.98	0	1.8	0.00443451
0.983333	-0.98	0	1.8	0.00264164
0.983333	-0.94	0	1.8	0.00196685
0.983333	-0.9	0	1.8	0.00145258
0.983333	-0.86	0	1.8	0.00106496
0.983333	-0.82	0	1.8	0.000775629
0.983333	-0.78	0	1.8	0.000561545
0.983333	-0.74	0	1.8	0.000404362
0.983333	-0.7	0	1.8	0.000289754
0.983333	-0.66	0	1.8	0.000206708
0.983333	-0.62	0	1.8	0.000146869
0.983333	-0.58	0	1.8	0.000103968
0.983333	-0.54	0	1.8	7.33506e-05
0.983333	-0.5	0	1.8	5.15905e-05
0.983333	-0.46	0	1.8	3.61832e-05
0.983333	-0.42	0	1.8	2.53114e-05
0.983333	-0.38	0	1.8	1.76639e-05
0.983333	-0.34	0	1.8	1.22998e-05
0.983333	-0.3	0	1.8	8.54726e-06
0.983333	-0.26	0	1.8	5.92839e-06
0.983333	-0.22	0	1.8	4.10476e-06
0.983333	-0.18	0	1.8	2.8375e-06
0.983333	-0.14	0	1.8	1.95853e-06
0.983333	-0.1	0	1.8	0.00603814
0.983333	-0.06	0	1.8	0.00777247
0.983333	-0.02	0	1.8	0.00986953
0.983333	0.02	0	1.8	0.0123455
0.983333	0.06	0	1.8	0.01519
0.983333	0.1	0	1.8	0.0183564
0.983333	0.14	0	1.8	0.0217542
0.983333	0.18	0	1.8	0.0252452
0.983333	0.22	0	1.8	0.0286479
0.983333	0.26	0	1.8	0.0317497
0.983333	0.3	0	1.8	0.0343286
0.983333	0.34	0	1.8	0.0361808
0.983333	0.38	0	1.8	0.0371495
0.983333	0.42	0	1.8	0.0371495
0.983333	0.46	0	1.8	0.0361808
0.983333	0.5	0	1.8	0.0343286
0.983333	0.54	0	1.8	0.0317497
0.983333	0.58	0	1.8	0.0286479
0.983333	0.62	0	1.8	0.0252452
0.983333	0.66	0	1.8	0.0217542
0.983333	0.7	0	1.8	0.0183564
0.983333	0.74	0	1.8	0.01519
0.983333	0.78	0	1.8	0.0123455
0.983333	0.82	0	1.8	0.00986953
0.983333	0.86	0	1.8	0.00777247
0.983333	0.9	0	1.8	0.00603814
0.983333	0.94	0	1.8	0.00463335
0.983333	0.98	0	1.8	0.00351608
