-0.0945414 -0.842444 0.530425 
-0.821757 0.0254275 0.569271 
0.0926476 0.980801 0.171595 
0.789469 0.605778 -0.0988549 
-0.318851 -0.910504 -0.263281 
-0.250476 -0.967821 0.0241887 
-0.979249 -0.0144119 -0.202149 
0.97273 0.0373191 -0.228918 
0.656942 -0.750219 -0.0748246 
-0.0199343 -0.789399 -0.613556 
-0.307621 -0.809053 -0.500802 
0.419377 0.581186 -0.697385 
-0.524462 0.847112 0.0856729 
-0.066031 0.578387 -0.813086 
-0.692343 0.645632 0.322213 
-0.834526 -0.066279 0.546967 
-0.190367 -0.363529 -0.911925 
-0.100875 -0.823589 0.558145 
-0.576679 0.670437 -0.466857 
0.016347 0.990446 -0.136932 
0.744469 0.61801 0.252647 
-0.876765 0.468856 -0.107042 
0.60069 0.639981 -0.479162 
0.0212231 0.997936 -0.0606101 
0.238608 -0.87856 0.413761 
-0.379955 -0.710792 -0.591954 
-0.299847 0.828499 0.472949 
0.339173 -0.857117 0.387701 
0.508193 -0.126243 -0.851941 
-0.292074 0.916817 -0.272285 
-0.539668 -0.718851 -0.438192 
0.803741 0.367331 0.468047 
0.574732 -0.71947 0.38993 
0.957509 0.210226 -0.197437 
0.340173 -0.829893 -0.442223 
-0.901786 -0.427174 -0.0656152 
0.864813 -0.21206 -0.455113 
0.149281 0.142881 -0.978417 
-0.284193 0.759363 0.585322 
0.521706 0.852949 0.0173562 
-0.145997 -0.977624 0.151448 
0.767971 0.46544 -0.439985 
-0.892151 -0.40739 -0.195191 
-0.98929 0.100765 -0.105599 
-0.908239 0.418417 -0.00542476 
-0.186508 -0.225858 -0.95614 
0.172411 -0.295073 -0.93979 
-0.368073 0.148454 -0.917869 
-0.168805 -0.803289 0.571167 
0.675647 0.729488 -0.106532 
0.0346435 0.480515 -0.876302 
-0.880569 -0.425008 -0.209683 
-0.579353 0.766734 0.276531 
-0.812068 0.203913 -0.546776 
0.0671389 -0.996774 0.043974 
-0.769462 0.569624 -0.288889 
-0.381167 0.375429 -0.844846 
0.606036 0.783349 -0.138147 
0.33785 -0.92741 -0.160527 
-0.933903 -0.348365 0.0804126 
-0.873728 0.244607 0.420437 
-0.297199 -0.865501 -0.403212 
0.265175 -0.79174 0.550301 
-0.690196 -0.721903 0.0498598 
0.281131 -0.559654 -0.779585 
-0.666916 -0.0844498 -0.740332 
-0.977188 0.207988 -0.0429504 
0.858942 0.277468 0.430383 
0.860615 -0.474834 -0.184051 
0.710503 0.624812 -0.323722 
-0.870348 -0.301582 -0.389286 
-0.9396 0.17063 -0.296711 
0.204613 0.666871 -0.716531 
0.261543 0.896469 0.357684 
0.533607 0.0327564 -0.845098 
-0.0589123 0.882513 -0.466584 
0.46949 0.121263 -0.874571 
0.338345 -0.918432 0.204953 
-0.353629 0.883541 0.307085 
-0.345854 0.372406 -0.86122 
0.988033 -0.0264391 -0.151957 
-0.0929516 -0.534 -0.84036 
-0.272861 0.093854 -0.957465 
0.133683 0.954692 0.265879 
0.173295 0.954482 -0.24276 
0.452736 -0.793493 0.406693 
0.86647 -0.412687 0.280925 
0.836999 -0.546681 -0.0239444 
-0.0212217 -0.998767 -0.0448849 
-0.485924 0.211335 -0.848065 
-0.749587 0.487268 -0.447984 
0.961049 -0.132658 -0.24246 
0.76125 -0.587636 -0.274195 
-0.679785 0.612119 0.403984 
0.102875 -0.99226 0.0695458 
0.258418 0.640478 -0.723192 
-0.116409 0.865521 0.487157 
-0.552189 -0.650558 -0.521403 
0.745656 -0.638724 -0.189812 
-0.712308 0.608701 -0.349429 
0.962299 0.253481 0.0986326 
-0.831802 0.46496 0.303178 
0.453418 0.50687 -0.73314 
0.217356 -0.945133 -0.243886 
0.171896 -0.798716 -0.576633 
0.664681 0.554166 -0.501099 
0.784049 0.562943 -0.261462 
0.967579 -0.237116 0.0869843 
-0.808719 -0.55111 0.205553 
-0.818051 -0.1805 -0.546088 
-0.824277 0.565482 -0.0282453 
0.704212 -0.7045 0.0881192 
0.433147 0.00450403 -0.901312 
-0.70124 0.00929649 -0.712865 
0.831227 0.511706 0.217299 
-0.270411 -0.767161 0.581671 
0.965838 -0.179963 -0.186466 
-0.671486 -0.443038 0.59399 
-0.738326 0.550708 -0.389354 
0.979836 -0.0955312 0.175487 
-0.562769 0.575941 0.592944 
0.402334 -0.417478 -0.814763 
0.918407 0.36643 -0.149191 
-0.965303 0.176998 0.191994 
-0.916075 -0.392468 0.0823131 
-0.854906 -0.42369 -0.299368 
0.775515 0.359703 -0.518836 
-0.448324 -0.590317 -0.671217 
0.0841269 0.323026 -0.942644 
-0.188243 -0.982002 0.01536 
0.67414 0.578966 -0.458621 
0.142194 0.115597 -0.983066 
-0.288453 0.811574 0.508077 
-0.132267 0.958277 -0.253396 
-0.813421 -0.262676 0.518987 
-0.836062 -0.237278 0.494671 
-0.337711 -0.832073 0.440007 
0.568849 -0.821684 -0.0352882 
-0.203462 -0.651293 -0.731041 
-0.367516 -0.920584 0.132124 
0.977506 0.12451 -0.170231 
0.129904 0.941003 0.31247 
-0.31779 0.469784 -0.823597 
0.704421 0.707978 -0.0505669 
-0.244659 -0.218906 -0.944575 
-0.501228 0.859427 -0.100769 
-0.377772 0.318364 -0.869444 
-0.982566 0.0711862 0.171748 
-0.631533 0.76761 0.109276 
-0.439765 -0.691416 -0.573193 
0.899163 -0.190834 0.393811 
-0.853891 -0.196 0.482135 
0.735874 -0.592523 0.327729 
0.171046 -0.327151 -0.929363 
0.860825 -0.0681096 -0.504323 
0.916183 0.364331 0.166947 
0.248733 -0.33215 -0.90984 
0.672092 -0.738938 0.0475783 
-0.48702 0.715116 0.501419 
0.725088 -0.0884888 -0.682947 
-0.184452 -0.684672 -0.705125 
-0.607681 0.494192 -0.62169 
-0.892471 -0.0320418 -0.449966 
-0.567846 0.815186 0.11412 
-0.884516 -0.12007 -0.450794 
0.340276 0.826248 0.448917 
0.744785 -0.367795 -0.556797 
-0.235939 0.962699 0.13245 
0.613241 -0.588123 -0.527302 
-0.247448 -0.863367 0.439735 
0.303655 0.939351 0.159415 
-0.283753 0.787201 0.547538 
0.662988 -0.497048 -0.559812 
0.517884 -0.584327 -0.624787 
0.720462 0.213966 -0.659661 
0.618127 0.529424 -0.581059 
0.428148 -0.891034 -0.150826 
-0.403365 -0.914781 -0.0217456 
0.870347 -0.325976 0.369101 
-0.0375782 -0.977005 0.209879 
-0.893527 -0.000352857 -0.449009 
-0.802124 -0.36109 -0.475616 
0.812223 -0.297412 -0.501837 
0.309055 -0.710479 -0.632222 
-0.730369 0.52983 -0.431094 
0.282825 0.940783 0.186913 
0.316696 0.548348 -0.773963 
0.522083 -0.22859 -0.821691 
-0.209895 0.320786 -0.923602 
-0.404514 0.891737 -0.202912 
0.789298 0.293385 -0.539383 
0.645771 -0.498952 -0.57795 
-0.111511 0.990601 -0.0792183 
-0.230007 0.923083 -0.308244 
-0.635035 0.674435 0.376653 
-0.436369 0.842852 -0.314933 
0.627563 -0.47124 -0.619757 
0.588811 -0.662764 -0.462651 
0.733024 -0.670714 -0.113214 
0.102664 0.0217699 -0.994478 
0.618607 -0.69977 0.357278 
-0.767663 0.490948 -0.411902 
-0.596004 -0.731365 0.331489 
0.524238 0.836962 -0.157064 
-0.494407 -0.108347 -0.862452 
-0.961833 -0.17665 -0.208976 
0.659745 0.658749 0.361645 
0.0798184 -0.820667 -0.565804 
0.672447 0.574101 -0.467143 
-0.971766 -0.0824946 -0.221055 
-0.585228 0.781143 0.217538 
0.259754 -0.913086 -0.314327 
-0.916794 -0.384315 -0.108586 
0.451375 -0.885799 -0.107802 
0.765583 0.642498 0.0328524 
0.5578 0.795814 -0.235665 
-0.453863 0.66146 -0.597058 
-0.278008 0.859327 -0.429264 
-0.498139 -0.0662116 -0.864565 
0.158581 0.960035 0.23062 
0.524298 0.564266 -0.637743 
-0.277289 0.686841 -0.671833 
-0.992064 -0.0301241 0.122076 
-0.673866 0.543088 -0.50096 
0.888456 0.267802 -0.372731 
0.0186873 -0.0711357 -0.997292 
-0.767437 0.38607 0.511851 
0.2135 0.905498 -0.36673 
-0.297304 0.100618 -0.949467 
0.751794 -0.532389 -0.38906 
-0.524173 0.263011 -0.80998 
-0.490686 -0.393679 -0.777332 
0.778264 -0.380445 -0.499567 
-0.0297225 -0.868669 -0.494501 
0.340321 0.712046 -0.614144 
-0.964483 0.133024 -0.228203 
0.313048 0.753549 -0.57807 
-0.81659 0.387597 -0.427726 
-0.904701 0.399003 0.149375 
-0.514986 0.789342 -0.33426 
-0.119245 0.0516109 -0.991523 
0.915755 0.352279 -0.193115 
0.664956 -0.671045 0.327921 
-0.969365 0.0203511 -0.244781 
-0.553854 0.821711 0.134299 
-0.532938 0.840827 0.0947973 
-0.178335 -0.933596 -0.310797 
0.34792 0.932496 -0.0969648 
-0.524224 0.307488 -0.794129 
-0.617848 0.645858 -0.448477 
-0.0350683 -0.209401 -0.977201 
0.269961 -0.934882 -0.230471 
-0.380701 -0.89714 0.224069 
0.816448 -0.306794 0.489172 
-0.586059 0.798883 0.135352 
-0.699496 -0.543197 0.464373 
-0.411236 -0.32667 -0.850983 
-0.644741 -0.524012 -0.556525 
0.374866 -0.538273 -0.75481 
-0.295108 0.803492 0.517021 
-0.747918 -0.50895 -0.426131 
-0.786922 -0.43195 0.440651 
-0.806377 0.473952 0.353731 
0.865101 -0.443356 -0.234597 
0.893146 -0.29631 0.338364 
0.11641 -0.725418 -0.678393 
0.400904 -0.913505 -0.0691736 
-0.292705 -0.916069 -0.274119 
-0.66594 0.709284 -0.231171 
0.575239 -0.699539 -0.423964 
0.00602816 0.229816 -0.973215 
0.908212 0.365824 -0.203283 
-0.964212 0.174139 0.199927 
-0.960358 0.127139 -0.248088 
0.0555748 0.196665 -0.978895 
0.68362 0.30635 -0.66243 
0.694753 0.385956 -0.606924 
-0.506323 -0.506613 -0.69784 
-0.273525 0.911064 0.308458 
0.298806 -0.846913 0.439832 
-0.49102 0.54733 -0.677738 
-0.966583 -0.239136 -0.0923708 
0.589853 -0.489571 -0.642179 
0.307855 -0.612649 -0.727933 
0.409556 -0.710917 0.571717 
0.881746 0.170206 0.439947 
-0.76706 0.160952 -0.621058 
0.317267 -0.920457 0.228254 
0.607797 -0.506902 -0.611256 
-0.270383 -0.94359 0.191131 
-0.193954 -0.898306 0.394244 
-0.00383141 -0.973226 -0.22982 
0.171812 -0.847031 -0.503011 
0.947689 -0.19416 -0.253355 
0.131473 -0.773015 -0.620615 
-0.0238961 -0.678073 -0.734606 
0.810512 -0.32314 0.488519 
-0.496396 -0.444074 -0.745915 
-0.791946 -0.575622 0.203667 
0.0506715 0.982688 -0.178204 
-0.00474797 0.158522 -0.987344 
-0.538964 0.446511 -0.714245 
-0.431727 -0.884936 -0.174641 
-0.438014 -0.786451 0.435475 
0.258459 0.627881 -0.734142 
0.699004 -0.455628 -0.551178 
-0.330072 0.943504 0.0291852 
0.877889 -0.385012 0.284738 
-0.77626 -0.477715 -0.41135 
-0.047946 0.914297 -0.402197 
0.251048 -0.923819 0.28902 
0.624861 -0.031535 -0.780099 
-0.412839 0.90884 0.0597876 
0.233369 0.896173 -0.377376 
-0.835916 0.228707 -0.498937 
0.798318 0.552951 -0.238609 
-0.52787 -0.58878 -0.61212 
0.761704 -0.475985 -0.439597 
-0.582948 0.810351 0.0591861 
0.716057 0.0788586 -0.693573 
-0.0116152 -0.973819 -0.227027 
0.994324 -0.0101215 -0.105911 
0.639692 -0.225107 -0.734929 
0.542474 -0.839884 -0.0177828 
-0.350138 0.766679 0.538151 
0.275953 0.17356 -0.945371 
0.850184 0.203189 0.485697 
0.772872 0.399113 0.493333 
0.121022 -0.985971 -0.114957 
0.012771 0.988678 -0.149507 
-0.0203226 0.998359 0.053539 
0.935619 -0.106215 -0.336653 
-0.73583 -0.101499 -0.669517 
0.874659 -0.443296 0.196113 
-0.610202 -0.59911 -0.518383 
-0.315724 0.387051 -0.86632 
0.586041 -0.804536 -0.09632 
0.3008 0.952306 -0.051318 
0.0809967 0.884386 0.459675 
-0.0604751 -0.998045 -0.0157796 
-0.55002 0.793623 0.26008 
-0.135787 0.954046 0.267131 
-0.650703 0.672672 -0.352276 
0.721245 -0.522791 0.454418 
0.541544 -0.840613 -0.0100456 
-0.359342 -0.229654 -0.904507 
-0.992623 -0.105908 -0.0590091 
-0.774274 -0.173794 -0.608519 
-0.908819 0.403894 0.104489 
-0.982111 0.11917 0.145794 
-0.483431 0.400013 -0.778642 
-0.939998 0.332418 0.0768294 
0.439254 0.650246 -0.619868 
-0.831855 -0.0835854 -0.548662 
0.547208 0.56075 -0.621387 
0.0666283 0.321187 -0.944669 
0.944401 0.318318 0.0823384 
0.93709 0.0414615 0.346616 
0.926061 0.251479 0.281369 
0.893677 -0.299333 0.334278 
-0.375664 0.775447 -0.507502 
-0.981328 0.12797 -0.143596 
0.643764 -0.386692 -0.660331 
0.67096 0.731641 0.120476 
0.145876 0.970115 0.193901 
-0.098967 -0.490154 -0.865999 
0.509096 0.858291 0.0644793 
-0.149561 0.988248 0.0315946 
-0.0767634 0.617144 -0.783097 
-0.101578 -0.814691 -0.570929 
0.306609 -0.285297 -0.908073 
-0.217715 0.0918555 -0.97168 
0.385886 -0.183863 -0.904039 
0.376388 0.223853 -0.899012 
0.73955 -0.617843 -0.26709 
0.744251 -0.507889 0.43375 
0.864074 0.207131 -0.458772 
0.824207 0.120036 -0.553421 
-0.414828 -0.725687 -0.548905 
-0.753606 0.633811 -0.174246 
0.223886 0.96218 -0.155193 
-0.480102 -0.704535 -0.522621 
-0.95038 0.309615 0.0302787 
0.75192 -0.454343 0.477691 
0.716483 -0.588011 -0.37536 
-0.711942 -0.676286 0.189145 
-0.909537 -0.363554 0.201423 
-0.441558 -0.0717731 -0.894357 
-0.00198944 0.408066 -0.91295 
0.924876 0.238436 -0.296231 
-0.991231 0.132137 0.00104396 
-0.788561 -0.0694392 -0.611024 
0.149467 0.972596 0.178092 
0.910583 -0.34229 0.231682 
-0.520578 0.636473 0.569123 
-0.484721 0.854401 -0.187204 
0.910643 0.175896 -0.373886 
0.520022 0.360215 -0.774482 
0.419848 -0.905179 -0.0661745 
0.486369 -0.858583 -0.162115 
0.648564 0.417502 -0.636441 
-0.0488042 -0.886469 -0.460208 
0.393554 0.664667 -0.635085 
0.51925 -0.620196 0.587994 
-0.862239 0.23918 0.446471 
0.479578 -0.777626 -0.406575 
0.209431 -0.642438 -0.737165 
-0.0984325 -0.910745 0.401067 
-0.676317 -0.61698 -0.402406 
-0.573178 -0.515841 -0.636691 
-0.1244 0.818557 -0.560793 
0.147793 0.954608 0.258613 
-0.71459 0.332474 -0.615485 
-0.916504 -0.0623893 0.39513 
0.618293 -0.766793 0.17246 
0.457707 -0.101451 -0.883296 
-0.722166 0.363024 0.588804 
-0.618459 0.610941 0.494226 
0.0441155 -0.970639 0.236463 
0.23549 0.343671 -0.909085 
-0.308895 0.797359 -0.518461 
0.510119 -0.725332 0.462247 
-0.328116 -0.300172 -0.895677 
0.464808 0.67965 0.567476 
0.242052 -0.843002 -0.480373 
-0.932146 0.339181 -0.126728 
-0.645547 -0.142653 -0.75028 
-0.606067 -0.388929 -0.693842 
0.0575101 -0.847371 0.527877 
0.402554 0.445819 -0.799497 
-0.690324 -0.668732 -0.276135 
-0.662673 -0.537351 -0.521649 
0.0324114 0.993571 0.108476 
0.463071 -0.287066 -0.838545 
0.779665 0.416914 -0.467231 
0.534469 0.81596 0.220346 
0.912975 -0.0329586 -0.406681 
-0.875546 0.130089 -0.465291 
0.731002 0.243868 -0.63731 
0.0304847 0.855213 0.517379 
0.490578 -0.826018 -0.277538 
0.5086 -0.687901 -0.517802 
0.375264 -0.818101 -0.435761 
0.909155 -0.362687 0.204684 
0.409858 -0.742289 0.530116 
-0.122158 0.673924 -0.728631 
0.330772 -0.0477646 -0.942501 
0.0765088 0.939147 0.334887 
0.874375 0.374944 -0.308034 
-0.66549 -0.682801 0.301507 
0.993992 0.0896069 -0.0628608 
-0.159291 -0.790985 -0.590736 
-0.250099 0.87869 0.406638 
-0.903951 0.0474313 0.424999 
-0.293384 -0.912058 0.286488 
-0.500371 -0.656416 0.564577 
0.368995 -0.0116053 -0.929359 
-0.470387 -0.0991605 -0.876871 
-0.864384 0.264212 0.427823 
0.307148 -0.739199 -0.599371 
0.936955 0.275445 0.21505 
-0.234045 -0.926692 0.294049 
-0.880983 0.341775 -0.327199 
-0.0306469 0.986101 -0.163297 
0.855502 -0.0939158 0.509212 
-0.963579 0.180623 -0.197209 
-0.208376 0.923975 0.320703 
0.421887 -0.715138 -0.557305 
-0.48257 0.380625 -0.788828 
-0.822511 -0.266539 -0.502426 
-0.154059 -0.803568 0.57493 
0.611288 -0.578669 -0.539879 
0.640675 -0.720738 -0.264711 
-0.762752 0.424564 -0.487806 
0.909011 -0.105121 0.403297 
0.732131 0.405943 0.546987 
0.575355 -0.626739 0.525514 
-0.316161 0.107748 -0.942567 
-0.780252 -0.367652 -0.506002 
0.160583 0.787741 0.594708 
-0.971 -0.0668151 -0.229553 
-0.195005 -0.868284 -0.456132 
-0.739779 -0.652925 -0.162532 
-0.357412 0.89573 0.264433 
0.106219 0.868987 0.4833 
0.190287 -0.980075 -0.0569616 
0.485148 -0.864143 0.133749 
-0.903653 0.302042 -0.303615 
0.25312 -0.804795 0.536876 
0.8993 -0.172756 0.401765 
-0.960988 -0.263227 -0.0849378 
0.63925 0.763787 0.0893842 
-0.822255 -0.562355 0.0874851 
-0.37325 0.724363 0.57964 
-0.748072 0.54543 -0.378013 
-0.32203 0.819756 -0.473599 
0.221402 0.973222 -0.0618155 
0.527837 -0.144233 -0.837009 
0.768365 -0.252334 0.588169 
0.400707 0.914984 -0.0473152 
0.0216453 -0.666832 -0.744894 
0.498648 -0.44337 -0.744831 
0.577868 0.79434 -0.187331 
0.394117 0.861297 0.320686 
0.474147 0.841918 0.257601 
0.857803 0.513872 -0.0104671 
0.0576145 0.957772 0.281698 
0.871546 -0.489722 -0.0240716 
-0.239691 -0.223928 -0.944671 
-0.62488 0.780664 -0.00938906 
0.783041 0.190378 -0.592117 
0.0597128 0.997476 -0.0384261 
0.839636 0.51027 -0.186106 
-0.917843 0.23689 0.318509 
0.166789 0.939745 -0.298431 
0.794303 0.602198 0.0802549 
0.571237 0.478764 -0.666688 
-0.932443 0.140201 -0.333006 
0.710597 0.378535 0.593097 
-0.0619272 -0.800922 -0.595557 
0.228259 -0.164216 -0.959651 
0.981507 0.0933866 -0.167104 
-0.978393 0.0933514 0.18448 
0.845696 -0.360181 -0.393787 
0.390963 -0.51189 -0.764929 
-0.474517 -0.791765 0.384633 
0.232951 -0.899157 0.370473 
-0.714895 -0.421329 -0.558039 
0.420442 -0.739752 -0.525353 
-0.252542 0.962763 0.0964911 
0.459533 -0.740739 -0.490036 
0.976187 0.176415 -0.126244 
-0.357093 0.833251 0.42211 
-0.5969 0.584824 0.549264 
0.644132 0.699277 -0.310009 
-0.663236 -0.475358 -0.57806 
-0.546347 0.835636 -0.0567234 
0.901553 -0.150869 0.405514 
0.397007 -0.222385 -0.890467 
-0.360898 -0.0518289 -0.931164 
-0.246956 0.351182 -0.903152 
-0.34103 0.546638 -0.764778 
0.0791477 0.942275 0.325351 
-0.527887 0.787293 0.318598 
-0.801035 0.597847 -0.0303513 
-0.932676 0.359352 0.0313168 
-0.958652 0.0214581 0.283772 
-0.754525 -0.407095 0.514748 
0.375278 0.303051 -0.875972 
0.953054 0.17274 -0.248695 
-0.300492 0.92776 0.221284 
0.938397 -0.334821 0.0854703 
0.888594 0.342376 -0.305254 
-0.117258 -0.143498 -0.982679 
0.207474 0.767696 -0.606298 
-0.0225788 0.983468 -0.17967 
0.851941 0.515885 0.0897695 
-0.23076 -0.504771 -0.831839 
-0.416955 0.830824 -0.368618 
0.47287 -0.709371 -0.522673 
-0.243162 -0.854114 0.45974 
0.970736 -0.209017 -0.118252 
0.666822 0.732391 -0.137669 
-0.185752 -0.831279 0.5239 
-0.787446 -0.585249 0.193422 
0.940136 0.126697 0.316375 
0.3505 -0.724421 -0.593602 
0.735892 -0.624403 0.261887 
0.693492 0.702558 -0.159627 
-0.091644 -0.990158 -0.105777 
0.714725 0.327365 -0.618062 
0.438327 0.631104 -0.639983 
0.0283552 0.31389 -0.949036 
-0.413024 0.705571 0.575831 
-0.353775 0.48261 -0.801206 
0.179466 -0.418397 -0.890357 
-0.893392 -0.443742 0.0703165 
-0.520367 0.0455747 -0.852726 
-0.464007 0.753099 0.466412 
-0.824676 -0.492632 -0.27789 
0.424459 -0.864099 -0.270495 
-0.500288 0.844417 0.1915 
0.790175 -0.543127 -0.283965 
0.990352 -0.00926612 -0.138264 
0.110893 0.122813 -0.986215 
-0.580977 0.200826 -0.788755 
-0.497708 0.86545 -0.057305 
0.244531 0.141087 -0.959322 
-0.802699 -0.40782 0.435153 
0.846657 -0.440068 0.299185 
0.149553 -0.825669 -0.543971 
0.211058 0.610103 -0.763694 
-0.155175 0.967186 -0.201178 
-0.898485 0.385564 -0.209918 
0.599264 0.761793 -0.246078 
-0.756491 0.647419 0.0925741 
-0.964668 -0.258026 0.0532728 
-0.571373 0.808867 -0.138803 
0.884554 0.164036 -0.436643 
0.176748 -0.789875 0.587246 
0.459209 0.62463 -0.631636 
-0.906002 0.311303 0.286793 
-0.0557239 0.87682 0.47758 
0.76846 -0.532322 -0.35511 
-0.905409 -0.00377092 0.424523 
0.791132 -0.200669 0.577791 
0.985213 -0.0703471 -0.156225 
0.75796 0.63313 0.156982 
0.17166 -0.252661 -0.952206 
-0.682695 0.691796 0.235259 
0.463514 -0.691398 -0.554187 
0.41761 0.795743 0.438628 
0.913048 -0.387419 0.127479 
-0.73254 0.353243 -0.581898 
-0.194543 0.543593 -0.816493 
-0.695402 -0.7141 0.0804777 
0.436445 -0.0296867 -0.899241 
0.192895 0.325995 -0.925483 
0.260264 0.862692 0.433619 
-0.362285 -0.0820101 -0.928452 
-0.0475351 -0.854213 0.517745 
0.0181692 -0.749554 -0.661694 
-0.916414 0.257871 0.306084 
-0.376015 -0.924872 -0.0567778 
0.720615 0.0311743 -0.692635 
-0.728836 0.0377442 -0.683647 
-0.943505 0.271079 -0.190561 
0.0722692 -0.508521 -0.858011 
0.0556106 -0.359456 -0.931504 
-0.333838 -0.859645 -0.386734 
-0.130613 -0.11527 -0.98471 
0.183771 -0.113014 -0.976451 
-0.346478 -0.931535 -0.110429 
-0.0586412 0.451443 -0.890371 
-0.979736 0.133988 -0.148877 
0.667864 -0.607049 0.430638 
0.0415747 -0.853217 -0.519896 
-0.83517 0.289502 -0.467632 
0.805108 -0.575334 0.144193 
-0.497394 0.79629 -0.344269 
-0.418906 -0.236023 -0.876819 
-0.751194 0.0617737 -0.657185 
0.806234 -0.566691 0.169847 
0.449181 -0.362534 -0.816581 
-0.849299 0.430342 0.305773 
0.920704 -0.0113835 0.390095 
0.0973323 0.965542 0.241361 
-0.699185 0.516004 0.494854 
0.204373 0.978343 -0.0328244 
0.785841 -0.532625 0.314267 
-0.888743 0.101734 -0.446975 
-0.273722 0.953185 -0.128512 
0.715508 0.69857 0.00697499 
0.260073 -0.961511 -0.0886506 
0.599526 -0.376014 -0.706528 
-0.781477 -0.453137 0.428907 
-0.927483 0.0839987 -0.364306 
0.0288581 0.219799 -0.975118 
-0.205226 -0.959601 0.192478 
0.507951 -0.126385 -0.852064 
0.429213 0.903187 0.00544504 
-0.299517 -0.892094 0.338317 
0.173772 0.343876 -0.922796 
0.924174 -0.0223193 -0.381319 
0.294178 0.941941 0.161884 
0.754201 -0.222361 -0.617848 
-0.0429295 -0.862054 -0.504996 
0.567075 0.821183 -0.0639066 
-0.309117 0.893335 -0.326189 
0.0326319 0.726081 -0.686835 
-0.103737 -0.653068 -0.750161 
-0.905555 0.375158 -0.198055 
-0.0111241 0.298137 -0.954458 
0.224226 0.472845 -0.852138 
-0.231611 0.533968 -0.813163 
-0.294275 0.949664 -0.10743 
0.502163 -0.787643 -0.357002 
-0.825167 0.469897 -0.313522 
-0.157842 0.97289 -0.169031 
0.938874 0.044339 0.341394 
-0.255033 0.933851 -0.25076 
0.576478 0.277793 -0.768442 
-0.824445 0.551051 0.128971 
0.157078 -0.958039 0.239765 
-0.903096 -0.125673 -0.410639 
-0.308604 0.104303 -0.945455 
0.859265 -0.318863 -0.399986 
-0.643582 -0.537805 -0.54458 
0.30953 0.932549 0.185857 
0.766754 -0.376485 0.519949 
0.709926 0.606983 0.357177 
-0.882382 0.387318 0.267184 
0.84762 0.381491 -0.368788 
-0.605322 0.793317 -0.0650607 
0.0544807 -0.918595 -0.391427 
-0.401848 0.507998 -0.761877 
0.640105 0.766796 0.0478395 
0.568489 -0.815435 -0.109019 
0.0382127 -0.990759 0.13014 
-0.0398304 0.544097 -0.838076 
0.555524 0.644724 -0.525094 
0.763374 -0.64583 0.0128084 
-0.474367 0.880327 -0.000995641 
-0.848198 0.519966 -0.100972 
0.988772 0.132018 0.0700108 
-0.0739465 -0.483281 -0.872337 
-0.289238 -0.319987 -0.902191 
0.821668 0.189375 0.537587 
-0.151388 0.369953 -0.916633 
-0.174099 0.786865 0.592059 
-0.803581 -0.378493 0.459348 
0.0419874 -0.99862 -0.0315403 
-0.774348 -0.194584 -0.602098 
0.225723 0.945581 0.234364 
-0.284794 -0.941413 0.180648 
-0.93232 -0.109667 0.344604 
0.458693 0.704246 0.541884 
0.26143 -0.86888 0.420359 
-0.0935536 -0.86912 -0.485672 
0.757993 -0.155674 -0.633413 
0.962317 0.262769 0.0699856 
-0.905624 -0.270807 0.326358 
-0.99559 -0.0927997 0.013742 
0.653335 0.745253 -0.133236 
-0.195926 -0.768257 -0.609421 
0.422191 -0.854217 -0.303426 
0.660906 0.557162 -0.502766 
0.375239 -0.629854 -0.680058 
0.274608 -0.96131 0.0217724 
-0.460425 -0.880473 -0.11303 
-0.62835 0.75587 0.183949 
0.784407 -0.289841 0.54836 
-0.280469 -0.856372 -0.433549 
-0.575667 -0.556532 0.599066 
0.334416 0.929496 0.155574 
-0.709704 0.635727 0.303598 
-0.175108 0.570177 -0.802643 
-0.49898 -0.207153 -0.841491 
-0.793096 0.0870709 -0.602842 
-0.883282 0.153825 0.442889 
0.340626 0.123449 -0.932059 
-0.830404 -0.151481 -0.536174 
-0.797591 0.146053 0.58525 
0.558348 -0.261135 -0.787436 
0.695971 0.121644 -0.707692 
-0.065513 -0.997744 -0.0146613 
0.432171 -0.713321 0.551727 
0.847414 0.299059 -0.438695 
0.727843 0.287478 -0.622577 
-0.518617 -0.557721 -0.648062 
-0.567551 0.70506 0.425178 
-0.784084 0.605128 0.137959 
0.838868 0.514155 0.178734 
-0.0149253 0.967951 -0.250695 
0.969362 -0.0286154 -0.243963 
-0.816419 -0.572507 -0.0754629 
0.778238 -0.524369 -0.345518 
0.898651 0.187632 0.396511 
-0.594476 0.677049 0.433823 
0.527968 -0.652954 -0.543048 
-0.365416 -0.883073 0.29437 
0.874264 0.0228424 0.484913 
-0.506611 -0.50437 -0.699254 
-0.934234 -0.136129 -0.329661 
0.159002 -0.572576 -0.804285 
0.346913 -0.769036 0.536875 
-0.031435 -0.621762 -0.782575 
0.442789 0.735676 0.512561 
-0.946826 0.309772 -0.0869641 
0.108919 -0.992821 0.049429 
-0.308361 0.322332 -0.894995 
0.0751151 -0.494637 -0.865848 
0.268425 -0.756511 0.596355 
-0.948159 -0.106112 0.299557 
-0.893228 -0.429637 0.132498 
0.41476 -0.29359 -0.861266 
-0.0138247 0.976689 -0.214215 
0.387944 -0.807407 0.444515 
0.716751 -0.595507 0.362821 
-0.0255126 0.78007 -0.625172 
0.702357 -0.504149 -0.502522 
-0.88274 0.206588 0.422009 
-0.11347 0.196236 -0.973969 
-0.767171 0.606653 0.208376 
0.956605 -0.21347 0.198338 
0.693967 -0.6614 0.284535 
0.478674 -0.534213 -0.696769 
0.14645 0.870091 -0.470632 
0.226306 0.969104 -0.0980989 
0.858409 -0.511201 -0.0425141 
-0.000631193 -0.966652 -0.256091 
0.54863 -0.835517 0.0302748 
-0.288457 0.8074 -0.514683 
0.0111591 -0.892404 0.4511 
-0.184772 0.354016 -0.916805 
-0.277593 -0.367879 -0.887472 
0.040087 0.280023 -0.959156 
-0.566949 0.823189 -0.0304842 
-0.374331 -0.240212 -0.895642 
0.987109 -0.0868618 -0.134427 
0.400483 0.629377 -0.665957 
-0.619283 -0.765238 0.175786 
-0.613919 -0.311183 -0.725444 
0.740615 -0.565185 0.363395 
0.145925 0.979753 -0.137079 
0.825221 -0.265692 0.498415 
-0.830648 -0.464973 -0.306307 
0.494734 -0.500419 -0.710506 
-0.7736 0.137452 -0.618587 
0.537888 -0.478989 -0.693719 
-0.826125 0.0340621 0.562456 
0.746459 0.636411 0.19437 
0.651654 -0.7484 0.123467 
0.501657 0.834116 -0.229325 
0.331995 0.925469 -0.182445 
-0.191278 0.870433 -0.453608 
0.213094 0.80617 -0.55198 
0.355166 0.69587 -0.624197 
-0.00272953 0.85852 0.512773 
-0.981318 0.00869944 -0.192195 
0.688767 0.547646 0.475062 
0.763772 -0.503247 -0.404221 
0.263937 -0.135133 -0.955027 
0.237544 -0.859278 -0.453006 
0.176561 0.578227 -0.796543 
0.167607 -0.957951 -0.232889 
0.113707 0.092204 -0.989227 
-0.118199 -0.871725 -0.475525 
-0.593476 -0.804775 0.0111155 
-0.757968 -0.539506 -0.366629 
-0.307122 0.922061 -0.235541 
0.589242 -0.67593 0.442621 
-0.962833 0.0351089 -0.267804 
-0.481504 0.185384 -0.856613 
0.69964 0.0405727 -0.713343 
-0.816336 -0.427778 -0.388075 
-0.508884 0.838288 -0.195732 
0.7985 -0.43096 -0.420322 
-0.735828 0.482458 0.475176 
0.162597 0.557022 -0.814425 
0.237116 0.293279 -0.926155 
-0.995432 -0.0926281 -0.0231149 
0.0521775 -0.819298 0.570988 
0.232472 0.298274 -0.925737 
0.0431081 0.937124 0.346323 
-0.551138 -0.723443 -0.415785 
0.397234 -0.815951 0.420034 
-0.687496 -0.432844 0.583091 
-0.983961 -0.144143 0.105088 
-0.881268 -0.0495662 -0.47001 
-0.820508 0.567817 -0.0659629 
0.846773 -0.496127 0.19192 
0.437002 -0.897832 -0.0541032 
0.791973 0.496962 0.354693 
0.794319 0.278691 -0.539805 
0.326262 0.878242 -0.349635 
0.788956 0.241218 0.565122 
0.0648457 -0.706338 -0.704898 
0.16566 -0.950062 0.264459 
0.162849 0.960585 -0.225293 
-0.394689 -0.713623 -0.57876 
0.967612 0.252151 0.012119 
0.209064 0.910028 -0.357969 
0.698018 -0.33245 -0.63423 
-0.569747 -0.68021 -0.461198 
-0.905694 0.423915 0.00381117 
0.355869 -0.925227 0.131577 
-0.363926 0.907455 -0.209959 
-0.471188 0.830693 0.296532 
0.0571527 0.160279 -0.985416 
-0.520663 -0.816632 0.249044 
-0.401931 0.41953 -0.813908 
-0.546162 -0.834545 0.0724009 
-0.108021 0.132995 -0.985213 
-0.825772 0.0915845 -0.556519 
-0.0703548 0.875744 0.477622 
0.760531 0.549971 -0.345143 
0.156263 -0.98404 -0.0851252 
-0.846421 0.522569 0.102434 
0.701691 0.383739 -0.600311 
0.79856 -0.382245 0.464963 
-0.918021 -0.353935 0.178796 
-0.903666 0.351849 0.244112 
-0.77951 0.586819 0.219107 
-0.289402 -0.947939 0.13288 
-0.990123 0.029898 -0.136978 
-0.0510412 -0.931957 0.358959 
-0.525577 -0.850416 0.0236816 
0.625699 0.4581 -0.631383 
-0.133586 -0.976472 -0.169286 
0.71747 -0.527704 -0.454715 
-0.215745 0.968535 0.124074 
-0.634922 0.399294 -0.661391 
0.428002 -0.485423 -0.762351 
-0.69893 -0.63597 -0.327167 
0.101315 -0.698982 -0.707926 
0.106964 -0.843736 -0.525992 
-0.452816 -0.8912 0.0268293 
-0.670416 0.534825 0.5143 
-0.829149 0.147568 0.539199 
-0.525466 -0.651283 -0.547463 
-0.825822 0.507391 0.246114 
0.330855 0.0544053 -0.942112 
0.23815 -0.5449 -0.80397 
0.6588 0.297338 -0.691066 
-0.647148 0.717102 0.258775 
0.328759 0.840725 -0.430231 
0.510089 -0.808883 -0.292434 
0.349419 0.50717 -0.787835 
-0.0423657 -0.127928 -0.990878 
0.0232278 -0.999508 -0.0210531 
-0.365588 0.893903 0.259389 
0.0714586 -0.806916 -0.586328 
0.877285 0.413644 0.243453 
-0.316974 -0.920204 -0.229677 
-0.759548 -0.579343 0.295717 
0.580532 -0.731229 0.358172 
0.140537 -0.829286 0.540864 
0.40274 0.651025 -0.643402 
0.873534 -0.486651 0.0104097 
0.822218 0.489262 -0.290827 
-0.570746 0.818497 -0.0656675 
0.0699978 0.997431 -0.0151909 
0.490846 -0.844761 0.213189 
0.1175 0.813562 0.569483 
0.744012 -0.489721 -0.454554 
0.94099 -0.134166 0.310705 
0.408664 0.200276 -0.89044 
-0.387973 -0.921164 -0.0305641 
0.225226 0.877217 -0.423985 
0.867519 -0.367512 0.335181 
0.458255 -0.88711 -0.0551178 
0.0217392 0.8787 0.476879 
0.999119 -0.0132905 -0.0398126 
-0.634461 0.202242 -0.746028 
-0.486954 0.819074 0.303306 
0.388058 0.78582 -0.481558 
-0.890603 0.44414 0.0978073 
0.363676 0.926999 -0.0917223 
0.720913 -0.556608 0.412883 
0.0517866 -0.989339 -0.136111 
0.849104 0.412628 -0.329789 
0.27638 -0.902815 0.329452 
-0.0705842 0.878002 0.473424 
0.741549 0.0526326 -0.668831 
-0.306982 -0.193988 -0.931735 
-0.926206 -0.0988305 -0.363834 
0.720073 -0.665306 0.197138 
-0.65671 -0.0182932 -0.753921 
-0.468261 -0.291309 -0.834189 
-0.313451 -0.941167 0.126304 
0.446375 0.870751 -0.206258 
-0.845736 -0.531462 0.0477425 
0.0707086 -0.989121 -0.128994 
-0.913221 -0.300576 0.275102 
-0.3875 0.701605 -0.597992 
-0.137024 -0.898509 -0.417021 
0.456642 0.203306 -0.866109 
0.635425 -0.700945 0.3239 
-0.94643 0.168477 0.275475 
0.722358 0.673927 0.154987 
0.885387 -0.330139 -0.327258 
0.88138 0.397022 0.256013 
0.159504 0.974932 -0.155131 
-0.264186 -0.5829 -0.768396 
0.153344 0.785478 0.599591 
0.66252 0.642241 0.385478 
-0.817724 -0.406903 0.407133 
0.550182 0.811673 0.196182 
-0.976452 0.0776628 0.201269 
-0.360721 0.19492 -0.912078 
0.126427 0.974876 0.183394 
0.994028 -0.0290498 0.105186 
-0.657623 0.752144 0.0425483 
-0.742225 0.0605059 -0.667413 
-0.899109 0.435694 -0.0421252 
-0.900351 0.0926146 -0.425196 
-0.891896 -0.25976 -0.370197 
-0.332491 0.76596 -0.550231 
-0.372444 -0.51465 -0.772283 
0.770891 -0.282219 0.571034 
0.387706 -0.851523 0.352976 
0.482851 0.849446 -0.21283 
-0.954516 0.298145 -0.00283197 
0.556764 -0.823167 -0.111403 
-0.870199 -0.492637 0.00794501 
0.864997 -0.302264 -0.40052 
0.807789 0.527295 0.263509 
0.929707 -0.321627 -0.179446 
-0.988261 0.151501 -0.0196924 
0.129886 0.753346 -0.64467 
0.564608 0.45555 -0.688253 
-0.780727 -0.437175 -0.446479 
-0.386563 0.848248 -0.361999 
-0.924174 0.303134 -0.232405 
0.274178 0.917554 0.287961 
-0.628381 0.576243 -0.522571 
-0.470933 0.0437522 -0.881083 
0.102132 0.238238 -0.965822 
0.304078 0.844463 0.44093 
-0.430676 0.846193 0.313807 
-0.350095 0.928209 0.125944 
0.847785 -0.460914 0.262333 
-0.796573 -0.524374 -0.300839 
0.753364 0.42451 -0.50223 
-0.206091 0.663146 -0.719558 
0.6872 0.499265 0.527722 
-0.359175 0.261372 -0.895923 
-0.0213028 0.521085 -0.853239 
0.107523 0.990967 0.0801495 
0.691024 0.0272315 -0.722319 
-0.230911 -0.937498 0.260341 
-0.363888 0.220426 -0.904985 
0.362037 -0.613786 -0.701567 
-0.37705 -0.905505 -0.194664 
-0.752397 -0.19199 -0.630109 
0.139566 -0.954018 -0.265275 
0.0491944 -0.968132 -0.245562 
-0.86835 -0.214345 -0.44724 
0.560959 0.657243 0.503346 
0.394767 0.243232 -0.886001 
0.315278 0.750281 0.5811 
-0.84392 0.0293192 0.535667 
0.854588 -0.513154 0.0797051 
0.866847 0.0465815 0.496394 
-0.622872 0.706452 0.336089 
0.239811 -0.189564 -0.952132 
-0.322173 -0.775411 0.543085 
0.867447 0.152962 0.473433 
0.951537 -0.305752 0.0330567 
0.427729 -0.9016 0.0645417 
0.177984 0.433028 -0.883634 
-0.90357 -0.377127 0.203316 
0.193974 0.932984 -0.303174 
0.251893 -0.906437 -0.339001 
-0.224296 -0.800178 -0.556243 
-0.202256 0.833298 0.514496 
-0.537205 0.841837 -0.0521556 
-0.795585 -0.0242602 -0.605357 
-0.600221 -0.347678 -0.720316 
-0.531727 0.69128 -0.489284 
-0.882822 -0.276428 -0.379753 
0.372742 -0.758424 -0.534655 
0.818188 0.574497 0.0228336 
-0.975497 0.168102 0.141939 
-0.375227 -0.856715 -0.353898 
-0.390297 -0.305094 -0.868669 
-0.5289 0.846775 0.0568871 
0.326414 0.676042 -0.660622 
-0.997815 -0.0543768 -0.0375339 
0.899889 0.293878 0.322235 
0.136505 0.975181 -0.174323 
-0.167344 -0.0631331 -0.983875 
0.370209 0.864135 -0.340905 
0.183198 0.807182 -0.561155 
-0.921816 -0.385667 0.0389391 
-0.534891 -0.717301 0.44651 
-0.872183 0.187503 0.451818 
-0.977512 0.176308 0.1157 
-0.189238 -0.302197 -0.934273 
0.28094 -0.190704 -0.940587 
-0.674143 -0.355391 -0.647478 
-0.158444 0.250792 -0.954986 
-0.547729 -0.680715 -0.486437 
-0.148099 -0.797574 -0.584758 
-0.0895042 0.986926 0.134037 
-0.63106 0.417389 -0.653873 
0.533396 -0.796946 -0.28349 
-0.411437 -0.60803 -0.678984 
-0.884428 0.155713 0.439933 
-0.465633 -0.667553 0.580998 
-0.824891 0.265855 0.498874 
-0.622789 -0.544039 0.562277 
-0.88129 0.0925011 -0.463434 
-0.982044 -0.167628 0.0865428 
-0.302918 -0.85678 0.417334 
0.530578 -0.811845 0.24371 
0.921429 -0.352651 0.163113 
-0.253378 0.933131 -0.25508 
0.0288987 0.702739 -0.710861 
0.063831 0.981021 -0.183093 
-0.301475 -0.95249 0.0433195 
0.0981024 -0.890115 0.445052 
-0.572464 -0.81452 0.0940337 
-0.250835 0.967069 0.0431093 
0.0510044 -0.995188 0.0836581 
0.621717 -0.730357 -0.282925 
-0.230994 -0.838932 -0.492783 
0.179759 0.801841 0.569858 
0.247108 0.344202 -0.905794 
0.634998 0.496108 -0.592161 
-0.913258 0.277448 0.2983 
-0.557081 0.397531 -0.72913 
0.766595 0.434701 0.472618 
-0.757753 -0.273866 0.592291 
0.36089 0.928893 -0.0831652 
-0.284638 -0.859899 0.423739 
0.564123 0.684243 0.462144 
-0.784163 0.426546 -0.450718 
-0.963453 -0.145508 0.224914 
0.0823423 0.985382 -0.149141 
-0.39788 0.821636 -0.408174 
-0.237594 0.362777 -0.901078 
0.644401 0.535455 -0.545926 
0.451346 -0.270429 -0.850385 
0.441255 -0.305334 -0.84384 
0.528421 -0.848964 -0.0056663 
0.124481 -0.698782 -0.70442 
0.945374 -0.242902 -0.217411 
0.324765 -0.827357 -0.458265 
-0.235745 0.339903 -0.910434 
-0.302156 0.524447 -0.796026 
-0.757478 0.181724 -0.627059 
-0.112276 0.87587 -0.469303 
0.657549 0.237937 -0.714853 
-0.928837 -0.292075 0.227936 
-0.0175941 0.504369 -0.863309 
-0.702193 0.329747 -0.631025 
0.781558 -0.324509 0.532786 
0.404554 -0.864726 0.297632 
0.958731 -0.034793 0.282177 
-0.313848 -0.764097 0.56361 
0.288511 -0.939554 0.18439 
0.9479 0.1504 -0.28083 
0.28712 0.655415 -0.698565 
-0.216539 -0.239918 -0.946335 
-0.553119 -0.0514294 -0.831513 
0.500334 -0.452198 -0.738365 
-0.282755 0.921972 -0.264607 
0.238499 -0.960636 0.142467 
0.029805 0.584329 -0.810969 
-0.677889 -0.0875581 -0.729931 
-0.72157 -0.471227 -0.50723 
0.911394 -0.273506 -0.3075 
-0.411344 -0.00178736 -0.911478 
-0.382158 0.157147 -0.910637 
0.92766 0.224665 0.298284 
0.835501 0.133632 0.532992 
-0.870473 -0.367619 -0.327311 
-0.95141 0.306362 -0.0310074 
0.238469 -0.42131 -0.875003 
0.759489 -0.500327 -0.415751 
0.225174 0.97427 -0.00974869 
0.251915 -0.746042 -0.616409 
-0.0204199 -0.405152 -0.914021 
0.943606 0.0215363 -0.330369 
0.989254 -0.0934754 -0.112426 
-0.982381 0.0372911 -0.183129 
0.94164 0.318548 0.108816 
-0.730117 -0.351175 0.586179 
0.0154193 -0.0656217 -0.997725 
-0.0825433 -0.623739 -0.777262 
-0.846205 0.52744 0.0757905 
-0.474057 -0.792575 -0.383531 
0.954773 0.106558 -0.277587 
-0.0695861 0.963275 0.259344 
-0.335664 0.805959 -0.487606 
0.807798 0.126844 0.575651 
0.119087 -0.0879963 -0.988977 
0.508139 -0.719565 0.473308 
0.329739 -0.853234 -0.404059 
-0.375954 0.549676 -0.746 
-0.666663 -0.705294 0.241084 
0.210669 -0.966285 -0.148024 
-0.0281492 -0.636149 -0.771052 
0.416763 0.893787 0.16569 
0.692531 0.691869 0.204248 
-0.0213797 -0.296233 -0.954876 
-0.843706 0.00680477 0.536763 
-0.292371 0.939154 -0.180304 
0.532453 -0.843539 -0.0702575 
0.730031 -0.289078 -0.619264 
-0.394755 0.513976 -0.761575 
-0.694797 -0.1281 -0.707705 
0.444068 -0.895115 -0.0396545 
0.181449 -0.983157 0.021857 
0.507706 -0.842297 -0.181026 
0.191615 0.462717 -0.86555 
-0.588472 0.783577 -0.199269 
0.130646 -0.706405 -0.695646 
-0.361585 -0.877774 -0.314274 
-0.214267 0.591757 -0.777119 
0.555436 -0.267165 -0.787473 
0.739024 0.621668 0.25956 
-0.569701 -0.817495 -0.0845106 
-0.0247716 0.83828 -0.544677 
-0.587836 0.780943 0.211132 
0.672569 -0.69794 0.246029 
0.610353 0.747488 0.262166 
-0.0557807 -0.594261 -0.802335 
-0.0371588 -0.717963 -0.695089 
0.321273 -0.907394 -0.270961 
-0.881937 -0.35104 0.314577 
0.929431 -0.0640149 -0.3634 
0.790173 0.26962 0.550392 
0.914322 0.351618 -0.200946 
0.191396 -0.861906 0.469559 
-0.496652 0.811456 -0.308021 
0.987122 0.0712054 -0.14325 
-0.584569 0.724241 0.365724 
0.893448 -0.0482142 0.446572 
-0.88353 0.313738 -0.347768 
0.287992 -0.382764 -0.877811 
-0.0882571 -0.876783 0.472717 
-0.0998488 0.801772 -0.589229 
-0.370596 -0.908986 -0.190795 
-0.759648 0.306177 -0.573752 
-0.201567 -0.976992 0.0696947 
-0.803331 -0.458745 -0.379753 
0.0800039 0.642361 -0.762215 
0.837068 0.284468 0.467329 
-0.785138 -0.377984 0.490597 
0.326219 -0.942957 0.066432 
-0.0106637 0.96246 -0.271214 
-0.613549 0.179021 -0.769096 
-0.46233 -0.441966 -0.768712 
-0.805864 -0.0572468 -0.589326 
0.845442 0.527331 -0.0845623 
